0.000000000000000000e+00 0.000000000000000000e+00
2.500000000000000000e+00 4.681116034566783935e-06
5.000000000000000000e+00 6.244697754147055901e-05
7.500000000000000000e+00 2.417265345655102344e-04
1.000000000000000000e+01 5.151156782995007857e-04
1.250000000000000000e+01 7.557227662341848380e-04
1.500000000000000000e+01 8.319670030286738542e-04
1.750000000000000000e+01 7.473217999305847804e-04
2.000000000000000000e+01 6.415034697324562473e-04
2.250000000000000000e+01 6.649985569064858571e-04
2.500000000000000000e+01 8.418348871924141155e-04
2.750000000000000000e+01 1.050171528547822830e-03
3.000000000000000000e+01 1.128788307335006329e-03
3.250000000000000000e+01 1.029368306239246975e-03
3.500000000000000000e+01 8.449780611211669653e-04
3.750000000000000000e+01 7.042224690113388884e-04
4.000000000000000000e+01 6.574243818821744146e-04
4.250000000000000000e+01 6.543869410427687397e-04
4.500000000000000000e+01 6.509021783536913771e-04
4.750000000000000000e+01 6.902048929839567793e-04
5.000000000000000000e+01 8.579333337596846713e-04
5.250000000000000000e+01 1.168233814333004099e-03
5.500000000000000000e+01 1.500353322191703065e-03
5.750000000000000000e+01 1.707228358151809729e-03
6.000000000000000000e+01 1.735759378214127898e-03
6.250000000000000000e+01 1.691992485199828034e-03
6.500000000000000000e+01 1.740482220680753629e-03
6.750000000000000000e+01 1.955264607914826078e-03
7.000000000000000000e+01 2.247214611527892543e-03
7.250000000000000000e+01 2.459910941301747533e-03
7.500000000000000000e+01 2.499994656544309111e-03
7.750000000000000000e+01 2.418801710384613484e-03
8.000000000000000000e+01 2.335571365478106374e-03
8.250000000000000000e+01 2.309601165780494902e-03
8.500000000000000000e+01 2.305337783794360329e-03
8.750000000000000000e+01 2.274457654089539604e-03
9.000000000000000000e+01 2.254789054926150532e-03
9.250000000000000000e+01 2.350869489495839484e-03
9.500000000000000000e+01 2.611937026401452144e-03
9.750000000000000000e+01 2.959730474322109627e-03
1.000000000000000000e+02 3.226401372902635688e-03
1.025000000000000000e+02 3.319858932139654276e-03
1.050000000000000000e+02 3.297140685665762502e-03
1.075000000000000000e+02 3.320645233264912267e-03
1.100000000000000000e+02 3.502989146347811663e-03
1.125000000000000000e+02 3.809590270554140141e-03
1.150000000000000000e+02 4.087107881401017689e-03
1.175000000000000000e+02 4.223083910015331191e-03
1.200000000000000000e+02 4.224632535872293454e-03
1.225000000000000000e+02 4.189270999903125722e-03
1.250000000000000000e+02 4.180433772659652297e-03
1.275000000000000000e+02 4.167393518544189497e-03
1.300000000000000000e+02 4.094396691778620645e-03
1.325000000000000000e+02 3.984624626125575844e-03
1.350000000000000000e+02 3.953327431837740449e-03
1.375000000000000000e+02 4.092879924885955804e-03
1.400000000000000000e+02 4.362835419001986556e-03
1.425000000000000000e+02 4.614925589350573308e-03
1.450000000000000000e+02 4.710310199058220099e-03
1.475000000000000000e+02 4.658228163181473043e-03
1.500000000000000000e+02 4.601557046121231877e-03
1.525000000000000000e+02 4.684139738291162938e-03
1.550000000000000000e+02 4.916934042248249578e-03
1.575000000000000000e+02 5.183246357011058597e-03
1.600000000000000000e+02 5.348288922106990244e-03
1.625000000000000000e+02 5.391071406687104016e-03
1.650000000000000000e+02 5.382966686901516883e-03
1.675000000000000000e+02 5.383564484231138231e-03
1.700000000000000000e+02 5.363256743809156901e-03
1.725000000000000000e+02 5.251092648238724590e-03
1.750000000000000000e+02 5.051721140551810978e-03
1.775000000000000000e+02 4.873267469415944186e-03
1.800000000000000000e+02 4.845531170860869000e-03
1.825000000000000000e+02 4.982358078876703879e-03
1.850000000000000000e+02 5.155965342795878689e-03
1.875000000000000000e+02 5.210911355387689257e-03
1.900000000000000000e+02 5.100947614196557102e-03
1.925000000000000000e+02 4.933813034390129200e-03
1.950000000000000000e+02 4.871558426069346262e-03
1.975000000000000000e+02 4.974532246145455840e-03
2.000000000000000000e+02 5.158893869729172695e-03
2.025000000000000000e+02 5.298832243586888355e-03
2.050000000000000000e+02 5.343104526525663776e-03
2.075000000000000000e+02 5.343659448738976268e-03
2.100000000000000000e+02 5.354415389134971164e-03
2.125000000000000000e+02 5.344580120392961910e-03
2.150000000000000000e+02 5.227899496352567815e-03
2.175000000000000000e+02 4.973485177788537943e-03
2.200000000000000000e+02 4.680583470218234454e-03
2.225000000000000000e+02 4.493867274909177367e-03
2.250000000000000000e+02 4.483474009591129419e-03
2.275000000000000000e+02 4.563884369250451219e-03
2.300000000000000000e+02 4.570472859664881718e-03
2.325000000000000000e+02 4.409898705667087034e-03
2.350000000000000000e+02 4.149871455753890645e-03
2.375000000000000000e+02 3.945010619678781041e-03
2.400000000000000000e+02 3.900577875643021324e-03
2.425000000000000000e+02 3.977097221225732795e-03
2.450000000000000000e+02 4.059188716546217358e-03
2.475000000000000000e+02 4.085104971728269023e-03
2.500000000000000000e+02 4.088167784580098128e-03
2.525000000000000000e+02 4.120901006138448855e-03
2.550000000000000000e+02 4.154257081148380291e-03
2.575000000000000000e+02 4.085612510352342602e-03
2.600000000000000000e+02 3.851684105090598300e-03
2.625000000000000000e+02 3.511803760321451605e-03
2.650000000000000000e+02 3.227830675871393683e-03
2.675000000000000000e+02 3.107686525884548277e-03
2.700000000000000000e+02 3.119262757927835760e-03
2.725000000000000000e+02 3.108749667353409574e-03
2.750000000000000000e+02 2.947238100209298786e-03
2.775000000000000000e+02 2.646399803916862133e-03
2.800000000000000000e+02 2.352964151601952703e-03
2.825000000000000000e+02 2.191600183752591413e-03
2.850000000000000000e+02 2.170829455144204431e-03
2.875000000000000000e+02 2.197971988035131961e-03
2.900000000000000000e+02 2.204966425849622536e-03
2.925000000000000000e+02 2.215393143073573785e-03
2.950000000000000000e+02 2.284046337131271764e-03
2.975000000000000000e+02 2.393375152676404608e-03
3.000000000000000000e+02 2.430518543767660675e-03
3.025000000000000000e+02 2.293010965262537709e-03
3.050000000000000000e+02 2.003888608235282563e-03
3.075000000000000000e+02 1.702789618106710689e-03
3.100000000000000000e+02 1.541868067296335012e-03
3.125000000000000000e+02 1.536223580848504466e-03
3.150000000000000000e+02 1.559827383014211234e-03
3.175000000000000000e+02 1.458944975536961971e-03
3.200000000000000000e+02 1.200614647908081808e-03
3.225000000000000000e+02 8.910146896381523343e-04
3.250000000000000000e+02 6.776201004726911279e-04
3.275000000000000000e+02 5.994196903200799771e-04
3.300000000000000000e+02 5.935603598555191105e-04
3.325000000000000000e+02 5.931908168965600034e-04
3.350000000000000000e+02 6.153680492675694426e-04
3.375000000000000000e+02 7.246325515054947118e-04
3.400000000000000000e+02 9.195211266800921643e-04
3.425000000000000000e+02 1.095198496339208150e-03
3.450000000000000000e+02 1.114738204351431059e-03
3.475000000000000000e+02 9.483014548849553593e-04
3.500000000000000000e+02 7.141555219542982053e-04
3.525000000000000000e+02 5.741669279882808145e-04
3.550000000000000000e+02 5.991616713019885711e-04
3.575000000000000000e+02 6.998146203222445176e-04
3.600000000000000000e+02 7.141089891648131835e-04
3.625000000000000000e+02 5.620720422995889023e-04
3.650000000000000000e+02 3.168833905399046774e-04
3.675000000000000000e+02 1.134369504253460664e-04
3.700000000000000000e+02 2.571538483979411292e-05
3.725000000000000000e+02 1.271949203793835894e-05
3.750000000000000000e+02 1.344237923725954042e-05
3.775000000000000000e+02 4.083777713310014269e-05
3.800000000000000000e+02 1.686059169623907320e-04
3.825000000000000000e+02 4.288048592056849218e-04
3.850000000000000000e+02 7.272955738640001378e-04
3.875000000000000000e+02 9.154418003240312419e-04
3.900000000000000000e+02 9.088502374919070004e-04
3.925000000000000000e+02 7.804056182601381468e-04
3.950000000000000000e+02 6.980869812602394017e-04
3.975000000000000000e+02 7.720958179204383959e-04
4.000000000000000000e+02 9.571634090249423040e-04
4.025000000000000000e+02 1.102608709595629148e-03
4.050000000000000000e+02 1.091968337826727331e-03
4.075000000000000000e+02 9.521227970439331487e-04
4.100000000000000000e+02 8.075159668864189885e-04
4.125000000000000000e+02 7.412085131242074397e-04
4.150000000000000000e+02 7.363768740723071124e-04
4.175000000000000000e+02 7.348799147301087386e-04
4.200000000000000000e+02 7.437253912607250843e-04
4.225000000000000000e+02 8.480473629425615235e-04
4.250000000000000000e+02 1.108852216227080743e-03
4.275000000000000000e+02 1.475387323985937566e-03
4.300000000000000000e+02 1.785547852856940411e-03
4.325000000000000000e+02 1.919145590191737635e-03
4.350000000000000000e+02 1.893539168774088311e-03
4.375000000000000000e+02 1.859312107445137757e-03
4.400000000000000000e+02 1.958718253664023731e-03
4.425000000000000000e+02 2.198013614978127413e-03
4.450000000000000000e+02 2.441462470119781358e-03
4.475000000000000000e+02 2.557304263453670165e-03
4.500000000000000000e+02 2.528659538200584735e-03
4.525000000000000000e+02 2.452590970645471703e-03
4.550000000000000000e+02 2.418929845112748230e-03
4.575000000000000000e+02 2.422178470821342942e-03
4.600000000000000000e+02 2.405290371783852434e-03
4.625000000000000000e+02 2.364405049950351993e-03
4.650000000000000000e+02 2.388044521462549981e-03
4.675000000000000000e+02 2.575127430393576219e-03
4.700000000000000000e+02 2.912323068087691383e-03
4.725000000000000000e+02 3.267108142527257696e-03
4.750000000000000000e+02 3.476462104401588978e-03
4.775000000000000000e+02 3.509275282836828245e-03
4.800000000000000000e+02 3.482609691799383195e-03
4.825000000000000000e+02 3.556761839507663336e-03
4.850000000000000000e+02 3.781075424891789348e-03
4.875000000000000000e+02 4.060737575728837895e-03
4.900000000000000000e+02 4.248180934139280523e-03
4.925000000000000000e+02 4.297413195450269612e-03
4.950000000000000000e+02 4.275049197954385906e-03
4.975000000000000000e+02 4.265002920713941229e-03
5.000000000000000000e+02 4.269135669059580598e-03
5.025000000000000000e+02 4.225279714438958702e-03
5.050000000000000000e+02 4.113532618809831974e-03
5.075000000000000000e+02 4.014442055328514350e-03
5.100000000000000000e+02 4.055178559220837600e-03
5.125000000000000000e+02 4.279421115750637640e-03
5.150000000000000000e+02 4.580484768269318940e-03
5.175000000000000000e+02 4.792950611322537545e-03
5.200000000000000000e+02 4.826640247727049908e-03
5.225000000000000000e+02 4.757942774003830026e-03
5.250000000000000000e+02 4.748825904385936721e-03
5.275000000000000000e+02 4.892008129432195637e-03
5.300000000000000000e+02 5.127172567809074218e-03
5.325000000000000000e+02 5.322294261528991155e-03
5.350000000000000000e+02 5.399650037856583949e-03
5.375000000000000000e+02 5.401411340054308556e-03
5.400000000000000000e+02 5.401812092150340937e-03
5.425000000000000000e+02 5.404760494817834049e-03
5.450000000000000000e+02 5.340403480597879712e-03
5.475000000000000000e+02 5.161634860983561369e-03
5.500000000000000000e+02 4.935393119754329441e-03
5.525000000000000000e+02 4.800240086802739364e-03
5.550000000000000000e+02 4.852023201523696615e-03
5.575000000000000000e+02 5.037954357783397397e-03
5.600000000000000000e+02 5.191113093123852183e-03
5.625000000000000000e+02 5.185946375334976946e-03
5.650000000000000000e+02 5.047808189491805042e-03
5.675000000000000000e+02 4.922907025816349730e-03
5.700000000000000000e+02 4.936491162884167408e-03
5.725000000000000000e+02 5.075060533857757641e-03
5.750000000000000000e+02 5.219765497556734003e-03
5.775000000000000000e+02 5.284984722878820554e-03
5.800000000000000000e+02 5.286828959708011338e-03
5.825000000000000000e+02 5.291751435762308102e-03
5.850000000000000000e+02 5.305636272154619880e-03
5.875000000000000000e+02 5.249198337606790672e-03
5.900000000000000000e+02 5.048668870796177433e-03
5.925000000000000000e+02 4.732522940911775000e-03
5.950000000000000000e+02 4.448366547273691247e-03
5.975000000000000000e+02 4.327797313150122567e-03
6.000000000000000000e+02 4.376321976995264061e-03
6.025000000000000000e+02 4.454134949512089832e-03
6.050000000000000000e+02 4.405987574912392096e-03
6.075000000000000000e+02 4.205548036744459831e-03
6.100000000000000000e+02 3.976972794054341870e-03
6.125000000000000000e+02 3.858279758095876921e-03
6.150000000000000000e+02 3.880216409762846617e-03
6.175000000000000000e+02 3.953539537809544133e-03
6.200000000000000000e+02 3.986284423338891381e-03
6.225000000000000000e+02 3.980147156354698137e-03
6.250000000000000000e+02 3.995478470640729737e-03
6.275000000000000000e+02 4.044967512722724527e-03
6.300000000000000000e+02 4.044779690185154770e-03
6.325000000000000000e+02 3.888226238752842852e-03
6.350000000000000000e+02 3.568463773985475988e-03
6.375000000000000000e+02 3.203891845139336496e-03
6.400000000000000000e+02 2.965385782966119092e-03
6.425000000000000000e+02 2.908074319019661024e-03
6.450000000000000000e+02 2.932566370591442248e-03
6.475000000000000000e+02 2.873251847974577985e-03
6.500000000000000000e+02 2.660697152339589790e-03
6.525000000000000000e+02 2.374996177063802300e-03
6.550000000000000000e+02 2.166295423997082175e-03
6.575000000000000000e+02 2.094858028051609002e-03
6.600000000000000000e+02 2.105144357121958940e-03
6.625000000000000000e+02 2.110988992040980887e-03
6.650000000000000000e+02 2.102907573427573434e-03
6.675000000000000000e+02 2.140515688950916668e-03
6.700000000000000000e+02 2.248330549828350591e-03
6.725000000000000000e+02 2.349789725488027423e-03
6.750000000000000000e+02 2.312462940018748976e-03
6.775000000000000000e+02 2.076795867295061927e-03
6.800000000000000000e+02 1.735567813411690143e-03
6.825000000000000000e+02 1.457389746089695140e-03
6.850000000000000000e+02 1.356178040916110978e-03
6.875000000000000000e+02 1.375982073791215312e-03
6.900000000000000000e+02 1.358245211311130381e-03
6.925000000000000000e+02 1.194062628778219887e-03
6.950000000000000000e+02 9.279758514669051665e-04
6.975000000000000000e+02 6.906174491529890307e-04
7.000000000000000000e+02 5.752717750015551475e-04
7.025000000000000000e+02 5.531490286733859981e-04
7.050000000000000000e+02 5.495964962196721922e-04
7.075000000000000000e+02 5.486795785140498663e-04
7.100000000000000000e+02 6.112299685300225929e-04
7.125000000000000000e+02 7.843370073425462441e-04
7.150000000000000000e+02 1.004663039418271205e-03
7.175000000000000000e+02 1.131072076208484945e-03
7.200000000000000000e+02 1.055712948966041264e-03
7.225000000000000000e+02 8.170495302309501058e-04
7.250000000000000000e+02 5.830995101647408647e-04
7.275000000000000000e+02 4.963108529239685643e-04
7.300000000000000000e+02 5.557247325883240500e-04
7.325000000000000000e+02 6.224774321126736289e-04
7.350000000000000000e+02 5.634092614966517646e-04
7.375000000000000000e+02 3.761814082535675169e-04
7.400000000000000000e+02 1.774866333516489868e-04
7.425000000000000000e+02 6.602110494305015061e-05
7.450000000000000000e+02 4.377716686681779908e-05
7.475000000000000000e+02 4.574400814683061658e-05
7.500000000000000000e+02 5.121428305681008852e-05
7.525000000000000000e+02 1.238686816986585282e-04
7.550000000000000000e+02 3.321483389800661224e-04
7.575000000000000000e+02 6.510705959278101492e-04
7.600000000000000000e+02 9.339307850722593967e-04
7.625000000000000000e+02 1.040405378498531451e-03
7.650000000000000000e+02 9.519183352928104998e-04
7.675000000000000000e+02 8.033435990842231842e-04
7.700000000000000000e+02 7.641637564890032706e-04
7.725000000000000000e+02 8.799914425948453202e-04
7.750000000000000000e+02 1.041132542453740298e-03
7.775000000000000000e+02 1.105642938825555921e-03
7.800000000000000000e+02 1.032836907153250388e-03
7.825000000000000000e+02 9.067359619399751420e-04
7.850000000000000000e+02 8.326722964172098007e-04
7.875000000000000000e+02 8.276348166832475563e-04
7.900000000000000000e+02 8.370539004743191708e-04
7.925000000000000000e+02 8.332776253638522800e-04
7.950000000000000000e+02 8.776430678135831989e-04
7.975000000000000000e+02 1.067106184178890629e-03
8.000000000000000000e+02 1.410824109277957535e-03
8.025000000000000000e+02 1.796097837055428631e-03
8.050000000000000000e+02 2.047398386232212632e-03
8.075000000000000000e+02 2.096699681777674726e-03
8.100000000000000000e+02 2.035000262318519253e-03
8.125000000000000000e+02 2.033814227398672483e-03
8.150000000000000000e+02 2.181003385136892798e-03
8.175000000000000000e+02 2.409639991083356754e-03
8.200000000000000000e+02 2.573430282557157174e-03
8.225000000000000000e+02 2.604672807307310562e-03
8.250000000000000000e+02 2.555885681724540462e-03
8.275000000000000000e+02 2.522670417125490692e-03
8.300000000000000000e+02 2.534633048216233635e-03
8.325000000000000000e+02 2.541559098504549662e-03
8.350000000000000000e+02 2.504571941566161551e-03
8.375000000000000000e+02 2.476259059286800915e-03
8.400000000000000000e+02 2.571915844498018529e-03
8.425000000000000000e+02 2.854353639642649189e-03
8.450000000000000000e+02 3.239610353348626806e-03
8.475000000000000000e+02 3.561405593569942889e-03
8.500000000000000000e+02 3.693187357076002566e-03
8.525000000000000000e+02 3.678182691540530461e-03
8.550000000000000000e+02 3.674549275473494754e-03
8.575000000000000000e+02 3.803667664756137014e-03
8.600000000000000000e+02 4.035931534747809815e-03
8.625000000000000000e+02 4.246290293088722349e-03
8.650000000000000000e+02 4.339568144083046086e-03
8.675000000000000000e+02 4.341232710727804291e-03
8.700000000000000000e+02 4.334059625638906482e-03
8.725000000000000000e+02 4.352095573939822153e-03
8.750000000000000000e+02 4.345793203380533473e-03
8.775000000000000000e+02 4.258844962606793232e-03
8.800000000000000000e+02 4.127113849937321874e-03
8.825000000000000000e+02 4.073721353406531236e-03
8.850000000000000000e+02 4.205548288121831874e-03
8.875000000000000000e+02 4.499355643530484998e-03
8.900000000000000000e+02 4.794336825689391596e-03
8.925000000000000000e+02 4.940479856175183059e-03
8.950000000000000000e+02 4.920526674902641305e-03
8.975000000000000000e+02 4.866452334341133182e-03
9.000000000000000000e+02 4.918845194501060038e-03
9.025000000000000000e+02 5.093576929404732695e-03
9.050000000000000000e+02 5.282545460930623132e-03
9.075000000000000000e+02 5.387103487122242573e-03
9.100000000000000000e+02 5.403175297633725470e-03
9.125000000000000000e+02 5.401004804887490039e-03
9.150000000000000000e+02 5.416691139925293962e-03
9.175000000000000000e+02 5.399494325620633230e-03
9.200000000000000000e+02 5.273052277233815192e-03
9.225000000000000000e+02 5.039591337069482084e-03
9.250000000000000000e+02 4.822660904760064926e-03
9.275000000000000000e+02 4.762516446662800988e-03
9.300000000000000000e+02 4.893563480405573908e-03
9.325000000000000000e+02 5.097519630583904546e-03
9.350000000000000000e+02 5.200511490169913882e-03
9.375000000000000000e+02 5.139181465476163300e-03
9.400000000000000000e+02 5.007601024360122839e-03
9.425000000000000000e+02 4.950443914052610195e-03
9.450000000000000000e+02 5.020778452757598820e-03
9.475000000000000000e+02 5.144727299129893579e-03
9.500000000000000000e+02 5.218669383663521524e-03
9.525000000000000000e+02 5.222783002766674849e-03
9.550000000000000000e+02 5.214014633589687114e-03
9.575000000000000000e+02 5.232224153101863381e-03
9.600000000000000000e+02 5.227547334750919615e-03
9.625000000000000000e+02 5.099682987841613543e-03
9.650000000000000000e+02 4.817008595362290077e-03
9.675000000000000000e+02 4.471743619562224686e-03
9.700000000000000000e+02 4.235543060381094689e-03
9.725000000000000000e+02 4.194783869246960541e-03
9.750000000000000000e+02 4.279980769722615576e-03
9.775000000000000000e+02 4.324023792813214140e-03
9.800000000000000000e+02 4.220786557243103899e-03
9.825000000000000000e+02 4.017999471082515407e-03
9.850000000000000000e+02 3.857759131164581034e-03
9.875000000000000000e+02 3.819276305838114303e-03
9.900000000000000000e+02 3.862183583121907900e-03
9.925000000000000000e+02 3.893480725078843699e-03
9.950000000000000000e+02 3.878895926223167867e-03
9.975000000000000000e+02 3.866842172894690861e-03
1.000000000000000000e+03 3.904439081212472077e-03
1.002500000000000000e+03 3.949832488484931667e-03
1.005000000000000000e+03 3.885344006430215512e-03
1.007500000000000000e+03 3.630380146774661761e-03
1.010000000000000000e+03 3.248116268959729165e-03
1.012500000000000000e+03 2.900503550259705878e-03
1.015000000000000000e+03 2.731750690433354823e-03
1.017500000000000000e+03 2.723736937462792329e-03
1.020000000000000000e+03 2.730051690851781430e-03
1.022500000000000000e+03 2.616340898028556884e-03
1.025000000000000000e+03 2.389754287115774742e-03
1.027500000000000000e+03 2.166467886423700112e-03
1.030000000000000000e+03 2.051473738888143217e-03
1.032500000000000000e+03 2.033287557493474937e-03
1.035000000000000000e+03 2.033739430673001287e-03
1.037500000000000000e+03 2.011401114448310972e-03
1.040000000000000000e+03 2.008656427293777774e-03
1.042500000000000000e+03 2.084931622105120827e-03
1.045000000000000000e+03 2.213828494092231255e-03
1.047500000000000000e+03 2.272142770115693003e-03
1.050000000000000000e+03 2.137664094184298438e-03
1.052500000000000000e+03 1.814569627992524770e-03
1.055000000000000000e+03 1.458897918481641886e-03
1.057500000000000000e+03 1.234790060601493374e-03
1.060000000000000000e+03 1.187602876624441065e-03
1.062500000000000000e+03 1.201414977352155194e-03
1.065000000000000000e+03 1.130067263735621457e-03
1.067500000000000000e+03 9.360855978618352544e-04
1.070000000000000000e+03 7.155769864896692435e-04
1.072500000000000000e+03 5.739916041356740370e-04
1.075000000000000000e+03 5.323988832298247884e-04
1.077500000000000000e+03 5.270725393118579332e-04
1.080000000000000000e+03 5.132578498510579441e-04
1.082500000000000000e+03 5.280076942810315796e-04
1.085000000000000000e+03 6.447015716216705902e-04
1.087500000000000000e+03 8.685104029522666778e-04
1.090000000000000000e+03 1.078637036464824995e-03
1.092500000000000000e+03 1.122576214306218083e-03
1.095000000000000000e+03 9.487355268251833340e-04
1.097500000000000000e+03 6.677630042730624098e-04
1.100000000000000000e+03 4.672917413191493997e-04
1.102500000000000000e+03 4.341297757678281807e-04
1.105000000000000000e+03 4.965872423592378702e-04
1.107500000000000000e+03 5.087839574543504603e-04
1.110000000000000000e+03 4.016515973875547279e-04
1.112500000000000000e+03 2.347090202139945868e-04
1.115000000000000000e+03 1.175290413281967572e-04
1.117500000000000000e+03 8.666022547138730215e-05
1.120000000000000000e+03 9.601434705902037669e-05
1.122500000000000000e+03 9.708556404697774066e-05
1.125000000000000000e+03 1.202296145037312424e-04
1.127500000000000000e+03 2.555411620007222158e-04
1.130000000000000000e+03 5.392068754826604077e-04
1.132500000000000000e+03 8.847706058982020543e-04
1.135000000000000000e+03 1.112964906010411800e-03
1.137500000000000000e+03 1.120832282561102329e-03
1.140000000000000000e+03 9.697112120695584739e-04
1.142500000000000000e+03 8.337941458026500163e-04
1.145000000000000000e+03 8.429540063874342353e-04
1.147500000000000000e+03 9.690577617290583581e-04
1.150000000000000000e+03 1.076853579680397228e-03
1.152500000000000000e+03 1.074352982449051572e-03
1.155000000000000000e+03 9.905865354524665510e-04
1.157500000000000000e+03 9.211675719817499124e-04
1.160000000000000000e+03 9.183806234119805661e-04
1.162500000000000000e+03 9.470337903015036123e-04
1.165000000000000000e+03 9.534327775417147585e-04
1.167500000000000000e+03 9.576717059174594694e-04
1.170000000000000000e+03 1.058711759190587723e-03
1.172500000000000000e+03 1.338469756647702943e-03
1.175000000000000000e+03 1.741915093670584223e-03
1.177500000000000000e+03 2.105705328370996443e-03
1.180000000000000000e+03 2.271351133834086187e-03
1.182500000000000000e+03 2.245173303534343974e-03
1.185000000000000000e+03 2.177392140533983538e-03
1.187500000000000000e+03 2.218818291432561682e-03
1.190000000000000000e+03 2.383897083315152359e-03
1.192500000000000000e+03 2.563860990295097498e-03
1.195000000000000000e+03 2.647990597270024910e-03
1.197500000000000000e+03 2.637502687904207024e-03
1.200000000000000000e+03 2.613705674943404573e-03
1.202500000000000000e+03 2.633816258909123503e-03
1.205000000000000000e+03 2.670661755174163175e-03
1.207500000000000000e+03 2.662643655828682721e-03
1.210000000000000000e+03 2.612295466486957290e-03
1.212500000000000000e+03 2.620906324175478665e-03
1.215000000000000000e+03 2.804953974795590822e-03
1.217500000000000000e+03 3.171974372621265154e-03
1.220000000000000000e+03 3.570161838046922737e-03
1.222500000000000000e+03 3.826317819190153298e-03
1.225000000000000000e+03 3.880381334955465729e-03
1.227500000000000000e+03 3.845067798464813121e-03
1.230000000000000000e+03 3.878724844225927074e-03
1.232500000000000000e+03 4.036352563624617459e-03
1.235000000000000000e+03 4.232959143690601632e-03
1.237500000000000000e+03 4.359738418488749018e-03
1.240000000000000000e+03 4.388973566676168669e-03
1.242500000000000000e+03 4.386461047590429346e-03
1.245000000000000000e+03 4.411382689265309041e-03
1.247500000000000000e+03 4.442361443528582490e-03
1.250000000000000000e+03 4.405454393863361684e-03
1.252500000000000000e+03 4.276789552767820690e-03
1.255000000000000000e+03 4.149576739719424041e-03
1.257500000000000000e+03 4.168798461578118210e-03
1.260000000000000000e+03 4.395773503600436914e-03
1.262500000000000000e+03 4.733130984293485582e-03
1.265000000000000000e+03 4.988742246880018168e-03
1.267500000000000000e+03 5.061961448620774448e-03
1.270000000000000000e+03 5.013525551894465471e-03
1.272500000000000000e+03 4.994329764419860353e-03
1.275000000000000000e+03 5.088744465167265030e-03
1.277500000000000000e+03 5.248854480527675656e-03
1.280000000000000000e+03 5.365058217959777637e-03
1.282500000000000000e+03 5.395235151694658532e-03
1.285000000000000000e+03 5.387145025924664626e-03
1.287500000000000000e+03 5.401688813147637741e-03
1.290000000000000000e+03 5.422255027882645802e-03
1.292500000000000000e+03 5.362023820672168727e-03
1.295000000000000000e+03 5.166942845740456723e-03
1.297500000000000000e+03 4.899813893513084093e-03
1.300000000000000000e+03 4.726017493739721742e-03
1.302500000000000000e+03 4.759730317499472237e-03
1.305000000000000000e+03 4.956506740770904966e-03
1.307500000000000000e+03 5.147768182486152540e-03
1.310000000000000000e+03 5.190025745487929221e-03
1.312500000000000000e+03 5.096449108053896851e-03
1.315000000000000000e+03 4.998283820937901058e-03
1.317500000000000000e+03 4.999131724886935607e-03
1.320000000000000000e+03 5.082972538760490051e-03
1.322500000000000000e+03 5.156468545695997059e-03
1.325000000000000000e+03 5.161900516403181149e-03
1.327500000000000000e+03 5.134162829342010272e-03
1.330000000000000000e+03 5.136524620120703870e-03
1.332500000000000000e+03 5.161488528459197075e-03
1.335000000000000000e+03 5.112743783800049492e-03
1.337500000000000000e+03 4.896529140552156878e-03
1.340000000000000000e+03 4.544133389948305964e-03
1.342500000000000000e+03 4.206150478616116004e-03
1.345000000000000000e+03 4.048748258075531015e-03
1.347500000000000000e+03 4.087214005148676228e-03
1.350000000000000000e+03 4.183745918966792418e-03
1.352500000000000000e+03 4.180809605329109495e-03
1.355000000000000000e+03 4.044680984569746195e-03
1.357500000000000000e+03 3.873517535741897826e-03
1.360000000000000000e+03 3.784143112646556808e-03
1.362500000000000000e+03 3.789472119467663085e-03
1.365000000000000000e+03 3.813510118644008670e-03
1.367500000000000000e+03 3.793163068855164629e-03
1.370000000000000000e+03 3.751395143468696809e-03
1.372500000000000000e+03 3.755422042409577166e-03
1.375000000000000000e+03 3.812960505123895189e-03
1.377500000000000000e+03 3.826579123574853133e-03
1.380000000000000000e+03 3.669703445646164356e-03
1.382500000000000000e+03 3.316027595245357382e-03
1.385000000000000000e+03 2.903801082590260711e-03
1.387500000000000000e+03 2.612268908893550755e-03
1.390000000000000000e+03 2.524333273206406849e-03
1.392500000000000000e+03 2.545844721457845086e-03
1.395000000000000000e+03 2.518646299295180038e-03
1.397500000000000000e+03 2.370238523580286971e-03
1.400000000000000000e+03 2.168734856067717435e-03
1.402500000000000000e+03 2.023511940110855022e-03
1.405000000000000000e+03 1.977078179370476106e-03
1.407500000000000000e+03 1.972423502507454976e-03
1.410000000000000000e+03 1.944899519932154338e-03
1.412500000000000000e+03 1.906322809629638296e-03
1.415000000000000000e+03 1.930467907212452894e-03
1.417500000000000000e+03 2.048425134783492078e-03
1.420000000000000000e+03 2.171521986550250822e-03
1.422500000000000000e+03 2.147868754025625184e-03
1.425000000000000000e+03 1.900435691326192921e-03
1.427500000000000000e+03 1.513694625521262715e-03
1.430000000000000000e+03 1.185183452047446377e-03
1.432500000000000000e+03 1.035420830680628453e-03
1.435000000000000000e+03 1.027753677641532904e-03
1.437500000000000000e+03 1.017140317332308362e-03
1.440000000000000000e+03 9.067769880647870862e-04
1.442500000000000000e+03 7.250495012310808002e-04
1.445000000000000000e+03 5.775018332615285827e-04
1.447500000000000000e+03 5.194493461943602407e-04
1.450000000000000000e+03 5.168719723955732606e-04
1.452500000000000000e+03 5.048765488117356627e-04
1.455000000000000000e+03 4.856521750388608383e-04
1.457500000000000000e+03 5.378056495088294562e-04
1.460000000000000000e+03 7.186802437428859791e-04
1.462500000000000000e+03 9.704607698242352035e-04
1.465000000000000000e+03 1.124844975123356038e-03
1.467500000000000000e+03 1.054408245786995092e-03
1.470000000000000000e+03 7.926728794695957984e-04
1.472500000000000000e+03 5.093432911672532773e-04
1.475000000000000000e+03 3.684160320669409988e-04
1.477500000000000000e+03 3.783271249425446169e-04
1.480000000000000000e+03 4.215251646393967477e-04
1.482500000000000000e+03 3.860985901421184162e-04
1.485000000000000000e+03 2.710734558658414793e-04
1.487500000000000000e+03 1.610935038363610979e-04
1.490000000000000000e+03 1.264288927470209650e-04
1.492500000000000000e+03 1.485360757277779731e-04
1.495000000000000000e+03 1.642164250355405237e-04
1.497500000000000000e+03 1.636893030167235947e-04
1.500000000000000000e+03 2.263064239367863762e-04
1.502500000000000000e+03 4.431291766270117958e-04
1.505000000000000000e+03 7.885050719848387714e-04
1.507500000000000000e+03 1.112978274127753194e-03
1.510000000000000000e+03 1.241584693295304633e-03
1.512500000000000000e+03 1.146700975576729706e-03
1.515000000000000000e+03 9.667899281294227258e-04
1.517500000000000000e+03 8.731857472457499325e-04
1.520000000000000000e+03 9.235525413997744144e-04
1.522500000000000000e+03 1.032849012455356588e-03
1.525000000000000000e+03 1.083875157471483105e-03
1.527500000000000000e+03 1.048795975231963480e-03
1.530000000000000000e+03 9.951109027405927870e-04
1.532500000000000000e+03 9.949535053802194707e-04
1.535000000000000000e+03 1.044525999118029336e-03
1.537500000000000000e+03 1.081379233234788621e-03
1.540000000000000000e+03 1.079459862452293020e-03
1.542500000000000000e+03 1.113688121519528212e-03
1.545000000000000000e+03 1.299530520181514963e-03
1.547500000000000000e+03 1.668781598821736812e-03
1.550000000000000000e+03 2.089294745702796174e-03
1.552500000000000000e+03 2.377814482303881091e-03
1.555000000000000000e+03 2.439891910405841014e-03
1.557500000000000000e+03 2.364477379877566281e-03
1.560000000000000000e+03 2.321525483481325786e-03
1.562500000000000000e+03 2.401922820119009941e-03
1.565000000000000000e+03 2.554232602232854327e-03
1.567500000000000000e+03 2.670346935317647209e-03
1.570000000000000000e+03 2.698740559598202665e-03
1.572500000000000000e+03 2.687773226169727116e-03
1.575000000000000000e+03 2.709899343659837121e-03
1.577500000000000000e+03 2.772419210622180212e-03
1.580000000000000000e+03 2.809720944350327897e-03
1.582500000000000000e+03 2.776784968157345983e-03
1.585000000000000000e+03 2.733519601981070253e-03
1.587500000000000000e+03 2.816264429931955235e-03
1.590000000000000000e+03 3.103431739073867022e-03
1.592500000000000000e+03 3.522782771700615212e-03
1.595000000000000000e+03 3.878553651603975066e-03
1.597500000000000000e+03 4.040158918181564925e-03
1.600000000000000000e+03 4.034365583418552878e-03
1.602500000000000000e+03 4.010586568073082510e-03
1.605000000000000000e+03 4.082513737024094820e-03
1.607500000000000000e+03 4.236197102802044361e-03
1.610000000000000000e+03 4.371045623181396729e-03
1.612500000000000000e+03 4.425263462934593030e-03
1.615000000000000000e+03 4.426514883025005863e-03
1.617500000000000000e+03 4.445885786354069648e-03
1.620000000000000000e+03 4.498882659392610880e-03
1.622500000000000000e+03 4.518889798400658846e-03
1.625000000000000000e+03 4.435984027021129712e-03
1.627500000000000000e+03 4.282362810454846958e-03
1.630000000000000000e+03 4.202753371189102936e-03
1.632500000000000000e+03 4.325476496984680813e-03
1.635000000000000000e+03 4.630847231205829223e-03
1.637500000000000000e+03 4.960184862160673010e-03
1.640000000000000000e+03 5.141421453466426053e-03
1.642500000000000000e+03 5.152538197428993202e-03
1.645000000000000000e+03 5.107661712477549500e-03
1.647500000000000000e+03 5.130532766565208160e-03
1.650000000000000000e+03 5.236827825690142449e-03
1.652500000000000000e+03 5.347502164468654479e-03
1.655000000000000000e+03 5.388029482693707829e-03
1.657500000000000000e+03 5.371684555414803393e-03
1.660000000000000000e+03 5.366625424611616568e-03
1.662500000000000000e+03 5.399125087454248982e-03
1.665000000000000000e+03 5.401186517651005055e-03
1.667500000000000000e+03 5.275461740277242670e-03
1.670000000000000000e+03 5.021024507471726767e-03
1.672500000000000000e+03 4.765600990664520080e-03
1.675000000000000000e+03 4.679220614113690883e-03
1.677500000000000000e+03 4.807220151816993074e-03
1.680000000000000000e+03 5.027831470750621611e-03
1.682500000000000000e+03 5.169149737156873356e-03
1.685000000000000000e+03 5.155955783140628995e-03
1.687500000000000000e+03 5.062949929397141460e-03
1.690000000000000000e+03 5.012874213550712332e-03
1.692500000000000000e+03 5.047409567295443357e-03
1.695000000000000000e+03 5.106186343683914199e-03
1.697500000000000000e+03 5.113684020866642900e-03
1.700000000000000000e+03 5.067693925300990193e-03
1.702500000000000000e+03 5.034064583836732852e-03
1.705000000000000000e+03 5.052792350598322470e-03
1.707500000000000000e+03 5.061231122362987167e-03
1.710000000000000000e+03 4.938281459580495282e-03
1.712500000000000000e+03 4.632016311674807575e-03
1.715000000000000000e+03 4.251138723435704363e-03
1.717500000000000000e+03 3.974312099737128956e-03
1.720000000000000000e+03 3.912452877435248881e-03
1.722500000000000000e+03 3.999941342912756263e-03
1.725000000000000000e+03 4.072484407531702308e-03
1.727500000000000000e+03 4.023919539946314156e-03
1.730000000000000000e+03 3.887596208024654033e-03
1.732500000000000000e+03 3.771054523357441832e-03
1.735000000000000000e+03 3.738043134690167794e-03
1.737500000000000000e+03 3.749345451873223149e-03
1.740000000000000000e+03 3.729824953452728301e-03
1.742500000000000000e+03 3.664117402037226148e-03
1.745000000000000000e+03 3.617591850960247008e-03
1.747500000000000000e+03 3.646463980723117261e-03
1.750000000000000000e+03 3.702178822154286470e-03
1.752500000000000000e+03 3.645883384148030162e-03
1.755000000000000000e+03 3.381113077784841329e-03
1.757500000000000000e+03 2.960749767884173714e-03
1.760000000000000000e+03 2.574929882512979034e-03
1.762500000000000000e+03 2.369500040160932818e-03
1.765000000000000000e+03 2.344699509945255729e-03
1.767500000000000000e+03 2.363628847459175314e-03
1.770000000000000000e+03 2.301084126787215391e-03
1.772500000000000000e+03 2.150067761913758944e-03
1.775000000000000000e+03 2.003830465442596638e-03
1.777500000000000000e+03 1.933956523349155375e-03
1.780000000000000000e+03 1.924570299958031951e-03
1.782500000000000000e+03 1.903509749205954064e-03
1.785000000000000000e+03 1.844600759968824692e-03
1.787500000000000000e+03 1.808277828839990843e-03
1.790000000000000000e+03 1.871645552757032109e-03
1.792500000000000000e+03 2.012808229795348593e-03
1.795000000000000000e+03 2.086714053006144542e-03
1.797500000000000000e+03 1.950537429372805340e-03
1.800000000000000000e+03 1.607561484983778587e-03
1.802500000000000000e+03 1.210557096957829261e-03
1.805000000000000000e+03 9.470985626896423351e-04
1.807500000000000000e+03 8.645325059397611107e-04
1.810000000000000000e+03 8.683410646941870864e-04
1.812500000000000000e+03 8.280458946057497405e-04
1.815000000000000000e+03 7.076760017540211552e-04
1.817500000000000000e+03 5.739438842651610299e-04
1.820000000000000000e+03 5.088123020495719656e-04
1.822500000000000000e+03 5.122342330299022072e-04
1.825000000000000000e+03 5.185334870774653332e-04
1.827500000000000000e+03 4.889440180417014333e-04
1.830000000000000000e+03 4.785707809454397112e-04
1.832500000000000000e+03 5.848836479128874215e-04
1.835000000000000000e+03 8.182110616536114730e-04
1.837500000000000000e+03 1.052576073892118281e-03
1.840000000000000000e+03 1.107735388616880095e-03
1.842500000000000000e+03 9.233193106774079811e-04
1.845000000000000000e+03 6.175645029920737985e-04
1.847500000000000000e+03 3.731454640972388490e-04
1.850000000000000000e+03 2.925475230528611580e-04
1.852500000000000000e+03 3.202668929759726660e-04
1.855000000000000000e+03 3.346592091904725705e-04
1.857500000000000000e+03 2.755221446297603121e-04
1.860000000000000000e+03 1.899163449291270519e-04
1.862500000000000000e+03 1.570818441477970964e-04
1.865000000000000000e+03 1.945056572340701545e-04
1.867500000000000000e+03 2.424383896270219832e-04
1.870000000000000000e+03 2.487455392425794946e-04
1.872500000000000000e+03 2.573098718601418071e-04
1.875000000000000000e+03 3.809176011652928785e-04
1.877500000000000000e+03 6.774082861867046544e-04
1.880000000000000000e+03 1.043444859264136982e-03
1.882500000000000000e+03 1.293870031011554352e-03
1.885000000000000000e+03 1.306314277817595794e-03
1.887500000000000000e+03 1.140142991314693766e-03
1.890000000000000000e+03 9.709657191941592621e-04
1.892500000000000000e+03 9.257853666578283805e-04
1.895000000000000000e+03 9.943189577654475749e-04
1.897500000000000000e+03 1.071693475354017731e-03
1.900000000000000000e+03 1.081646691292235170e-03
1.902500000000000000e+03 1.049566870516247235e-03
1.905000000000000000e+03 1.053348444578779131e-03
1.907500000000000000e+03 1.123211502045232254e-03
1.910000000000000000e+03 1.203703154970323878e-03
1.912500000000000000e+03 1.230080128659464958e-03
1.915000000000000000e+03 1.227039483519472372e-03
1.917500000000000000e+03 1.317943481924081176e-03
1.920000000000000000e+03 1.599402385786769052e-03
1.922500000000000000e+03 2.026635568971075271e-03
1.925000000000000000e+03 2.408967400514663241e-03
1.927500000000000000e+03 2.591238897325558958e-03
1.930000000000000000e+03 2.566955576070345177e-03
1.932500000000000000e+03 2.477870530585125387e-03
1.935000000000000000e+03 2.469292192255448642e-03
1.937500000000000000e+03 2.567151800003747864e-03
1.940000000000000000e+03 2.685782785372589285e-03
1.942500000000000000e+03 2.743592158273733522e-03
1.945000000000000000e+03 2.745506141532030441e-03
1.947500000000000000e+03 2.765164471071689545e-03
1.950000000000000000e+03 2.843233635664580566e-03
1.952500000000000000e+03 2.932577817117199871e-03
1.955000000000000000e+03 2.950024361910139319e-03
1.957500000000000000e+03 2.895604534875330632e-03
1.960000000000000000e+03 2.889774531562778071e-03
1.962500000000000000e+03 3.071507581255393440e-03
1.965000000000000000e+03 3.445482199161401925e-03
1.967500000000000000e+03 3.865670387967231128e-03
1.970000000000000000e+03 4.139229108476501565e-03
1.972500000000000000e+03 4.210540331039853978e-03
1.975000000000000000e+03 4.174578028262931027e-03
1.977500000000000000e+03 4.174867966870610993e-03
1.980000000000000000e+03 4.266331230848656106e-03
1.982500000000000000e+03 4.389777467883410056e-03
1.985000000000000000e+03 4.457059202320934506e-03
1.987500000000000000e+03 4.458929559930646484e-03
1.990000000000000000e+03 4.462448178226312984e-03
1.992500000000000000e+03 4.520364544624662882e-03
1.995000000000000000e+03 4.591149897212652362e-03
1.997500000000000000e+03 4.577679002036113762e-03
2.000000000000000000e+03 4.446973694527450206e-03
