0.000000000000000000e+00 0.000000000000000000e+00 1.000000000000000000e+00
2.500000000000000000e+00 1.373928190153059503e-01 8.626071809846953542e-01
5.000000000000000000e+00 4.697257487727770076e-01 5.302742512272309305e-01
7.500000000000000000e+00 8.203043660411332150e-01 1.796956339588764162e-01
1.000000000000000000e+01 9.951324098592299050e-01 4.867590140781976986e-03
1.250000000000000000e+01 9.053859621230621046e-01 9.461403787695296663e-02
1.500000000000000000e+01 6.044831654037606805e-01 3.955168345962525311e-01
1.750000000000000000e+01 2.518417258654476742e-01 7.481582741345663701e-01
2.000000000000000000e+01 4.054669359036702780e-02 9.594533064096519848e-01
2.250000000000000000e+01 7.851816326633495602e-02 9.214818367336782279e-01
2.500000000000000000e+01 3.438728446150106088e-01 6.561271553850021032e-01
2.750000000000000000e+01 6.992568275722566007e-01 3.007431724277601637e-01
3.000000000000000000e+01 9.506129734182793278e-01 4.938702658173867166e-02
3.250000000000000000e+01 9.662688940420610662e-01 3.373110595795666966e-02
3.500000000000000000e+01 7.354445134045568544e-01 2.645554865954518053e-01
3.750000000000000000e+01 3.770392207339227086e-01 6.229607792660954990e-01
4.000000000000000000e+01 8.898081723189478487e-02 9.110191827681193288e-01
4.250000000000000000e+01 2.381045869559506381e-02 9.761895413044155978e-01
4.500000000000000000e+01 2.179010357915118212e-01 7.820989642084925642e-01
4.750000000000000000e+01 5.671274045803657016e-01 4.328725954196372960e-01
5.000000000000000000e+01 8.751777643059235334e-01 1.248222356940829059e-01
5.250000000000000000e+01 9.794557272766674094e-01 2.054427272333729862e-02
5.500000000000000000e+01 8.254106228244217913e-01 1.745893771755844259e-01
5.750000000000000000e+01 4.990491623258153098e-01 5.009508376741924618e-01
6.000000000000000000e+01 1.839145812859883933e-01 8.160854187140208493e-01
6.250000000000000000e+01 4.431901698268636558e-02 9.556809830173202958e-01
6.500000000000000000e+01 1.537377741259633446e-01 8.462622258740434278e-01
6.750000000000000000e+01 4.520879653490213479e-01 5.479120346509843698e-01
7.000000000000000000e+01 7.750400038004542358e-01 2.249599961995527031e-01
7.250000000000000000e+01 9.557569525817876110e-01 4.424304741821413062e-02
7.500000000000000000e+01 8.961813582746298579e-01 1.038186417253760957e-01
7.750000000000000000e+01 6.273022078742838126e-01 3.726977921257135784e-01
8.000000000000000000e+01 2.965523879724460410e-01 7.034476120275546807e-01
8.250000000000000000e+01 7.724142059087558965e-02 9.227585794091275329e-01
8.500000000000000000e+01 9.129283938933215048e-02 9.087071606106731370e-01
8.750000000000000000e+01 3.309650952312106487e-01 6.690349047687927930e-01
9.000000000000000000e+01 6.608182838533074310e-01 3.391817161466976205e-01
9.250000000000000000e+01 9.035183418363291752e-01 9.648165816367736125e-02
9.500000000000000000e+01 9.230660056080060016e-01 7.693399439199871681e-02
9.750000000000000000e+01 7.120162486758055964e-01 2.879837513241981228e-01
1.000000000000000000e+02 3.928605153212199053e-01 6.071394846787918631e-01
1.025000000000000000e+02 1.376601064041616529e-01 8.623398935958449529e-01
1.050000000000000000e+02 8.735357087269966792e-02 9.126464291273035379e-01
1.075000000000000000e+02 2.642044284078716720e-01 7.357955715921355999e-01
1.100000000000000000e+02 5.663078137938318823e-01 4.336921862061715593e-01
1.125000000000000000e+02 8.342721615318102746e-01 1.657278384681976358e-01
1.150000000000000000e+02 9.224290182912194824e-01 7.757098170878395926e-02
1.175000000000000000e+02 7.876368047443884635e-01 2.123631952556113422e-01
1.200000000000000000e+02 5.058732722476717569e-01 4.941267277523351820e-01
1.225000000000000000e+02 2.249634711115074681e-01 7.750365288884947246e-01
1.250000000000000000e+02 1.001149038279930820e-01 8.998850961720152863e-01
1.275000000000000000e+02 1.972080054894024825e-01 8.027919945106073429e-01
1.300000000000000000e+02 4.618901214272149724e-01 5.381098785727995715e-01
1.325000000000000000e+02 7.519873331624380430e-01 2.480126668375728372e-01
1.350000000000000000e+02 9.023831496377032746e-01 9.761685036230499657e-02
1.375000000000000000e+02 8.313199315246770915e-01 1.686800684753345103e-01
1.400000000000000000e+02 5.800777924605431402e-01 4.199222075394707376e-01
1.425000000000000000e+02 2.864753599911064597e-01 7.135246400089044760e-01
1.450000000000000000e+02 1.182537672823108232e-01 8.817462327177072456e-01
1.475000000000000000e+02 1.645405184698256751e-01 8.354594815301913391e-01
1.500000000000000000e+02 3.956636990324708947e-01 6.043363009675448705e-01
1.525000000000000000e+02 6.849766365795908474e-01 3.150233634204268052e-01
1.550000000000000000e+02 8.703068910027951244e-01 1.296931089972255813e-01
1.575000000000000000e+02 8.563409947730113991e-01 1.436590052270106665e-01
1.600000000000000000e+02 6.546196144589413457e-01 3.453803855410803592e-01
1.625000000000000000e+02 3.738750594685388839e-01 6.261249405314839311e-01
1.650000000000000000e+02 1.702824265281766836e-01 8.297175734718487128e-01
1.675000000000000000e+02 1.509152630293002784e-01 8.490847369707311687e-01
1.700000000000000000e+02 3.267764143948440614e-01 6.732235856051892453e-01
1.725000000000000000e+02 6.050165216630170040e-01 3.949834783370133606e-01
1.750000000000000000e+02 8.289221687530834437e-01 1.710778312469512785e-01
1.775000000000000000e+02 8.761243693577354108e-01 1.238756306423000886e-01
1.800000000000000000e+02 7.169586504365361712e-01 2.830413495634998555e-01
1.825000000000000000e+02 4.358476177921291050e-01 5.641523822079056449e-01
1.850000000000000000e+02 1.934743600255714457e-01 8.065256399744602511e-01
1.875000000000000000e+02 1.229251894461104722e-01 8.770748105539305506e-01
1.900000000000000000e+02 2.649165244715843137e-01 7.350834755284560984e-01
1.925000000000000000e+02 5.412040693217949894e-01 4.587959306782407043e-01
1.950000000000000000e+02 7.931495638944879856e-01 2.068504361055466534e-01
1.975000000000000000e+02 8.850408253541599546e-01 1.149591746458776126e-01
2.000000000000000000e+02 7.672201930309134887e-01 2.327798069691228156e-01
2.025000000000000000e+02 5.055689440191101225e-01 4.944310559809292904e-01
2.050000000000000000e+02 2.483612635834674953e-01 7.516387364165783014e-01
2.075000000000000000e+02 1.322602550302141300e-01 8.677397449698354137e-01
2.100000000000000000e+02 2.218540715833570431e-01 7.781459284166881707e-01
2.125000000000000000e+02 4.704935609289926379e-01 5.295064390710511049e-01
2.150000000000000000e+02 7.407018131856852872e-01 2.592981868143555135e-01
2.175000000000000000e+02 8.886752322362342360e-01 1.113247677638127126e-01
2.200000000000000000e+02 8.284399087421503438e-01 1.715600912578947868e-01
2.225000000000000000e+02 5.876065778286948538e-01 4.123934221713513315e-01
2.250000000000000000e+02 2.989364567930075656e-01 7.010635432070353446e-01
2.275000000000000000e+02 1.180900555573604488e-01 8.819099444426786727e-01
2.300000000000000000e+02 1.506178509086377182e-01 8.493821490914064132e-01
2.325000000000000000e+02 3.818869762829902870e-01 6.181130237170575636e-01
2.350000000000000000e+02 6.811245466939526150e-01 3.188754533060964014e-01
2.375000000000000000e+02 8.852764403444339791e-01 1.147235596556137466e-01
2.400000000000000000e+02 8.772343173823490270e-01 1.227656826176963811e-01
2.425000000000000000e+02 6.614918736265511523e-01 3.385081263734966983e-01
2.450000000000000000e+02 3.610079616675662129e-01 6.389920383324828590e-01
2.475000000000000000e+02 1.373642903224404632e-01 8.626357096776072764e-01
2.500000000000000000e+02 1.160146325192423916e-01 8.839853674808080264e-01
2.525000000000000000e+02 3.084619888613866490e-01 6.915380111386664197e-01
2.550000000000000000e+02 6.086796988614042725e-01 3.913203011386469643e-01
2.575000000000000000e+02 8.597878786205792601e-01 1.402121213794725318e-01
2.600000000000000000e+02 9.224347452768814071e-01 7.756525472317646330e-02
2.625000000000000000e+02 7.608317156459269981e-01 2.391682843541288461e-01
2.650000000000000000e+02 4.605243350966118920e-01 5.394756649034440077e-01
2.675000000000000000e+02 1.775859852065529432e-01 8.224140147935024014e-01
2.700000000000000000e+02 7.096698096951933876e-02 9.290330190305373659e-01
2.725000000000000000e+02 2.014626883507403543e-01 7.985373116493150736e-01
2.750000000000000000e+02 4.997582196286258771e-01 5.002417803714314104e-01
2.775000000000000000e+02 8.073459822767897753e-01 1.926540177232677897e-01
2.800000000000000000e+02 9.488226959650999381e-01 5.117730403495854286e-02
2.825000000000000000e+02 8.453292745881995085e-01 1.546707254118557529e-01
2.850000000000000000e+02 5.535823818097721505e-01 4.464176181902828056e-01
2.875000000000000000e+02 2.298154840025705969e-01 7.701845159974858301e-01
2.900000000000000000e+02 5.651765356538778623e-02 9.434823464346717703e-01
2.925000000000000000e+02 1.261479916857141670e-01 8.738520083143461736e-01
2.950000000000000000e+02 3.999986059908687830e-01 6.000013940091855069e-01
2.975000000000000000e+02 7.344349253123554355e-01 2.655650746877062929e-01
3.000000000000000000e+02 9.458964726154510672e-01 5.410352738460638689e-02
3.025000000000000000e+02 9.245424278508576066e-01 7.545757214919673883e-02
3.050000000000000000e+02 6.811315899747086844e-01 3.188684100253509346e-01
3.075000000000000000e+02 3.403336005566842681e-01 6.596663994433779044e-01
3.100000000000000000e+02 8.816929422867153532e-02 9.118307057713891384e-01
3.125000000000000000e+02 5.779868267670089377e-02 9.422013173233612093e-01
3.150000000000000000e+02 2.695468913876638561e-01 7.304531086123988715e-01
3.175000000000000000e+02 6.152423233010028136e-01 3.847576766990572494e-01
3.200000000000000000e+02 9.029794583448056411e-01 9.702054165525762774e-02
3.225000000000000000e+02 9.774063376431089134e-01 2.259366235695497993e-02
3.250000000000000000e+02 7.930787068217055591e-01 2.069212931783557807e-01
3.275000000000000000e+02 4.457126783342649778e-01 5.542873216658030788e-01
3.300000000000000000e+02 1.296661138234785349e-01 8.703338861765906875e-01
3.325000000000000000e+02 1.368290444324387137e-02 9.863170955568325571e-01
3.350000000000000000e+02 1.626461000768294751e-01 8.373538999232403857e-01
3.375000000000000000e+02 4.972763299824373706e-01 5.027236700176371809e-01
3.400000000000000000e+02 8.320574389282353600e-01 1.679425610718368322e-01
3.425000000000000000e+02 9.929804084734860092e-01 7.019591526582424738e-03
3.450000000000000000e+02 8.938157848946020057e-01 1.061842151054713107e-01
3.475000000000000000e+02 5.876709030037943204e-01 4.123290969962765118e-01
3.500000000000000000e+02 2.419729721861222926e-01 7.580270278139520368e-01
3.525000000000000000e+02 3.528237807578102347e-02 9.647176219242968864e-01
3.550000000000000000e+02 8.096464187381890998e-02 9.190353581262580285e-01
3.575000000000000000e+02 3.570664156576982551e-01 6.429335843423809038e-01
3.600000000000000000e+02 7.136769903099248191e-01 2.863230096901526189e-01
3.625000000000000000e+02 9.639741551886717996e-01 3.602584481140928135e-02
3.650000000000000000e+02 9.667752271308837075e-01 3.322477286919510442e-02
3.675000000000000000e+02 7.170318494089064076e-01 2.829681505911725292e-01
3.700000000000000000e+02 3.516062231022951123e-01 6.483937768977865446e-01
3.725000000000000000e+02 6.392902711038550567e-02 9.360709728897015358e-01
3.750000000000000000e+02 1.505200928472290485e-02 9.849479907153568803e-01
3.775000000000000000e+02 2.304821088173075183e-01 7.695178911827760260e-01
3.800000000000000000e+02 5.889508652830138802e-01 4.110491347170647791e-01
3.825000000000000000e+02 9.008292971603306665e-01 9.917070283975049083e-02
3.850000000000000000e+02 9.953176663345832953e-01 4.682333665496743978e-03
3.875000000000000000e+02 8.268668055577441667e-01 1.731331944423442071e-01
3.900000000000000000e+02 4.917095418893614456e-01 5.082904581107241526e-01
3.925000000000000000e+02 1.654653885218551057e-01 8.345346114782268288e-01
3.950000000000000000e+02 2.557986958521607512e-02 9.744201304148648601e-01
3.975000000000000000e+02 1.430287996477604406e-01 8.569712003523193289e-01
4.000000000000000000e+02 4.531998397362036468e-01 5.468001602638865588e-01
4.025000000000000000e+02 7.955605131759946325e-01 2.044394868240920760e-01
4.050000000000000000e+02 9.822152339078150662e-01 1.778476609227646818e-02
4.075000000000000000e+02 9.140583244716526945e-01 8.594167552843288982e-02
4.100000000000000000e+02 6.264086765054368566e-01 3.735913234946478534e-01
4.125000000000000000e+02 2.691902286153106116e-01 7.308097713847758747e-01
4.150000000000000000e+02 4.096113891907003646e-02 9.590388610810245407e-01
4.175000000000000000e+02 6.277693577360002331e-02 9.372230642264924860e-01
4.200000000000000000e+02 3.215609596102137480e-01 6.784390403898834521e-01
4.225000000000000000e+02 6.781739898790769550e-01 3.218260101210118629e-01
4.250000000000000000e+02 9.328515417385638830e-01 6.714845826153212349e-02
4.275000000000000000e+02 9.530300326925235099e-01 4.696996730756992922e-02
4.300000000000000000e+02 7.322721524076318822e-01 2.677278475924608769e-01
4.325000000000000000e+02 3.913605945236413031e-01 6.086394054764545647e-01
4.350000000000000000e+02 1.200939139927361676e-01 8.799060860073583124e-01
4.375000000000000000e+02 5.819247431291925399e-02 9.418075256871786261e-01
4.400000000000000000e+02 2.362362346440572414e-01 7.637637653560367390e-01
4.425000000000000000e+02 5.593841637840939462e-01 4.406158362160000896e-01
4.450000000000000000e+02 8.504768227116430435e-01 1.495231772884533794e-01
4.475000000000000000e+02 9.589211165618576338e-01 4.107888343823663801e-02
4.500000000000000000e+02 8.253342147743605306e-01 1.746657852257365029e-01
4.525000000000000000e+02 5.188746179203147513e-01 4.811253820797856684e-01
4.550000000000000000e+02 2.083898586273992271e-01 7.916101413727023584e-01
4.575000000000000000e+02 5.763091196267453031e-02 9.423690880374294698e-01
4.600000000000000000e+02 1.506537109988206613e-01 8.493462890012819511e-01
4.625000000000000000e+02 4.369859327731373533e-01 5.630140672269644542e-01
4.650000000000000000e+02 7.541822480674554852e-01 2.458177519326541771e-01
4.675000000000000000e+02 9.319274175179332875e-01 6.807258248217173957e-02
4.700000000000000000e+02 8.721285243139381693e-01 1.278714756861650814e-01
4.725000000000000000e+02 6.110257429434845511e-01 3.889742570566157576e-01
4.750000000000000000e+02 2.990362065644376899e-01 7.009637934356649502e-01
4.775000000000000000e+02 1.027768210669324916e-01 8.972231789331710505e-01
4.800000000000000000e+02 1.286909297801470675e-01 8.713090702199552950e-01
4.825000000000000000e+02 3.586284723883417236e-01 6.413715276117597508e-01
4.850000000000000000e+02 6.625320325913891528e-01 3.374679674087155967e-01
4.875000000000000000e+02 8.814325199657875309e-01 1.185674800343127222e-01
4.900000000000000000e+02 8.969227346462147477e-01 1.030772653538870737e-01
4.925000000000000000e+02 7.029394678379219386e-01 2.970605321621864192e-01
4.950000000000000000e+02 4.072037161741739464e-01 5.927962838259368539e-01
4.975000000000000000e+02 1.649954353917582051e-01 8.350045646083481543e-01
5.000000000000000000e+02 1.109370253658724659e-01 8.890629746342356698e-01
5.025000000000000000e+02 2.738967453647712658e-01 7.261032546353364259e-01
5.050000000000000000e+02 5.619886099663190526e-01 4.380113900337904709e-01
5.075000000000000000e+02 8.193809440916284270e-01 1.806190559084767944e-01
5.100000000000000000e+02 8.990412741365754190e-01 1.009587258635335771e-01
5.125000000000000000e+02 7.581453644283189242e-01 2.418546355717921537e-01
5.150000000000000000e+02 4.788034456191443411e-01 5.211965543809663481e-01
5.175000000000000000e+02 2.143124094301020466e-01 7.856875905700112517e-01
5.200000000000000000e+02 1.149179198965327442e-01 8.850820801035741425e-01
5.225000000000000000e+02 2.314814491677774644e-01 7.685185508323354453e-01
5.250000000000000000e+02 4.946540723186218513e-01 5.053459276814873391e-01
5.275000000000000000e+02 7.620324149439877681e-01 2.379675850561190908e-01
5.300000000000000000e+02 8.852772399423003424e-01 1.147227600578166473e-01
5.325000000000000000e+02 8.023953092467528414e-01 1.976046907533567376e-01
5.350000000000000000e+02 5.623061843955956540e-01 4.376938156045180328e-01
5.375000000000000000e+02 2.927115148282237733e-01 7.072884851718909127e-01
5.400000000000000000e+02 1.433062119705175441e-01 8.566937880295938390e-01
5.425000000000000000e+02 1.933087824009570022e-01 8.066912175991554079e-01
5.450000000000000000e+02 4.156608615063471235e-01 5.843391384937677291e-01
5.475000000000000000e+02 6.922094069536592897e-01 3.077905930464544526e-01
5.500000000000000000e+02 8.657334415107875714e-01 1.342665584893215636e-01
5.525000000000000000e+02 8.398671181771811822e-01 1.601328818229253437e-01
5.550000000000000000e+02 6.267074996599564241e-01 3.732925003401578179e-01
5.575000000000000000e+02 3.412579842256932006e-01 6.587420157744205973e-01
5.600000000000000000e+02 1.477100252647486067e-01 8.522899747353660516e-01
5.625000000000000000e+02 1.524742052548865301e-01 8.475257947452286000e-01
5.650000000000000000e+02 3.524745105172464865e-01 6.475254894828663677e-01
5.675000000000000000e+02 6.378197326317139870e-01 3.621802673683987006e-01
5.700000000000000000e+02 8.456827085624079032e-01 1.543172914377059501e-01
5.725000000000000000e+02 8.654212042632576374e-01 1.345787957368549115e-01
5.750000000000000000e+02 6.884933042887282362e-01 3.115066957113827306e-01
5.775000000000000000e+02 4.114495441098611761e-01 5.885504558902524552e-01
5.800000000000000000e+02 1.898639590691170997e-01 8.101360409310008892e-01
5.825000000000000000e+02 1.410468586603766394e-01 8.589531413397417658e-01
5.850000000000000000e+02 2.927948911646277574e-01 7.072051088354929238e-01
5.875000000000000000e+02 5.663414702936718781e-01 4.336585297064522448e-01
5.900000000000000000e+02 8.098878333491297266e-01 1.901121666509936747e-01
5.925000000000000000e+02 8.921801051719930875e-01 1.078198948281265668e-01
5.950000000000000000e+02 7.626703414949126403e-01 2.373296585052176444e-01
5.975000000000000000e+02 4.861212014667722903e-01 5.138787985333553854e-01
6.000000000000000000e+02 2.170188440654181039e-01 7.829811559347052974e-01
6.025000000000000000e+02 1.021479666005173093e-01 8.978520333996133918e-01
6.050000000000000000e+02 2.099769603337102164e-01 7.900230396664255084e-01
6.075000000000000000e+02 4.842871448576992477e-01 5.157128551424323692e-01
6.100000000000000000e+02 7.690499565288047013e-01 2.309500434713234185e-01
6.125000000000000000e+02 9.093245005587240470e-01 9.067549944140573803e-02
6.150000000000000000e+02 8.252564556226025250e-01 1.747435443775292307e-01
6.175000000000000000e+02 5.628560230400917463e-01 4.371439769600344860e-01
6.200000000000000000e+02 2.708816355089623262e-01 7.291183644911705120e-01
6.225000000000000000e+02 1.052520794525011044e-01 8.947479205476264186e-01
6.250000000000000000e+02 1.584616659933990312e-01 8.415383340067305040e-01
6.275000000000000000e+02 4.031722198546501823e-01 5.968277801454813236e-01
6.300000000000000000e+02 7.052361168227240240e-01 2.947638831774027635e-01
6.325000000000000000e+02 9.067097858316116588e-01 9.329021416851385196e-02
6.350000000000000000e+02 8.944156971227397168e-01 1.055843028773864878e-01
6.375000000000000000e+02 6.706119856408361279e-01 3.293880143592953225e-01
6.400000000000000000e+02 3.553362140498551591e-01 6.446637859502784007e-01
6.425000000000000000e+02 1.140860089068276295e-01 8.859139910933037099e-01
6.450000000000000000e+02 8.426624037162808167e-02 9.157337596285064496e-01
6.475000000000000000e+02 2.862022858212524556e-01 7.137977141788787172e-01
6.500000000000000000e+02 6.093064022533642987e-01 3.906935977467709264e-01
6.525000000000000000e+02 8.803958765574217971e-01 1.196041234427160094e-01
6.550000000000000000e+02 9.443955579729111927e-01 5.560444202722307494e-02
6.575000000000000000e+02 7.649343910971616589e-01 2.350656089029687645e-01
6.600000000000000000e+02 4.425246229757974215e-01 5.574753770243342510e-01
6.625000000000000000e+02 1.498004306842029010e-01 8.501995693159285494e-01
6.650000000000000000e+02 5.097665354381278324e-02 9.490233464563175847e-01
6.675000000000000000e+02 1.983477450211889037e-01 8.016522549789419916e-01
6.700000000000000000e+02 5.104286439089950056e-01 4.895713560911386653e-01
6.725000000000000000e+02 8.246043869545454097e-01 1.753956130455859297e-01
6.750000000000000000e+02 9.689780756456123356e-01 3.102192435452522448e-02
6.775000000000000000e+02 8.679679300479734572e-01 1.320320699521618790e-01
6.800000000000000000e+02 5.748404375680302714e-01 4.251595624321032885e-01
6.825000000000000000e+02 2.397743302935580467e-01 7.602256697065804536e-01
6.850000000000000000e+02 4.660207453038625602e-02 9.533979254697534378e-01
6.875000000000000000e+02 9.902044105866301960e-02 9.009795589414766326e-01
6.900000000000000000e+02 3.718641467938921807e-01 6.281358532062472078e-01
6.925000000000000000e+02 7.234796271620376196e-01 2.765203728381028236e-01
6.950000000000000000e+02 9.569948604068421183e-01 4.300513959329516772e-02
6.975000000000000000e+02 9.452847522695350113e-01 5.471524773060560537e-02
7.000000000000000000e+02 6.920355088199219296e-01 3.079644911802201235e-01
7.025000000000000000e+02 3.309930036717212976e-01 6.690069963284195342e-01
7.050000000000000000e+02 6.459576757199049502e-02 9.354042324281477416e-01
7.075000000000000000e+02 3.448807829862031438e-02 9.655119217015177835e-01
7.100000000000000000e+02 2.568711357146234442e-01 7.431288642855234938e-01
7.125000000000000000e+02 6.140305267556386282e-01 3.859694732445042020e-01
7.150000000000000000e+02 9.093389634482135220e-01 9.066103655193349931e-02
7.175000000000000000e+02 9.905793387895903690e-01 9.420661210548464393e-03
7.200000000000000000e+02 8.151020242764250856e-01 1.848979757237180221e-01
7.225000000000000000e+02 4.744324044561570308e-01 5.255675955439849112e-01
7.250000000000000000e+02 1.538969112286146523e-01 8.461030887715258464e-01
7.275000000000000000e+02 1.919923922334450250e-02 9.808007607768047809e-01
7.300000000000000000e+02 1.452466833300160576e-01 8.547533166701284379e-01
7.325000000000000000e+02 4.685948543355621387e-01 5.314051456645862981e-01
7.350000000000000000e+02 8.122919131530617065e-01 1.877080868470861474e-01
7.375000000000000000e+02 9.946445273129707054e-01 5.355472687180199906e-03
7.400000000000000000e+02 9.114378004615395490e-01 8.856219953860984540e-02
7.425000000000000000e+02 6.038802945127450528e-01 3.961197054874008305e-01
7.450000000000000000e+02 2.425066302609823476e-01 7.574933697391617038e-01
7.475000000000000000e+02 1.927852626894936694e-02 9.807214737311951147e-01
7.500000000000000000e+02 5.867627602076506965e-02 9.413237239793764699e-01
7.525000000000000000e+02 3.385223220763415863e-01 6.614776779238055182e-01
7.550000000000000000e+02 7.018839409662782636e-01 2.981160590338683969e-01
7.575000000000000000e+02 9.581051905640028954e-01 4.189480943613724251e-02
7.600000000000000000e+02 9.687849028405925988e-01 3.121509715955226097e-02
7.625000000000000000e+02 7.324603211651411483e-01 2.675396788350056787e-01
7.650000000000000000e+02 3.813632922999933283e-01 6.186367077001496684e-01
7.675000000000000000e+02 9.779616994468579017e-02 9.022038300554559020e-01
7.700000000000000000e+02 3.532421714416304759e-02 9.646757828559792136e-01
7.725000000000000000e+02 2.254171953524009564e-01 7.745828046477439832e-01
7.750000000000000000e+02 5.643380038397566301e-01 4.356619961603900304e-01
7.775000000000000000e+02 8.760883244542001513e-01 1.239116755459419988e-01
7.800000000000000000e+02 9.882621362938064369e-01 1.173786370633946897e-02
7.825000000000000000e+02 8.399330330398473432e-01 1.600669669602967915e-01
7.850000000000000000e+02 5.113620363461406360e-01 4.886379636540019722e-01
7.875000000000000000e+02 1.754274077719530922e-01 8.245725922281879061e-01
7.900000000000000000e+02 1.962229102063949362e-02 9.803777089795087107e-01
7.925000000000000000e+02 1.261280939101327436e-01 8.738719060900119739e-01
7.950000000000000000e+02 4.335933059676070345e-01 5.664066940325415134e-01
7.975000000000000000e+02 7.770479494051236724e-01 2.229520505950235987e-01
8.000000000000000000e+02 9.655573146301247300e-01 3.444268537002049407e-02
8.025000000000000000e+02 9.034020898913007747e-01 9.659791010884535845e-02
8.050000000000000000e+02 6.303624246383531249e-01 3.696375753617953119e-01
8.075000000000000000e+02 2.933755979054148422e-01 7.066244020947326510e-01
8.100000000000000000e+02 7.809721134114394614e-02 9.219027886590073217e-01
8.125000000000000000e+02 9.398394356889158696e-02 9.060160564312592646e-01
8.150000000000000000e+02 3.294293596502257948e-01 6.705706403499305246e-01
8.175000000000000000e+02 6.608016312948625792e-01 3.391983687052899654e-01
8.200000000000000000e+02 9.066134870411688418e-01 9.338651295897908156e-02
8.225000000000000000e+02 9.389189010939880120e-01 6.108109890616109094e-02
8.250000000000000000e+02 7.393167966914355738e-01 2.606832033087145839e-01
8.275000000000000000e+02 4.117421560376127720e-01 5.882578439625365530e-01
8.300000000000000000e+02 1.378372840868016813e-01 8.621627159133486984e-01
8.325000000000000000e+02 6.285928943049584605e-02 9.371407105696558659e-01
8.350000000000000000e+02 2.282269516491261252e-01 7.717730483510251149e-01
8.375000000000000000e+02 5.439286136713571418e-01 4.560713863287924608e-01
8.400000000000000000e+02 8.307084400790670786e-01 1.692915599210858546e-01
8.425000000000000000e+02 9.356389627485109939e-01 6.436103725164199485e-02
8.450000000000000000e+02 8.032561003628828633e-01 1.967438996372704030e-01
8.475000000000000000e+02 5.091797032264556711e-01 4.908202967736929878e-01
8.500000000000000000e+02 2.211641698973189074e-01 7.788358301028319719e-01
8.525000000000000000e+02 9.111306588420900465e-02 9.088869341159458992e-01
8.550000000000000000e+02 1.875107005298041751e-01 8.124892994703482030e-01
8.575000000000000000e+02 4.556956255732254601e-01 5.443043744269289164e-01
8.600000000000000000e+02 7.459804439961147393e-01 2.540195560040393596e-01
8.625000000000000000e+02 9.073560322581799564e-01 9.264396774197733442e-02
8.650000000000000000e+02 8.525465295942422639e-01 1.474534704059143053e-01
8.675000000000000000e+02 6.111805321903174271e-01 3.888194678098413903e-01
8.700000000000000000e+02 3.168522924493388238e-01 6.831477075508203267e-01
8.725000000000000000e+02 1.248658878061311567e-01 8.751341121940312551e-01
8.750000000000000000e+02 1.427514284121578214e-01 8.572485715880029389e-01
8.775000000000000000e+02 3.610191188405940110e-01 6.389808811595631965e-01
8.800000000000000000e+02 6.556173191930458888e-01 3.443826808071098755e-01
8.825000000000000000e+02 8.663669914140562645e-01 1.336330085861026640e-01
8.850000000000000000e+02 8.730858417968141438e-01 1.269141582033490867e-01
8.875000000000000000e+02 6.736941506896332310e-01 3.263058493105241986e-01
8.900000000000000000e+02 3.843696277373229164e-01 6.156303722628377884e-01
8.925000000000000000e+02 1.632098734998089773e-01 8.367901265003458988e-01
8.950000000000000000e+02 1.344458568042413427e-01 8.655541431959147269e-01
8.975000000000000000e+02 3.101185900478646840e-01 6.898814099522979637e-01
9.000000000000000000e+02 5.883106227985447356e-01 4.116893772016181896e-01
9.025000000000000000e+02 8.203453029474634395e-01 1.796546970526956000e-01
9.050000000000000000e+02 8.787430476992070805e-01 1.212569523009557892e-01
9.075000000000000000e+02 7.353713911716365237e-01 2.646286088285268456e-01
9.100000000000000000e+02 4.714465306736812522e-01 5.285534693264799522e-01
9.125000000000000000e+02 2.264910785398564497e-01 7.735089214603035890e-01
9.150000000000000000e+02 1.369839365873140591e-01 8.630160634128458685e-01
9.175000000000000000e+02 2.513750909910725806e-01 7.486249090090912883e-01
9.200000000000000000e+02 5.066481589319002943e-01 4.933518410682649624e-01
9.225000000000000000e+02 7.658222442901659877e-01 2.341777557099956608e-01
9.250000000000000000e+02 8.800125457247727212e-01 1.199874542753924661e-01
9.275000000000000000e+02 7.845560384742147342e-01 2.154439615259470808e-01
9.300000000000000000e+02 5.322536760515879095e-01 4.677463239485778468e-01
9.325000000000000000e+02 2.607003504884746192e-01 7.392996495116885836e-01
9.350000000000000000e+02 1.264530311578624111e-01 8.735469688422953238e-01
9.375000000000000000e+02 2.029210232440002704e-01 7.970789767561621275e-01
9.400000000000000000e+02 4.454276982410328989e-01 5.545723017591295267e-01
9.425000000000000000e+02 7.215052618198206646e-01 2.784947381803473676e-01
9.450000000000000000e+02 8.749872496252386611e-01 1.250127503749282054e-01
9.475000000000000000e+02 8.255134669520417523e-01 1.744865330481306931e-01
9.500000000000000000e+02 6.031296306185627287e-01 3.968703693816033606e-01
9.525000000000000000e+02 3.272371625550272167e-01 6.727628374451395388e-01
9.550000000000000000e+02 1.518344771714143504e-01 8.481655228287567905e-01
9.575000000000000000e+02 1.700976941167402501e-01 8.299023058834326116e-01
9.600000000000000000e+02 3.734280801700583519e-01 6.265719198301206161e-01
9.625000000000000000e+02 6.559484150067478314e-01 3.440515849934349113e-01
9.650000000000000000e+02 8.595722256721366472e-01 1.404277743280388790e-01
9.675000000000000000e+02 8.724357420166601873e-01 1.275642579835157553e-01
9.700000000000000000e+02 6.823088002976148703e-01 3.176911997025670953e-01
9.725000000000000000e+02 3.875799425833848511e-01 6.124200574167918409e-01
9.750000000000000000e+02 1.548906271688617053e-01 8.451093728313143760e-01
9.775000000000000000e+02 1.124138451012023920e-01 8.875861548989748551e-01
9.800000000000000000e+02 2.870765546745972507e-01 7.129234453255809401e-01
9.825000000000000000e+02 5.855137510313788152e-01 4.144862489688010410e-01
9.850000000000000000e+02 8.377449833417706104e-01 1.622550166584149633e-01
9.875000000000000000e+02 9.072779862690599773e-01 9.272201373112465284e-02
9.900000000000000000e+02 7.553258587755157238e-01 2.446741412246642988e-01
9.925000000000000000e+02 4.643017256498090939e-01 5.356982743503782007e-01
9.950000000000000000e+02 1.979997735741449993e-01 8.020002264260432945e-01
9.975000000000000000e+02 9.774356518686312667e-02 9.022564348133268464e-01
1.000000000000000000e+03 2.197394784774411025e-01 7.802605215227402802e-01
1.002500000000000000e+03 5.013023480886689143e-01 4.986976519115149387e-01
1.005000000000000000e+03 7.882931519577933699e-01 2.117068480423884846e-01
1.007500000000000000e+03 9.297157447267279107e-01 7.028425527345683044e-02
1.010000000000000000e+03 8.439147720296518163e-01 1.560852279705324253e-01
1.012500000000000000e+03 5.710197504484570974e-01 4.289802495517229808e-01
1.015000000000000000e+03 2.593602056102373155e-01 7.406397943899478697e-01
1.017500000000000000e+03 7.452545632612042614e-02 9.254745436740704490e-01
1.020000000000000000e+03 1.235878743597012414e-01 8.764121256404848737e-01
1.022500000000000000e+03 3.843613273156484267e-01 6.156386726845415325e-01
1.025000000000000000e+03 7.117507875192706779e-01 2.882492124809212242e-01
1.027500000000000000e+03 9.293960139049121105e-01 7.060398609528907576e-02
1.030000000000000000e+03 9.128369094697998953e-01 8.716309053039049404e-02
1.032500000000000000e+03 6.700341040988846419e-01 3.299658959013072601e-01
1.035000000000000000e+03 3.376171641552512259e-01 6.623828358449427300e-01
1.037500000000000000e+03 9.289999136477525288e-02 9.071000086354205072e-01
1.040000000000000000e+03 7.234664716803221318e-02 9.276533528321653232e-01
1.042500000000000000e+03 2.867988227039550142e-01 7.132011772962393303e-01
1.045000000000000000e+03 6.184945592650481494e-01 3.815054407351490262e-01
1.047500000000000000e+03 8.953879755343077118e-01 1.046120244658892973e-01
1.050000000000000000e+03 9.657766793234241476e-01 3.422332067677272271e-02
1.052500000000000000e+03 7.912805060933985057e-01 2.087194939068004462e-01
1.055000000000000000e+03 4.645339959479560243e-01 5.354660040522435382e-01
1.057500000000000000e+03 1.537760834671048626e-01 8.462239165330958102e-01
1.060000000000000000e+03 3.103253530087119946e-02 9.689674646993254870e-01
1.062500000000000000e+03 1.641533742257010042e-01 8.358466257744926464e-01
1.065000000000000000e+03 4.827348913101758288e-01 5.172651086900195150e-01
1.067500000000000000e+03 8.193135134701374778e-01 1.806864865300606693e-01
1.070000000000000000e+03 9.841766372756148851e-01 1.582336272458551366e-02
1.072500000000000000e+03 8.869382524369351373e-01 1.130617475632610391e-01
1.075000000000000000e+03 5.804858668135128852e-01 4.195141331866837353e-01
1.077500000000000000e+03 2.278138895764015015e-01 7.721861104237969231e-01
1.080000000000000000e+03 2.637290778849449638e-02 9.736270922117005178e-01
1.082500000000000000e+03 8.242664830548310229e-02 9.175733516947175428e-01
1.085000000000000000e+03 3.639657813949090381e-01 6.360342186052884150e-01
1.087500000000000000e+03 7.230646217477034732e-01 2.769353782524961449e-01
1.090000000000000000e+03 9.633408496943343113e-01 3.665915030586463369e-02
1.092500000000000000e+03 9.616951243250601022e-01 3.830487567513293778e-02
1.095000000000000000e+03 7.199622113925248090e-01 2.800377886076688694e-01
1.097500000000000000e+03 3.627669849593535556e-01 6.372330150408384020e-01
1.100000000000000000e+03 8.422915183841007958e-02 9.157708481617855556e-01
1.102500000000000000e+03 2.918012136617395558e-02 9.708198786340320741e-01
1.105000000000000000e+03 2.297324262794169791e-01 7.702675737207779205e-01
1.107500000000000000e+03 5.832034524313212120e-01 4.167965475688765187e-01
1.110000000000000000e+03 8.945243559642701570e-01 1.054756440359248953e-01
1.112500000000000000e+03 9.976766028126684560e-01 2.323397187524070973e-03
1.115000000000000000e+03 8.325070239606616740e-01 1.674929760395352518e-01
1.117500000000000000e+03 4.849203273979271200e-01 5.150796726022721650e-01
1.120000000000000000e+03 1.489621074886398056e-01 8.510378925115572590e-01
1.122500000000000000e+03 3.062707962685424449e-03 9.969372920375199065e-01
1.125000000000000000e+03 1.276459258770930305e-01 8.723540741231112783e-01
1.127500000000000000e+03 4.550200510190284264e-01 5.449799489811785191e-01
1.130000000000000000e+03 8.027452181068945869e-01 1.972547818933138575e-01
1.132500000000000000e+03 9.900925714938135780e-01 9.907428506402681315e-03
1.135000000000000000e+03 9.176497545946445955e-01 8.235024540556584727e-02
1.137500000000000000e+03 6.266827563812090718e-01 3.733172436189964305e-01
1.140000000000000000e+03 2.777792292238447924e-01 7.222207707763669271e-01
1.142500000000000000e+03 5.105740470423067445e-02 9.489425952959793520e-01
1.145000000000000000e+03 6.926268890322005711e-02 9.307373110969917596e-01
1.147500000000000000e+03 3.227999740692688579e-01 6.772000259309426395e-01
1.150000000000000000e+03 6.732131144767634634e-01 3.267868855234525860e-01
1.152500000000000000e+03 9.374211980109776743e-01 6.257880198923514159e-02
1.155000000000000000e+03 9.679578372098537331e-01 3.204216279035750070e-02
1.157500000000000000e+03 7.465932607379407449e-01 2.534067392622736392e-01
1.160000000000000000e+03 3.952402559332290899e-01 6.047597440669848501e-01
1.162500000000000000e+03 1.000795916515659495e-01 8.999204083486452843e-01
1.165000000000000000e+03 2.600468052283434403e-02 9.739953194773823819e-01
1.167500000000000000e+03 2.109667924653318427e-01 7.890332075348818197e-01
1.170000000000000000e+03 5.492188649241400711e-01 4.507811350760742020e-01
1.172500000000000000e+03 8.602431884046218835e-01 1.397568115955895307e-01
1.175000000000000000e+03 9.729717622238512886e-01 2.702823777636140581e-02
1.177500000000000000e+03 8.330222308876906734e-01 1.669777691125228503e-01
1.180000000000000000e+03 5.228599557316346846e-01 4.771400442685808096e-01
1.182500000000000000e+03 2.070414015680433484e-01 7.929585984321713132e-01
1.185000000000000000e+03 5.795662406607621914e-02 9.420433759341361180e-01
1.187500000000000000e+03 1.503594458982846771e-01 8.496405541019310670e-01
1.190000000000000000e+03 4.315424076121086028e-01 5.684575923881053372e-01
1.192500000000000000e+03 7.546909806397685827e-01 2.453090193604469671e-01
1.195000000000000000e+03 9.423388257355427289e-01 5.766117426467269602e-02
1.197500000000000000e+03 8.957934074085852627e-01 1.042065925916293434e-01
1.200000000000000000e+03 6.397114902605322007e-01 3.602885097396855141e-01
1.202500000000000000e+03 3.085052695729929573e-01 6.914947304272247575e-01
1.205000000000000000e+03 8.700434764200111470e-02 9.129956523582167804e-01
1.207500000000000000e+03 9.300545200112954325e-02 9.069945479990938475e-01
1.210000000000000000e+03 3.218628179035498693e-01 6.781371820966728414e-01
1.212500000000000000e+03 6.489724213461048885e-01 3.510275786541192100e-01
1.215000000000000000e+03 8.890964537228632780e-01 1.109035462773579617e-01
1.217500000000000000e+03 9.158056750079631714e-01 8.419432499226396638e-02
1.220000000000000000e+03 7.189226890281767979e-01 2.810773109720488550e-01
1.222500000000000000e+03 4.082104018183057570e-01 5.917895981819234485e-01
1.225000000000000000e+03 1.589708532280310338e-01 8.410291467721996428e-01
1.227500000000000000e+03 1.007962678423171693e-01 8.992037321579149367e-01
1.230000000000000000e+03 2.619403833792561254e-01 7.380596166209757447e-01
1.232500000000000000e+03 5.548276309331553469e-01 4.451723690670753575e-01
1.235000000000000000e+03 8.173263619825608117e-01 1.826736380176745833e-01
1.237500000000000000e+03 9.130499909059448527e-01 8.695000909428735048e-02
1.240000000000000000e+03 7.899666703592187478e-01 2.100333296410190620e-01
1.242500000000000000e+03 5.126979702715436238e-01 4.873020297286881908e-01
1.245000000000000000e+03 2.350453148664958247e-01 7.649546851337343245e-01
1.247500000000000000e+03 1.045481789528224376e-01 8.954518210474100570e-01
1.250000000000000000e+03 1.948875225166702974e-01 8.051124774835684006e-01
1.252500000000000000e+03 4.573099393155779513e-01 5.426900606846601915e-01
1.255000000000000000e+03 7.418875973579053262e-01 2.581124026423324835e-01
1.257500000000000000e+03 8.936419182880743772e-01 1.063580817121633493e-01
1.260000000000000000e+03 8.268238668242249290e-01 1.731761331760166001e-01
1.262500000000000000e+03 5.803242332933646885e-01 4.196757667068727327e-01
1.265000000000000000e+03 2.972221342420859336e-01 7.027778657581528199e-01
1.267500000000000000e+03 1.310195920068628894e-01 8.689804079933771686e-01
1.270000000000000000e+03 1.734399187088939143e-01 8.265600812913451723e-01
1.272500000000000000e+03 3.981929135015461751e-01 6.018070864986895252e-01
1.275000000000000000e+03 6.770751859677466289e-01 3.229248140324889604e-01
1.277500000000000000e+03 8.625836153252414151e-01 1.374163846749923146e-01
1.280000000000000000e+03 8.535603405195226756e-01 1.464396594807147456e-01
1.282500000000000000e+03 6.565095897013837334e-01 3.434904102988531327e-01
1.285000000000000000e+03 3.813026643003507576e-01 6.186973356998908269e-01
1.287500000000000000e+03 1.733139532480792167e-01 8.266860467521564004e-01
1.290000000000000000e+03 1.493503255756173376e-01 8.506496744246199171e-01
1.292500000000000000e+03 3.237398613243931411e-01 6.762601386758483324e-01
1.295000000000000000e+03 5.992432299516787797e-01 4.007567700485629159e-01
1.297500000000000000e+03 8.266270951855402283e-01 1.733729048146968044e-01
1.300000000000000000e+03 8.740703237009637139e-01 1.259296762992805352e-01
1.302500000000000000e+03 7.133985103825669638e-01 2.866014896176786175e-01
1.305000000000000000e+03 4.358720828188498153e-01 5.641279171813908810e-01
1.307500000000000000e+03 1.936652392891158037e-01 8.063347607111280846e-01
1.310000000000000000e+03 1.262203055533324958e-01 8.737796944469122806e-01
1.312500000000000000e+03 2.697209707367029807e-01 7.302790292635402691e-01
1.315000000000000000e+03 5.411126476100875937e-01 4.588873523901596529e-01
1.317500000000000000e+03 7.933646853939421151e-01 2.066353146063014679e-01
1.320000000000000000e+03 8.851859442211685858e-01 1.148140557790724159e-01
1.322500000000000000e+03 7.696970230823237946e-01 2.303029769179201214e-01
1.325000000000000000e+03 5.130625798972821006e-01 4.869374201029623150e-01
1.327500000000000000e+03 2.515421339766548137e-01 7.484578660235902126e-01
1.330000000000000000e+03 1.307555892952644294e-01 8.692444107049799307e-01
1.332500000000000000e+03 2.157941727230366924e-01 7.842058272772083338e-01
1.335000000000000000e+03 4.616089600980367025e-01 5.383910399022113769e-01
1.337500000000000000e+03 7.392538972515390050e-01 2.607461027487130711e-01
1.340000000000000000e+03 8.916923919988717362e-01 1.083076080013781889e-01
1.342500000000000000e+03 8.329425139681281287e-01 1.670574860321188126e-01
1.345000000000000000e+03 5.912452671370698187e-01 4.087547328631767063e-01
1.347500000000000000e+03 2.942973421880397122e-01 7.057026578122119753e-01
1.350000000000000000e+03 1.115944474963778132e-01 8.884055525038808687e-01
1.352500000000000000e+03 1.446287130142863697e-01 8.553712869859724233e-01
1.355000000000000000e+03 3.765858229123006939e-01 6.234141770879590982e-01
1.357500000000000000e+03 6.824438703621067415e-01 3.175561296381480547e-01
1.360000000000000000e+03 8.884274072422519986e-01 1.115725927580039356e-01
1.362500000000000000e+03 8.840981172163839830e-01 1.159018827838759202e-01
1.365000000000000000e+03 6.730031837137978590e-01 3.269968162864577144e-01
1.367500000000000000e+03 3.685886831586978607e-01 6.314113168415631527e-01
1.370000000000000000e+03 1.409403643757220492e-01 8.590596356245366882e-01
1.372500000000000000e+03 1.103527746555944822e-01 8.896472253446632283e-01
1.375000000000000000e+03 2.949281332403865807e-01 7.050718667598747658e-01
1.377500000000000000e+03 5.998553962894888070e-01 4.001446037107690423e-01
1.380000000000000000e+03 8.577514084081875323e-01 1.422485915920767563e-01
1.382500000000000000e+03 9.313649377452031253e-01 6.863506225505811020e-02
1.385000000000000000e+03 7.751645046918909099e-01 2.248354953083687158e-01
1.387500000000000000e+03 4.664489343169287427e-01 5.335510656833343246e-01
1.390000000000000000e+03 1.751451434279398811e-01 8.248548565723212711e-01
1.392500000000000000e+03 5.792168684518455429e-02 9.420783131550714007e-01
1.395000000000000000e+03 1.844612738920248796e-01 8.155387261082345240e-01
1.397500000000000000e+03 4.901569622667341641e-01 5.098430377335234631e-01
1.400000000000000000e+03 8.033841890920521145e-01 1.966158109082080108e-01
1.402500000000000000e+03 9.552321505810962288e-01 4.476784941916407690e-02
1.405000000000000000e+03 8.593005733155014703e-01 1.406994266847588215e-01
1.407500000000000000e+03 5.669898853459577337e-01 4.330101146543000601e-01
1.410000000000000000e+03 2.426152922493518549e-01 7.573847077509127113e-01
1.412500000000000000e+03 5.818865381862219771e-02 9.418113461816475240e-01
1.415000000000000000e+03 1.158633554892472273e-01 8.841366445110219185e-01
1.417500000000000000e+03 3.856822714205387914e-01 6.143177285797332132e-01
1.420000000000000000e+03 7.202584130183379285e-01 2.797415869819324108e-01
1.422500000000000000e+03 9.462628320360011447e-01 5.373716796427098485e-02
1.425000000000000000e+03 9.389487094042147097e-01 6.105129059605452629e-02
1.427500000000000000e+03 6.990861478993415368e-01 3.009138521009326328e-01
1.430000000000000000e+03 3.549807443148266239e-01 6.450192556854441595e-01
1.432500000000000000e+03 8.520557953307218713e-02 9.147944204672002755e-01
1.435000000000000000e+03 4.080504436851001282e-02 9.591949556317631576e-01
1.437500000000000000e+03 2.488747204318363937e-01 7.511252795684399963e-01
1.440000000000000000e+03 5.961884087940221288e-01 4.038115912062537616e-01
1.442500000000000000e+03 8.984675244562125851e-01 1.015324755440683013e-01
1.445000000000000000e+03 9.846915597230396777e-01 1.530844027724021297e-02
1.447500000000000000e+03 8.072582144946810478e-01 1.927417855055883200e-01
1.450000000000000000e+03 4.652551865192879887e-01 5.347448134809893450e-01
1.452500000000000000e+03 1.409107239573096360e-01 8.590892760429682529e-01
1.455000000000000000e+03 1.501192364631336387e-02 9.849880763539666795e-01
1.457500000000000000e+03 1.529674525297565757e-01 8.470325474705269198e-01
1.460000000000000000e+03 4.775760609066018736e-01 5.224239390936860072e-01
1.462500000000000000e+03 8.195514046881530179e-01 1.804485953121373332e-01
1.465000000000000000e+03 9.928225782061715909e-01 7.177421794123849813e-03
1.467500000000000000e+03 9.087789262659222711e-01 9.122107373436798283e-02
1.470000000000000000e+03 6.131320590399266246e-01 3.868679409603640318e-01
1.472500000000000000e+03 2.577119024012594628e-01 7.422880975990345798e-01
1.475000000000000000e+03 3.619192977152161511e-02 9.638080702287719070e-01
1.477500000000000000e+03 6.495653353916022721e-02 9.350434664611305680e-01
1.480000000000000000e+03 3.304510739218962101e-01 6.695489260784002195e-01
1.482500000000000000e+03 6.949168432863328526e-01 3.050831567139580258e-01
1.485000000000000000e+03 9.555761726278735324e-01 4.442382737241367535e-02
1.487500000000000000e+03 9.724573543697632161e-01 2.754264563052595885e-02
1.490000000000000000e+03 7.342951602392830956e-01 2.657048397610151103e-01
1.492500000000000000e+03 3.671499303298971784e-01 6.328500696703974748e-01
1.495000000000000000e+03 7.661115019708304719e-02 9.233888498032150061e-01
1.497500000000000000e+03 1.632809487512236132e-02 9.836719051251727741e-01
1.500000000000000000e+03 2.180158588173788381e-01 7.819841411829173694e-01
1.502500000000000000e+03 5.733877065016721453e-01 4.266122934986303350e-01
1.505000000000000000e+03 8.859195755566017239e-01 1.140804244436910142e-01
1.507500000000000000e+03 9.948224139209672634e-01 5.177586079329556459e-03
1.510000000000000000e+03 8.440095535537924798e-01 1.559904464465069196e-01
1.512500000000000000e+03 5.143224687475975720e-01 4.856775312527001898e-01
1.515000000000000000e+03 1.861975204771164349e-01 8.138024795231781905e-01
1.517500000000000000e+03 2.869807951880539235e-02 9.713019204814907770e-01
1.520000000000000000e+03 1.274497823717610501e-01 8.725502176285411249e-01
1.522500000000000000e+03 4.315081725779356114e-01 5.684918274223670354e-01
1.525000000000000000e+03 7.739680568657177906e-01 2.260319431345838292e-01
1.527500000000000000e+03 9.744589225466683269e-01 2.554107745362961882e-02
1.530000000000000000e+03 9.199725071831760248e-01 8.002749281712646934e-02
1.532500000000000000e+03 6.377355441100314160e-01 3.622644558902718970e-01
1.535000000000000000e+03 2.849594406482951481e-01 7.150405593520129388e-01
1.537500000000000000e+03 4.938996176303243196e-02 9.506100382372689728e-01
1.540000000000000000e+03 6.212051980427052422e-02 9.378794801960355088e-01
1.542500000000000000e+03 3.139867911736846651e-01 6.860132088266212014e-01
1.545000000000000000e+03 6.618679195080472422e-01 3.381320804922616774e-01
1.547500000000000000e+03 9.216349883291323764e-01 7.836501167117142230e-02
1.550000000000000000e+03 9.525166570233488672e-01 4.748334297696059358e-02
1.552500000000000000e+03 7.437338640445453342e-01 2.562661359557620311e-01
1.555000000000000000e+03 4.145781845947977828e-01 5.854218154055149670e-01
1.557500000000000000e+03 1.376923774481644824e-01 8.623076225521471017e-01
1.560000000000000000e+03 6.317051308691437606e-02 9.368294869133888536e-01
1.562500000000000000e+03 2.274198521838930453e-01 7.725801478164110447e-01
1.565000000000000000e+03 5.391222784770191012e-01 4.608777215232835456e-01
1.567500000000000000e+03 8.354219227736555675e-01 1.645780772266450254e-01
1.570000000000000000e+03 9.525329705811877989e-01 4.746702941911921242e-02
1.572500000000000000e+03 8.278375419589902862e-01 1.721624580413158856e-01
1.575000000000000000e+03 5.296050462135978298e-01 4.703949537867080366e-01
1.577500000000000000e+03 2.157564398631585112e-01 7.842435601371483544e-01
1.580000000000000000e+03 6.234288865166248694e-02 9.376571113486463771e-01
1.582500000000000000e+03 1.506486462359655498e-01 8.493513537643422318e-01
1.585000000000000000e+03 4.288688989989052347e-01 5.711311010014032963e-01
1.587500000000000000e+03 7.457837800624493863e-01 2.542162199378564247e-01
1.590000000000000000e+03 9.230826790913752022e-01 7.691732090893176055e-02
1.592500000000000000e+03 8.696346763606683794e-01 1.303653236396393189e-01
1.595000000000000000e+03 6.208535156036233404e-01 3.791464843966832476e-01
1.597500000000000000e+03 3.129457554279532205e-01 6.870542445723526459e-01
1.600000000000000000e+03 1.176885976092629515e-01 8.823114023910487713e-01
1.602500000000000000e+03 1.350321649009684488e-01 8.649678350993392772e-01
1.605000000000000000e+03 3.518705032048375370e-01 6.481294967954719377e-01
1.607500000000000000e+03 6.526555740656524440e-01 3.473444259346618601e-01
1.610000000000000000e+03 8.713781788115280147e-01 1.286218211887838470e-01
1.612500000000000000e+03 8.938309963960260340e-01 1.061690036042912122e-01
1.615000000000000000e+03 7.074637506377544627e-01 2.925362493625640603e-01
1.617500000000000000e+03 4.101102156037053081e-01 5.898897843966121046e-01
1.620000000000000000e+03 1.677088124388172452e-01 8.322911875614988908e-01
1.622500000000000000e+03 1.100977887502692654e-01 8.899022112500533099e-01
1.625000000000000000e+03 2.700268218842573065e-01 7.299731781160607724e-01
1.627500000000000000e+03 5.604813361117966242e-01 4.395186638885222319e-01
1.630000000000000000e+03 8.149967073381556570e-01 1.850032926621652529e-01
1.632500000000000000e+03 8.953657472607342571e-01 1.046342527395848349e-01
1.635000000000000000e+03 7.577036554146749925e-01 2.422963445856430309e-01
1.637500000000000000e+03 4.799007669377864382e-01 5.200992330625315851e-01
1.640000000000000000e+03 2.220623080040446673e-01 7.779376919962776027e-01
1.642500000000000000e+03 1.224986622939920194e-01 8.775013377063280995e-01
1.645000000000000000e+03 2.344177433593023774e-01 7.655822566410153129e-01
1.647500000000000000e+03 4.950587019468627448e-01 5.049412980534558892e-01
1.650000000000000000e+03 7.576918703558590540e-01 2.423081296444587751e-01
1.652500000000000000e+03 8.843335465554573727e-01 1.156664534448618720e-01
1.655000000000000000e+03 8.060218611409837308e-01 1.939781388593407596e-01
1.657500000000000000e+03 5.645885055200553504e-01 4.354114944802623954e-01
1.660000000000000000e+03 2.940596439872598111e-01 7.059403560130624866e-01
1.662500000000000000e+03 1.380414608788898545e-01 8.619585391214313885e-01
1.665000000000000000e+03 1.853757020807673683e-01 8.146242979195539302e-01
1.667500000000000000e+03 4.125300310004768600e-01 5.874699689998447161e-01
1.670000000000000000e+03 6.914281797583823330e-01 3.085718202419457379e-01
1.672500000000000000e+03 8.696733563005557555e-01 1.303266436997691513e-01
1.675000000000000000e+03 8.431239357958317804e-01 1.568760642045005926e-01
1.677500000000000000e+03 6.247109398931354196e-01 3.752890601071910415e-01
1.680000000000000000e+03 3.397318827786217632e-01 6.602681172217077510e-01
1.682500000000000000e+03 1.444975795849945954e-01 8.555024204153344192e-01
1.685000000000000000e+03 1.507912329789483086e-01 8.492087670213795958e-01
1.687500000000000000e+03 3.541690409004258910e-01 6.458309590999032901e-01
1.690000000000000000e+03 6.381296721829093910e-01 3.618703278174200122e-01
1.692500000000000000e+03 8.503683409221221012e-01 1.496316590782030553e-01
1.695000000000000000e+03 8.731220346654681164e-01 1.268779653348516556e-01
1.697500000000000000e+03 6.958838409528470548e-01 3.041161590474790177e-01
1.700000000000000000e+03 4.180041736688002718e-01 5.819958263315289093e-01
1.702500000000000000e+03 1.861755846294620986e-01 8.138244153708644735e-01
1.705000000000000000e+03 1.299343540032248112e-01 8.700656459971012335e-01
1.707500000000000000e+03 2.812659692460922622e-01 7.187340307542396944e-01
1.710000000000000000e+03 5.583437513253506346e-01 4.416562486749803784e-01
1.712500000000000000e+03 8.143282339488708832e-01 1.856717660514651536e-01
1.715000000000000000e+03 9.025446648019473939e-01 9.745533519838872616e-02
1.717500000000000000e+03 7.706632356812137541e-01 2.293367643191142613e-01
1.720000000000000000e+03 4.891868431274002393e-01 5.108131568729343819e-01
1.722500000000000000e+03 2.089146494898128092e-01 7.910853505105204242e-01
1.725000000000000000e+03 9.077457209358243129e-02 9.092254279067518707e-01
1.727500000000000000e+03 2.009900555036063241e-01 7.990099444967292408e-01
1.730000000000000000e+03 4.781041577200273451e-01 5.218958422803133823e-01
1.732500000000000000e+03 7.727388024734327399e-01 2.272611975269110685e-01
1.735000000000000000e+03 9.185423171882334259e-01 8.145768281211288042e-02
1.737500000000000000e+03 8.384182203715253578e-01 1.615817796288249453e-01
1.740000000000000000e+03 5.783872993530478901e-01 4.216127006472972782e-01
1.742500000000000000e+03 2.767542572145063051e-01 7.232457427858369758e-01
1.745000000000000000e+03 1.010847024516059456e-01 8.989152975487419983e-01
1.747500000000000000e+03 1.443870122733860728e-01 8.556129877269579298e-01
1.750000000000000000e+03 3.846931844861309902e-01 6.153068155142218387e-01
1.752500000000000000e+03 6.982208223124729551e-01 3.017791776878782639e-01
1.755000000000000000e+03 9.117451651344558039e-01 8.825483486589116855e-02
1.757500000000000000e+03 9.095678944882609196e-01 9.043210551208956394e-02
1.760000000000000000e+03 6.874122998386845707e-01 3.125877001616602091e-01
1.762500000000000000e+03 3.584318303286309626e-01 6.415681696717200344e-01
1.765000000000000000e+03 1.057904585807301900e-01 8.942095414196205017e-01
1.767500000000000000e+03 6.683499424080786844e-02 9.331650057595408665e-01
1.770000000000000000e+03 2.669976658468721231e-01 7.330023341534741554e-01
1.772500000000000000e+03 6.010982256037296079e-01 3.989017743966144502e-01
1.775000000000000000e+03 8.809170059908115746e-01 1.190829940095463335e-01
1.777500000000000000e+03 9.561386399176291517e-01 4.386136008272188691e-02
1.780000000000000000e+03 7.846540703839759434e-01 2.153459296163716952e-01
1.782500000000000000e+03 4.584969460375296624e-01 5.415030539628177264e-01
1.785000000000000000e+03 1.600509211558725220e-01 8.399490788444794465e-01
1.787500000000000000e+03 4.650341023719301026e-02 9.534965897631583198e-01
1.790000000000000000e+03 1.804918134407704766e-01 8.195081865595817971e-01
1.792500000000000000e+03 4.928016320200067635e-01 5.071983679803511169e-01
1.795000000000000000e+03 8.133033783524048488e-01 1.866966216479553631e-01
1.797500000000000000e+03 9.755151176219161169e-01 2.448488237843887000e-02
1.800000000000000000e+03 8.883326715750885505e-01 1.116673284252736459e-01
1.802500000000000000e+03 5.932654767311782429e-01 4.067345232691855772e-01
1.805000000000000000e+03 2.496351674887125616e-01 7.503648325116393236e-01
1.807500000000000000e+03 3.744804264447264969e-02 9.625519573558841691e-01
1.810000000000000000e+03 7.703987158061206819e-02 9.229601284197390676e-01
1.812500000000000000e+03 3.508371550882029566e-01 6.491628449121523703e-01
1.815000000000000000e+03 7.075500673123225059e-01 2.924499326880388717e-01
1.817500000000000000e+03 9.568780700576419163e-01 4.312192994271119711e-02
1.820000000000000000e+03 9.578706975660677969e-01 4.212930243429065941e-02
1.822500000000000000e+03 7.096544105598640018e-01 2.903455894404948223e-01
1.825000000000000000e+03 3.517169483670835595e-01 6.482830516332765969e-01
1.827500000000000000e+03 7.419336134209283951e-02 9.258066386582657348e-01
1.830000000000000000e+03 3.062260824422128463e-02 9.693773917561370190e-01
1.832500000000000000e+03 2.425399847970708400e-01 7.574600152032905376e-01
1.835000000000000000e+03 5.926079058811831723e-01 4.073920941191718770e-01
1.837500000000000000e+03 8.994146250448115110e-01 1.005853749555433996e-01
1.840000000000000000e+03 9.964799307317674382e-01 3.520069268594182722e-03
1.842500000000000000e+03 8.338489649902098844e-01 1.661510350101438604e-01
1.845000000000000000e+03 4.991351436114139228e-01 5.008648563889470662e-01
1.847500000000000000e+03 1.644215779272447664e-01 8.355784220731220513e-01
1.850000000000000000e+03 1.308253978637943793e-02 9.869174602139878516e-01
1.852500000000000000e+03 1.258514182061034603e-01 8.741485817942630243e-01
1.855000000000000000e+03 4.425549644204726518e-01 5.574450355798916679e-01
1.857500000000000000e+03 7.970895379810920556e-01 2.029104620192810626e-01
1.860000000000000000e+03 9.909737758397492158e-01 9.026224160624176512e-03
1.862500000000000000e+03 9.197673565350275027e-01 8.023264346534247915e-02
1.865000000000000000e+03 6.227520240701940324e-01 3.772479759301776703e-01
1.867500000000000000e+03 2.583471154267961145e-01 7.416528845735756992e-01
1.870000000000000000e+03 3.036695898232996335e-02 9.696330410180421522e-01
1.872500000000000000e+03 5.814109043480783501e-02 9.418589095655651722e-01
1.875000000000000000e+03 3.237324347285659432e-01 6.762675652718097563e-01
1.877500000000000000e+03 6.859614416608668108e-01 3.140385583395108315e-01
1.880000000000000000e+03 9.461392603358320663e-01 5.386073966454796996e-02
1.882500000000000000e+03 9.718471908563902639e-01 2.815280914399268669e-02
1.885000000000000000e+03 7.521464573925586983e-01 2.478535426078167792e-01
1.887500000000000000e+03 4.022825883111298406e-01 5.977174116892479683e-01
1.890000000000000000e+03 1.129189222872110793e-01 8.870810777131657998e-01
1.892500000000000000e+03 3.334621256883801843e-02 9.666537874315402901e-01
1.895000000000000000e+03 2.072245206156262398e-01 7.927754793847530124e-01
1.897500000000000000e+03 5.443890927733185947e-01 4.556109072270569382e-01
1.900000000000000000e+03 8.585429190987590164e-01 1.414570809016168496e-01
1.902500000000000000e+03 9.829212679544796494e-01 1.707873204590132366e-02
1.905000000000000000e+03 8.467107693469602125e-01 1.532892306534208160e-01
1.907500000000000000e+03 5.216302051972686593e-01 4.783697948031044311e-01
1.910000000000000000e+03 1.900801444479271463e-01 8.099198555524517174e-01
1.912500000000000000e+03 2.858042567979758586e-02 9.714195743205791267e-01
1.915000000000000000e+03 1.257676877093490964e-01 8.742323122910307109e-01
1.917500000000000000e+03 4.268631063501654443e-01 5.731368936502103661e-01
1.920000000000000000e+03 7.619593525846599658e-01 2.380406474157203411e-01
1.922500000000000000e+03 9.555478526257408234e-01 4.445214737463895616e-02
1.925000000000000000e+03 9.050156976874950132e-01 9.498430231288523817e-02
1.927500000000000000e+03 6.420723278738738049e-01 3.579276721265066685e-01
1.930000000000000000e+03 3.142353934960216977e-01 6.857646065043574435e-01
1.932500000000000000e+03 9.196345469125566385e-02 9.080365453091234773e-01
1.935000000000000000e+03 9.513968805771166881e-02 9.048603119426659180e-01
1.937500000000000000e+03 3.203965687577938759e-01 6.796034312425807133e-01
1.940000000000000000e+03 6.432647161587794482e-01 3.567352838415943639e-01
1.942500000000000000e+03 8.943601021156130093e-01 1.056398978847642167e-01
1.945000000000000000e+03 9.336968323811329906e-01 6.630316761924551217e-02
1.947500000000000000e+03 7.392283474022336431e-01 2.607716525981419453e-01
1.950000000000000000e+03 4.189928939062337321e-01 5.810071060941434107e-01
1.952500000000000000e+03 1.439133035086896384e-01 8.560866964916870048e-01
1.955000000000000000e+03 6.868116319149876470e-02 9.313188368088798352e-01
1.957500000000000000e+03 2.320481936841360393e-01 7.679518063162449337e-01
1.960000000000000000e+03 5.391749197681533490e-01 4.608250802322264028e-01
1.962500000000000000e+03 8.237859700905040272e-01 1.762140299098852170e-01
1.965000000000000000e+03 9.273791387129202146e-01 7.262086128746388092e-02
1.967500000000000000e+03 7.996635383779093775e-01 2.003364616224750094e-01
1.970000000000000000e+03 5.175233446302870410e-01 4.824766553700987615e-01
1.972500000000000000e+03 2.331430421122964169e-01 7.668569578880906068e-01
1.975000000000000000e+03 1.034469995450268132e-01 8.965530004553577959e-01
1.977500000000000000e+03 1.934207939714326085e-01 8.065792060289515009e-01
1.980000000000000000e+03 4.506399776058478412e-01 5.493600223945365180e-01
1.982500000000000000e+03 7.392863046888658030e-01 2.607136953115178901e-01
1.985000000000000000e+03 8.998791280030182804e-01 1.001208719973656347e-01
1.987500000000000000e+03 8.476548190761425960e-01 1.523451809242419297e-01
1.990000000000000000e+03 6.107723163100358121e-01 3.892276836903487136e-01
1.992500000000000000e+03 3.143372375354868131e-01 6.856627624648981012e-01
1.995000000000000000e+03 1.250608146027556156e-01 8.749391853976320466e-01
1.997500000000000000e+03 1.451252612161759159e-01 8.548747387842159373e-01
2.000000000000000000e+03 3.629701031176025272e-01 6.370298968827855512e-01
