0.000000000000000000e+00 0.000000000000000000e+00 1.000000000000000000e+00
2.500000000000000000e+00 1.373929733895069005e-01 8.626070266104907125e-01
5.000000000000000000e+00 4.735114401380879356e-01 5.264885598619024609e-01
7.500000000000000000e+00 8.231773117191931721e-01 1.768226882807950040e-01
1.000000000000000000e+01 9.956604587841170195e-01 4.339541215869865097e-03
1.250000000000000000e+01 8.990246712655615147e-01 1.009753287344232753e-01
1.500000000000000000e+01 5.879881617646699477e-01 4.120118382353141206e-01
1.750000000000000000e+01 2.320520076407652232e-01 7.679479923592189561e-01
2.000000000000000000e+01 2.360546287051008135e-02 9.763945371294699971e-01
2.250000000000000000e+01 7.504829549550981471e-02 9.249517045044650665e-01
2.500000000000000000e+01 3.582957371996442486e-01 6.417042628003296612e-01
2.750000000000000000e+01 7.190859921730335946e-01 2.809140078269441454e-01
3.000000000000000000e+01 9.603467020243731112e-01 3.965329797560122188e-02
3.250000000000000000e+01 9.505250758783004850e-01 4.947492412167467379e-02
3.500000000000000000e+01 6.963684812943857771e-01 3.036315187055874665e-01
3.750000000000000000e+01 3.383221248427205063e-01 6.616778751572488515e-01
4.000000000000000000e+01 7.158908929752215433e-02 9.284109107024458574e-01
4.250000000000000000e+01 3.894823213262391115e-02 9.610517678673391462e-01
4.500000000000000000e+01 2.553149711657569654e-01 7.446850288342016233e-01
4.750000000000000000e+01 6.027551364806325029e-01 3.972448635193248645e-01
5.000000000000000000e+01 8.950618987413456740e-01 1.049381012586068362e-01
5.250000000000000000e+01 9.762712510589740544e-01 2.372874894097899354e-02
5.500000000000000000e+01 8.026739418300976592e-01 1.973260581698549898e-01
5.750000000000000000e+01 4.666776914683098965e-01 5.333223085316374235e-01
6.000000000000000000e+01 1.488554151763895050e-01 8.511445848235552614e-01
6.250000000000000000e+01 2.125376722216733641e-02 9.787462327777707305e-01
6.500000000000000000e+01 1.533222868220320834e-01 8.466777131778985277e-01
6.750000000000000000e+01 4.732986105180300163e-01 5.267013894819003728e-01
7.000000000000000000e+01 8.076725445607424447e-01 1.923274554391887492e-01
7.250000000000000000e+01 9.763361682732015767e-01 2.366383172672135646e-02
7.500000000000000000e+01 8.896684898488536053e-01 1.103315101510667778e-01
7.750000000000000000e+01 5.950239918734512301e-01 4.049760081264707212e-01
8.000000000000000000e+01 2.501407300192795002e-01 7.498592699806405637e-01
8.250000000000000000e+01 3.954989080487513603e-02 9.604501091950395919e-01
8.500000000000000000e+01 7.731137176487587470e-02 9.226886282350357238e-01
8.750000000000000000e+01 3.454510843828336730e-01 6.545489156170781753e-01
9.000000000000000000e+01 7.009678971223001209e-01 2.990321028776100065e-01
9.250000000000000000e+01 9.507384691000808630e-01 4.926153089982581584e-02
9.500000000000000000e+01 9.567293785671938666e-01 4.327062143271018929e-02
9.750000000000000000e+01 7.136519301877379817e-01 2.863480698121610990e-01
1.000000000000000000e+02 3.535349071463051995e-01 6.464650928535931040e-01
1.025000000000000000e+02 7.315673628940552731e-02 9.268432637104943028e-01
1.050000000000000000e+02 2.553683569919252411e-02 9.744631643007062305e-01
1.075000000000000000e+02 2.366956955711320421e-01 7.633043044287624035e-01
1.100000000000000000e+02 5.925377871549504238e-01 4.074622128449444380e-01
1.125000000000000000e+02 9.008210150706844610e-01 9.917898492921298215e-02
1.150000000000000000e+02 9.940826968932783281e-01 5.917303106616409770e-03
1.175000000000000000e+02 8.198120493751933635e-01 1.801879506246983620e-01
1.200000000000000000e+02 4.705673970673034390e-01 5.294326029325903127e-01
1.225000000000000000e+02 1.360979715333008044e-01 8.639020284665872573e-01
1.250000000000000000e+02 4.157219213774608450e-04 9.995842780785075821e-01
1.275000000000000000e+02 1.392070654405346275e-01 8.607929345593505754e-01
1.300000000000000000e+02 4.763419587245699693e-01 5.236580412753103486e-01
1.325000000000000000e+02 8.260433855109559076e-01 1.739566144889242161e-01
1.350000000000000000e+02 9.968289041768323422e-01 3.171095823047879927e-03
1.375000000000000000e+02 8.971245636917133393e-01 1.028754363081633427e-01
1.400000000000000000e+02 5.835027414049048788e-01 4.164972585949685557e-01
1.425000000000000000e+02 2.274492682270710664e-01 7.725507317727986489e-01
1.450000000000000000e+02 2.167306546683275131e-02 9.783269345330323219e-01
1.475000000000000000e+02 7.694245089238871405e-02 9.230575491074832772e-01
1.500000000000000000e+02 3.630032796302781195e-01 6.369967203695943159e-01
1.525000000000000000e+02 7.243433859258174845e-01 2.756566140740522863e-01
1.550000000000000000e+02 9.638090585284455614e-01 3.619094147142459111e-02
1.575000000000000000e+02 9.504814140939865652e-01 4.951858590588141540e-02
1.600000000000000000e+02 6.923504064660450652e-01 3.076495935338191545e-01
1.625000000000000000e+02 3.318183646861230796e-01 6.681816353137407516e-01
1.650000000000000000e+02 6.600039059194146018e-02 9.339996094079169309e-01
1.675000000000000000e+02 3.783840082384574977e-02 9.621615991760158471e-01
1.700000000000000000e+02 2.597481955170499734e-01 7.402518044828094723e-01
1.725000000000000000e+02 6.100667083593316331e-01 3.899332916405234828e-01
1.750000000000000000e+02 9.005306219760167430e-01 9.946937802383652716e-02
1.775000000000000000e+02 9.765010519615866524e-01 2.349894803826182987e-02
1.800000000000000000e+02 7.978602058207485692e-01 2.021397941790995245e-01
1.825000000000000000e+02 4.600794993400218469e-01 5.399205006598313261e-01
1.850000000000000000e+02 1.443858132888731771e-01 8.556141867109769983e-01
1.875000000000000000e+02 2.128597937877766202e-02 9.787140206210707127e-01
1.900000000000000000e+02 1.578050019675455162e-01 8.421949980322992468e-01
1.925000000000000000e+02 4.799397170850216443e-01 5.200602829148143202e-01
1.950000000000000000e+02 8.128345476111065171e-01 1.871654523887278376e-01
1.975000000000000000e+02 9.767302742815238137e-01 2.326972571831303557e-02
2.000000000000000000e+02 8.844925904501913516e-01 1.155074095496366748e-01
2.025000000000000000e+02 5.870466555120674723e-01 4.129533444877595549e-01
2.050000000000000000e+02 2.442725374866745180e-01 7.557274625131495949e-01
2.075000000000000000e+02 3.949181231897462563e-02 9.605081876808480024e-01
2.100000000000000000e+02 8.292128556473682410e-02 9.170787144350815989e-01
2.125000000000000000e+02 3.530484378336721796e-01 6.469515621661394711e-01
2.150000000000000000e+02 7.061609282619901728e-01 2.938390717378214223e-01
2.175000000000000000e+02 9.512229561515171961e-01 4.877704384829291417e-02
2.200000000000000000e+02 9.530309822264119157e-01 4.696901777339354545e-02
2.225000000000000000e+02 7.080633582948757665e-01 2.919366417049287787e-01
2.250000000000000000e+02 3.487436988245594116e-01 6.512563011752438014e-01
2.275000000000000000e+02 7.131648230053892756e-02 9.286835176992581653e-01
2.300000000000000000e+02 2.750264333169800610e-02 9.724973566681033299e-01
2.325000000000000000e+02 2.413741836446967048e-01 7.586258163550931855e-01
2.350000000000000000e+02 5.971458474259947469e-01 4.028541525737939777e-01
2.375000000000000000e+02 9.025568580745976233e-01 9.744314192519253071e-02
2.400000000000000000e+02 9.921448563543940891e-01 7.855143645395374491e-03
2.425000000000000000e+02 8.158953907883290668e-01 1.841046092114595467e-01
2.450000000000000000e+02 4.673250056780385298e-01 5.326749943217499172e-01
2.475000000000000000e+02 1.351254229141087837e-01 8.648745770856851589e-01
2.500000000000000000e+02 1.621466679850851406e-03 9.983785333199348688e-01
2.525000000000000000e+02 1.416861483768100949e-01 8.583138516229755766e-01
2.550000000000000000e+02 4.792551310470860582e-01 5.207448689527023333e-01
2.575000000000000000e+02 8.285064682662586222e-01 1.714935317335203324e-01
2.600000000000000000e+02 9.975690806698103152e-01 2.430919329968561290e-03
2.625000000000000000e+02 8.950818859800744320e-01 1.049181140197004425e-01
2.650000000000000000e+02 5.790894626659305322e-01 4.209105373338424272e-01
2.675000000000000000e+02 2.229106398210877193e-01 7.770893601786815763e-01
2.700000000000000000e+02 1.972285966402355720e-02 9.802771403357479763e-01
2.725000000000000000e+02 7.879315629426086875e-02 9.212068437055103143e-01
2.750000000000000000e+02 3.676284178154655136e-01 6.323715821843004514e-01
2.775000000000000000e+02 7.294045585591779624e-01 2.705954414405840613e-01
2.800000000000000000e+02 9.670483432443163219e-01 3.295165675544539652e-02
2.825000000000000000e+02 9.504855922805319768e-01 4.951440771922684808e-02
2.850000000000000000e+02 6.888420509402524150e-01 3.111579490594978403e-01
2.875000000000000000e+02 3.260344832888887323e-01 6.739655167108583589e-01
2.900000000000000000e+02 6.078170809851181355e-02 9.392182919012291853e-01
2.925000000000000000e+02 3.642828424219352740e-02 9.635717157575494074e-01
2.950000000000000000e+02 2.634707667331098180e-01 7.365292332666297792e-01
2.975000000000000000e+02 6.168277418011620661e-01 3.831722581985798071e-01
3.000000000000000000e+02 9.059258636806065690e-01 9.407413631913540131e-02
3.025000000000000000e+02 9.769669051523641734e-01 2.303309484737341845e-02
3.050000000000000000e+02 7.932418708592319234e-01 2.067581291405033439e-01
3.075000000000000000e+02 4.535059916092940013e-01 5.464940083904401558e-01
3.100000000000000000e+02 1.398865165034846036e-01 8.601134834962480546e-01
3.125000000000000000e+02 2.133318269910707693e-02 9.786668173006205507e-01
3.150000000000000000e+02 1.623108551371519881e-01 8.376891448625743974e-01
3.175000000000000000e+02 4.865965582043704774e-01 5.134034417953545759e-01
3.200000000000000000e+02 8.181283232712397435e-01 1.818716767284810909e-01
3.225000000000000000e+02 9.774588277470173114e-01 2.254117225270212480e-02
3.250000000000000000e+02 8.796529788084467283e-01 1.203470211912722465e-01
3.275000000000000000e+02 5.790190319438663913e-01 4.209809680558498357e-01
3.300000000000000000e+02 2.378297894498856702e-01 7.621702105498298074e-01
3.325000000000000000e+02 3.869687281248902072e-02 9.613031271872256589e-01
3.350000000000000000e+02 8.819324314044409141e-02 9.118067568592718164e-01
3.375000000000000000e+02 3.609149122992900138e-01 6.390850877004232711e-01
3.400000000000000000e+02 7.118993866517610014e-01 2.881006133479491194e-01
3.425000000000000000e+02 9.520470691177854716e-01 4.795293088191882047e-02
3.450000000000000000e+02 9.493221251507641956e-01 5.067787484893716832e-02
3.475000000000000000e+02 7.023423939266275617e-01 2.976576060730721229e-01
3.500000000000000000e+02 3.439360772707134584e-01 6.560639227289778441e-01
3.525000000000000000e+02 6.957220856476548088e-02 9.304277914349221579e-01
3.550000000000000000e+02 2.955126059321706855e-02 9.704487394064770234e-01
3.575000000000000000e+02 2.460983789139337130e-01 7.539016210857573119e-01
3.600000000000000000e+02 6.018097667130611894e-01 3.981902332866266714e-01
3.625000000000000000e+02 9.042750432722179710e-01 9.572495672747058371e-02
3.650000000000000000e+02 9.899205335031601161e-01 1.007946649652717228e-02
3.675000000000000000e+02 8.114255694790309947e-01 1.885744305206559779e-01
3.700000000000000000e+02 4.636341239295368455e-01 5.363658760701467410e-01
3.725000000000000000e+02 1.342535299545191685e-01 8.657464700451592554e-01
3.750000000000000000e+02 3.498931832986150806e-03 9.965010681666905956e-01
3.775000000000000000e+02 1.449069786216123923e-01 8.550930213780645328e-01
3.800000000000000000e+02 4.824333912538721902e-01 5.175666087458028475e-01
3.825000000000000000e+02 8.306938817207192294e-01 1.693061182789583063e-01
3.850000000000000000e+02 9.978935811831309843e-01 2.106418816536624865e-03
3.875000000000000000e+02 8.928662380590607350e-01 1.071337619406060315e-01
3.900000000000000000e+02 5.747572542119502303e-01 4.252427457877096528e-01
3.925000000000000000e+02 2.184745289946246061e-01 7.815254710050330011e-01
3.950000000000000000e+02 1.776088538043457329e-02 9.822391146192244182e-01
3.975000000000000000e+02 8.056392322811262163e-02 9.194360767715412663e-01
4.000000000000000000e+02 3.721388582092729491e-01 6.278611417903853242e-01
4.025000000000000000e+02 7.342537726539628551e-01 2.657462273456954738e-01
4.050000000000000000e+02 9.700099996088651366e-01 2.999000039079284530e-02
4.075000000000000000e+02 9.504104964221347096e-01 4.958950357751894245e-02
4.100000000000000000e+02 6.857221189489824953e-01 3.142778810506677845e-01
4.125000000000000000e+02 3.209919680937671771e-01 6.790080319058803271e-01
4.150000000000000000e+02 5.613114005414794605e-02 9.438688599454977401e-01
4.175000000000000000e+02 3.495646845208128656e-02 9.650435315475642817e-01
4.200000000000000000e+02 2.665854558988840495e-01 7.334145441007505761e-01
4.225000000000000000e+02 6.229636443266830526e-01 3.770363556729501298e-01
4.250000000000000000e+02 9.111093725306792512e-01 8.889062746895637357e-02
4.275000000000000000e+02 9.775941039899189722e-01 2.240589600971580955e-02
4.300000000000000000e+02 7.888198817125160467e-01 2.111801182871161087e-01
4.325000000000000000e+02 4.469608296577238238e-01 5.530391703419058613e-01
4.350000000000000000e+02 1.353261532646420073e-01 8.646738467349867063e-01
4.375000000000000000e+02 2.136220001341622432e-02 9.786377999862094779e-01
4.400000000000000000e+02 1.668337817516259147e-01 8.331662182479920853e-01
4.425000000000000000e+02 4.932620565159049897e-01 5.067379434837060437e-01
4.450000000000000000e+02 8.235149060730779791e-01 1.764850939265329988e-01
4.475000000000000000e+02 9.784970149662021166e-01 2.150298503340648468e-02
4.500000000000000000e+02 8.752310675391626882e-01 1.247689324604476790e-01
4.525000000000000000e+02 5.711364068648772108e-01 4.288635931347339891e-01
4.550000000000000000e+02 2.309896666535745102e-01 7.690103333460314161e-01
4.575000000000000000e+02 3.717064761844106335e-02 9.628293523811608523e-01
4.600000000000000000e+02 9.294873025621416818e-02 9.070512697433865679e-01
4.625000000000000000e+02 3.688339205670528864e-01 6.311660794325505419e-01
4.650000000000000000e+02 7.180821469432999704e-01 2.819178530563025142e-01
4.675000000000000000e+02 9.532393239214086433e-01 4.676067607819085759e-02
4.700000000000000000e+02 9.456616057132904984e-01 5.433839428630686530e-02
4.725000000000000000e+02 6.965075890874196096e-01 3.034924109121798219e-01
4.750000000000000000e+02 3.391144778105307234e-01 6.608855221890665987e-01
4.775000000000000000e+02 6.795832230523564388e-02 9.320416776943593051e-01
4.800000000000000000e+02 3.173719901794837261e-02 9.682628009816498516e-01
4.825000000000000000e+02 2.508946847078779019e-01 7.491053152917223068e-01
4.850000000000000000e+02 6.065311756396597476e-01 3.934688243599405721e-01
4.875000000000000000e+02 9.060132286916012800e-01 9.398677130799876211e-02
4.900000000000000000e+02 9.874981559947979548e-01 1.250184400479893536e-02
4.925000000000000000e+02 8.064504236268386084e-01 1.935495763727553553e-01
4.950000000000000000e+02 4.593973682399307146e-01 5.406026317596623887e-01
4.975000000000000000e+02 1.332640607683633627e-01 8.667359392312274924e-01
5.000000000000000000e+02 5.869821254418323975e-03 9.941301787451739536e-01
5.025000000000000000e+02 1.488688395602236203e-01 8.511311604393648755e-01
5.050000000000000000e+02 4.860224455243060682e-01 5.139775544752774872e-01
5.075000000000000000e+02 8.327467555819882961e-01 1.672532444175945932e-01
5.100000000000000000e+02 9.978428534267511640e-01 2.157146572832864886e-03
5.125000000000000000e+02 8.904577302687179952e-01 1.095422697308653937e-01
5.150000000000000000e+02 5.705145146856712701e-01 4.294854853139081219e-01
5.175000000000000000e+02 2.141910993866245339e-01 7.858089006129519438e-01
5.200000000000000000e+02 1.581795498071935507e-02 9.841820450188494274e-01
5.225000000000000000e+02 8.223443383331564827e-02 9.177655661662486031e-01
5.250000000000000000e+02 3.765027234193052408e-01 6.234972765802540007e-01
5.275000000000000000e+02 7.388788986349501542e-01 2.611211013646070889e-01
5.300000000000000000e+02 9.726579771145009712e-01 2.734202288505247283e-02
5.325000000000000000e+02 9.501394499430608764e-01 4.986055005649126654e-02
5.350000000000000000e+02 6.828363152568124317e-01 3.171636847427385941e-01
5.375000000000000000e+02 3.166384166113396237e-01 6.833615833882090707e-01
5.400000000000000000e+02 5.218495828365393024e-02 9.478150417158905938e-01
5.425000000000000000e+02 3.366260416600923289e-02 9.663373958335295111e-01
5.450000000000000000e+02 2.692529912656778102e-01 7.307470087338574505e-01
5.475000000000000000e+02 6.284624097173467927e-01 3.715375902821900223e-01
5.500000000000000000e+02 9.159684289060108231e-01 8.403157109352640819e-02
5.525000000000000000e+02 9.783017042228874249e-01 2.169829577664882103e-02
5.550000000000000000e+02 7.845885913565984193e-01 2.154114086429357311e-01
5.575000000000000000e+02 4.404525467595373223e-01 5.595474532399964396e-01
5.600000000000000000e+02 1.306742236093122178e-01 8.693257763902242363e-01
5.625000000000000000e+02 2.132668209929243497e-02 9.786733179002415906e-01
5.650000000000000000e+02 1.713529606056212184e-01 8.286470393939137091e-01
5.675000000000000000e+02 4.999258547971431321e-01 5.000741452023874656e-01
5.700000000000000000e+02 8.289522542818950068e-01 1.710477457176327043e-01
5.725000000000000000e+02 9.797935624277548383e-01 2.020643757177276872e-02
5.750000000000000000e+02 8.712620175018808144e-01 1.287379824976482290e-01
5.775000000000000000e+02 5.635702737542467311e-01 4.364297262452789816e-01
5.800000000000000000e+02 2.239650826854592824e-01 7.760349173140657086e-01
5.825000000000000000e+02 3.499884433698974284e-02 9.650011556625360809e-01
5.850000000000000000e+02 9.707622572324228760e-02 9.029237742762835639e-01
5.875000000000000000e+02 3.765983747774325763e-01 6.234016252220893062e-01
5.900000000000000000e+02 7.245699401719306598e-01 2.754300598275939427e-01
5.925000000000000000e+02 9.547872993919106488e-01 4.521270060760960996e-02
5.950000000000000000e+02 9.420901997947906947e-01 5.790980020472850237e-02
5.975000000000000000e+02 6.905705439554329361e-01 3.094294560440815078e-01
6.000000000000000000e+02 3.342675430947077420e-01 6.657324569048072016e-01
6.025000000000000000e+02 6.649335109023045420e-02 9.335066489092915809e-01
6.050000000000000000e+02 3.411380080591830399e-02 9.658861991935960845e-01
6.075000000000000000e+02 2.558020500860768154e-01 7.441979499134361298e-01
6.100000000000000000e+02 6.113169532964369823e-01 3.886830467030724101e-01
6.125000000000000000e+02 9.078001975500818999e-01 9.219980244942471703e-02
6.150000000000000000e+02 9.849694762257574787e-01 1.503052377374897511e-02
6.175000000000000000e+02 8.010595615759212862e-01 1.989404384235785861e-01
6.200000000000000000e+02 4.545804027939868708e-01 5.454195972055092545e-01
6.225000000000000000e+02 1.319698401424598544e-01 8.680301598570393518e-01
6.250000000000000000e+02 8.520877401982696747e-03 9.914791225975161382e-01
6.275000000000000000e+02 1.534965390964142529e-01 8.465034609030773760e-01
6.300000000000000000e+02 4.901140288698404013e-01 5.098859711296469532e-01
6.325000000000000000e+02 8.348010355998707333e-01 1.651989643996146229e-01
6.350000000000000000e+02 9.974771706221533529e-01 2.522829377332594294e-03
6.375000000000000000e+02 8.878466574436423286e-01 1.121533425558389890e-01
6.400000000000000000e+02 5.663670124233736169e-01 4.336329875761069652e-01
6.425000000000000000e+02 2.101172285680571183e-01 7.898827714314223813e-01
6.450000000000000000e+02 1.394896214929156400e-02 9.860510378501874396e-01
6.475000000000000000e+02 8.380618032466760625e-02 9.161938196748065089e-01
6.500000000000000000e+02 3.806928801715110389e-01 6.193071198279661571e-01
6.525000000000000000e+02 7.432703164902598747e-01 2.567296835092204299e-01
6.550000000000000000e+02 9.749760875868671572e-01 2.502391241260972302e-02
6.575000000000000000e+02 9.495795653575378470e-01 5.042043464193936980e-02
6.600000000000000000e+02 6.800182675802552978e-01 3.199817324192216206e-01
6.625000000000000000e+02 3.128572887665352908e-01 6.871427112329372422e-01
6.650000000000000000e+02 4.900298439429409680e-02 9.509970156051792411e-01
6.675000000000000000e+02 3.275796490031480240e-02 9.672420350991575155e-01
6.700000000000000000e+02 2.716701848662548269e-01 7.283298151332163739e-01
6.725000000000000000e+02 6.333723662496859586e-01 3.666276337497882953e-01
6.750000000000000000e+02 9.204265890128414673e-01 7.957341098663187062e-02
6.775000000000000000e+02 9.790122977582140784e-01 2.098770224126084508e-02
6.800000000000000000e+02 7.805395895352089664e-01 2.194604104642669251e-01
6.825000000000000000e+02 4.339980968809590278e-01 5.660019031185142824e-01
6.850000000000000000e+02 1.259075437649480322e-01 8.740924562345211424e-01
6.875000000000000000e+02 2.117175730158210242e-02 9.788282426978853756e-01
6.900000000000000000e+02 1.758322892141908345e-01 8.241677107852819484e-01
6.925000000000000000e+02 5.065731880098255369e-01 4.934268119896423332e-01
6.950000000000000000e+02 8.343998969655785913e-01 1.656001030338919988e-01
6.975000000000000000e+02 9.812783122566183236e-01 1.872168774284581338e-02
7.000000000000000000e+02 8.677323829038223746e-01 1.322676170956411379e-01
7.025000000000000000e+02 5.564484529571754878e-01 4.435515470422859430e-01
7.050000000000000000e+02 2.169781015811212410e-01 7.830218984183354713e-01
7.075000000000000000e+02 3.233439266479744278e-02 9.676656073346566744e-01
7.100000000000000000e+02 1.005418157597040008e-01 8.994581842397486593e-01
7.125000000000000000e+02 3.840352550193694148e-01 6.159647449800853547e-01
7.150000000000000000e+02 7.312048959401328263e-01 2.687951040593158369e-01
7.175000000000000000e+02 9.566429613051782299e-01 4.335703869427252888e-02
7.200000000000000000e+02 9.386280699508505743e-01 6.137193004860185680e-02
7.225000000000000000e+02 6.845338519275872002e-01 3.154661480718656819e-01
7.250000000000000000e+02 3.293687241929603160e-01 6.706312758064919555e-01
7.275000000000000000e+02 6.517517835609809573e-02 9.348248216433505675e-01
7.300000000000000000e+02 3.672577476127876495e-02 9.632742252381762960e-01
7.325000000000000000e+02 2.608678343974287217e-01 7.391321656020208852e-01
7.350000000000000000e+02 6.161802435862785421e-01 3.838197564131759498e-01
7.375000000000000000e+02 9.096539810256029090e-01 9.034601897384712810e-02
7.400000000000000000e+02 9.824179707518662097e-01 1.758202924758365399e-02
7.425000000000000000e+02 7.953708705213128338e-01 2.046291294781362735e-01
7.450000000000000000e+02 4.492131786554468542e-01 5.507868213440012539e-01
7.475000000000000000e+02 1.302369953080143306e-01 8.697630046914321955e-01
7.500000000000000000e+02 1.123303183675541939e-02 9.887669681626894969e-01
7.525000000000000000e+02 1.586540752102261753e-01 8.413459247892172144e-01
7.550000000000000000e+02 4.947371032786066491e-01 5.052628967208330213e-01
7.575000000000000000e+02 8.369699440029396698e-01 1.630300559964992513e-01
7.600000000000000000e+02 9.968657162022432905e-01 3.134283797192963846e-03
7.625000000000000000e+02 8.850306784009437377e-01 1.149693215984913391e-01
7.650000000000000000e+02 5.623150344889391583e-01 4.376849655104973480e-01
7.675000000000000000e+02 2.063101879054431709e-01 7.936898120939883672e-01
7.700000000000000000e+02 1.222936994643359157e-02 9.877706300529868200e-01
7.725000000000000000e+02 8.530633957115585364e-02 9.146936604282632777e-01
7.750000000000000000e+02 3.846919032472462252e-01 6.153080967521701306e-01
7.775000000000000000e+02 7.474197446692217861e-01 2.525802553301929043e-01
7.800000000000000000e+02 9.769657924664088000e-01 2.303420753300568918e-02
7.825000000000000000e+02 9.486706364231700661e-01 5.132936357624297286e-02
7.850000000000000000e+02 6.771112675401674830e-01 3.228887324592421004e-01
7.875000000000000000e+02 3.094864526237464664e-01 6.905135473756640607e-01
7.900000000000000000e+02 4.656502646569272291e-02 9.534349735337148690e-01
7.925000000000000000e+02 3.240049753750939149e-02 9.675995024618953000e-01
7.950000000000000000e+02 2.740437375265467601e-01 7.259562624728609359e-01
7.975000000000000000e+02 6.377919255538460064e-01 3.622080744455620782e-01
8.000000000000000000e+02 9.244487797187381783e-01 7.555122028066765805e-02
8.025000000000000000e+02 9.796601641277131733e-01 2.033983587169272897e-02
8.050000000000000000e+02 7.766653787527220132e-01 2.233346212466797709e-01
8.075000000000000000e+02 4.276259746917093763e-01 5.723740253076939899e-01
8.100000000000000000e+02 1.210172728275555193e-01 8.789827271718504420e-01
8.125000000000000000e+02 2.084072591814530723e-02 9.791592740812558038e-01
8.150000000000000000e+02 1.802212300361324127e-01 8.197787699632721470e-01
8.175000000000000000e+02 5.131830626074709301e-01 4.868169373919361553e-01
8.200000000000000000e+02 8.398227361673771263e-01 1.601772638320300701e-01
8.225000000000000000e+02 9.828724620922524302e-01 1.712753790715339230e-02
8.250000000000000000e+02 8.645847296614568300e-01 1.354152703379508382e-01
8.275000000000000000e+02 5.498414365489046052e-01 4.501585634505046452e-01
8.300000000000000000e+02 2.102324780685809191e-01 7.897675219308233352e-01
8.325000000000000000e+02 2.937602753564116237e-02 9.706239724637661936e-01
8.350000000000000000e+02 1.033893413475291123e-01 8.966106586518785004e-01
8.375000000000000000e+02 3.910245584749426628e-01 6.089754415244641450e-01
8.400000000000000000e+02 7.378316652406470277e-01 2.621683347587566715e-01
8.425000000000000000e+02 9.587330845856796291e-01 4.126691541372209254e-02
8.450000000000000000e+02 9.352762953503258592e-01 6.472370464908108745e-02
8.475000000000000000e+02 6.783913830668182321e-01 3.216086169325852451e-01
8.500000000000000000e+02 3.243765474232562784e-01 6.756234525761447562e-01
8.525000000000000000e+02 6.397756784683460152e-02 9.360224321525658642e-01
8.550000000000000000e+02 3.960190280247494893e-02 9.603980971969222624e-01
8.575000000000000000e+02 2.661426336080471300e-01 7.338573663913527945e-01
8.600000000000000000e+02 6.211412640973182908e-01 3.788587359020791911e-01
8.625000000000000000e+02 9.115821981750958924e-01 8.841780182429646862e-02
8.650000000000000000e+02 9.799089982920072828e-01 2.009100170738314581e-02
8.675000000000000000e+02 7.895135073586632135e-01 2.104864926407316594e-01
8.700000000000000000e+02 4.433822358147662124e-01 5.566177641846284940e-01
8.725000000000000000e+02 1.279989308889792621e-01 8.720010691104147504e-01
8.750000000000000000e+02 1.381015610346626558e-02 9.861898438959195712e-01
8.775000000000000000e+02 1.641665476767235621e-01 8.358334523226570445e-01
8.800000000000000000e+02 4.998587551489526160e-01 5.001412448504262143e-01
8.825000000000000000e+02 8.393308084800885638e-01 1.606691915192897946e-01
8.850000000000000000e+02 9.960748414132243322e-01 3.925158586150676379e-03
8.875000000000000000e+02 8.820100511238773144e-01 1.179899488754957704e-01
8.900000000000000000e+02 5.583497971666167015e-01 4.416502028327548568e-01
8.925000000000000000e+02 2.028204087356179353e-01 7.971795912637531512e-01
8.950000000000000000e+02 1.074899927026484216e-02 9.892510007291008822e-01
8.975000000000000000e+02 8.678916016115817422e-02 9.132108398382073888e-01
9.000000000000000000e+02 3.884972443562810240e-01 6.115027556430832067e-01
9.025000000000000000e+02 7.513198204031945604e-01 2.486801795961695039e-01
9.050000000000000000e+02 9.786412225348989358e-01 2.135877746446366438e-02
9.075000000000000000e+02 9.473883230115774934e-01 5.261167698778296264e-02
9.100000000000000000e+02 6.739873681033728969e-01 3.260126318959880587e-01
9.125000000000000000e+02 3.063424273943058940e-01 6.936575726050551172e-01
9.150000000000000000e+02 4.477877960737933899e-02 9.552212203919807632e-01
9.175000000000000000e+02 3.267806479479625631e-02 9.673219352045598907e-01
9.200000000000000000e+02 2.765635261911070786e-01 7.234364738082474933e-01
9.225000000000000000e+02 6.418529396933656539e-01 3.581470603059854763e-01
9.250000000000000000e+02 9.280401999566556537e-01 7.195980004268920371e-02
9.275000000000000000e+02 9.801965305575107701e-01 1.980346944183028132e-02
9.300000000000000000e+02 7.729619604294597490e-01 2.270380395698843312e-01
9.325000000000000000e+02 4.213780006558582314e-01 5.786219993434809084e-01
9.350000000000000000e+02 1.160155173317662936e-01 8.839844826675736789e-01
9.375000000000000000e+02 2.028356438409044740e-02 9.797164356152472386e-01
9.400000000000000000e+02 1.844576542354718351e-01 8.155423457638633078e-01
9.425000000000000000e+02 5.197259974829337992e-01 4.802740025164054516e-01
9.450000000000000000e+02 8.451929358402922032e-01 1.548070641590469365e-01
9.475000000000000000e+02 9.844996011703560646e-01 1.550039882898031351e-02
9.500000000000000000e+02 8.617285035258797077e-01 1.382714964734572394e-01
9.525000000000000000e+02 5.437570154687101365e-01 4.562429845306252840e-01
9.550000000000000000e+02 2.038891783279501435e-01 7.961108216713814745e-01
9.575000000000000000e+02 2.634132727458272927e-02 9.736586727247451556e-01
9.600000000000000000e+02 1.057303413023684135e-01 8.942696586969572925e-01
9.625000000000000000e+02 3.975102340613664298e-01 6.024897659379602199e-01
9.650000000000000000e+02 7.443168816497927054e-01 2.556831183495290594e-01
9.675000000000000000e+02 9.609727706165901440e-01 3.902722938272767950e-02
9.700000000000000000e+02 9.320221255257323811e-01 6.797787447358423496e-02
9.725000000000000000e+02 6.721313925855177951e-01 3.278686074137955320e-01
9.750000000000000000e+02 3.192373491514099437e-01 6.807626508479034388e-01
9.775000000000000000e+02 6.284867519846901174e-02 9.371513248008456198e-01
9.800000000000000000e+02 4.274834864155478004e-02 9.572516513577647990e-01
9.825000000000000000e+02 2.716741703459648605e-01 7.283258296533446918e-01
9.850000000000000000e+02 6.262275796668690386e-01 3.737724203324422345e-01
9.875000000000000000e+02 9.135846153876917564e-01 8.641538461161873963e-02
9.900000000000000000e+02 9.774832652229102914e-01 2.251673477639704046e-02
9.925000000000000000e+02 7.836099694813001282e-01 2.163900305180077033e-01
9.950000000000000000e+02 4.372154543301839391e-01 5.627845456691211723e-01
9.975000000000000000e+02 1.252603740047282255e-01 8.747396259945752206e-01
1.000000000000000000e+03 1.610318514396279557e-02 9.838968148553396409e-01
1.002500000000000000e+03 1.698466195599784567e-01 8.301533804393204097e-01
1.005000000000000000e+03 5.053943673592725672e-01 4.946056326400234404e-01
1.007500000000000000e+03 8.419184049122534486e-01 1.580815950870370634e-01
1.010000000000000000e+03 9.951577737765745502e-01 4.842226222714011985e-03
1.012500000000000000e+03 8.787820419581726661e-01 1.212179580411126417e-01
1.015000000000000000e+03 5.544494403952450190e-01 4.455505596040384986e-01
1.017500000000000000e+03 1.996837823971524817e-01 8.003162176021305640e-01
1.020000000000000000e+03 9.603515579298982016e-03 9.903964844199788509e-01
1.022500000000000000e+03 8.833436639729413953e-02 9.116656336019850482e-01
1.025000000000000000e+03 3.921259051732612910e-01 6.078740948260087373e-01
1.027500000000000000e+03 7.549650048161860028e-01 2.450349951830831929e-01
1.030000000000000000e+03 9.800227626742390452e-01 1.997723732502609123e-02
1.032500000000000000e+03 9.457414702568816001e-01 5.425852974237841547e-02
1.035000000000000000e+03 6.705609642349512622e-01 3.294390357643103839e-01
1.037500000000000000e+03 3.032463711710345344e-01 6.967536288282289991e-01
1.040000000000000000e+03 4.349770497986054502e-02 9.565022950193988738e-01
1.042500000000000000e+03 3.360231836182733800e-02 9.663976816374317824e-01
1.045000000000000000e+03 2.793793310383437811e-01 7.206206689609161442e-01
1.047500000000000000e+03 6.457002241226766914e-01 3.542997758765870087e-01
1.050000000000000000e+03 9.312394234404441917e-01 6.876057655881666342e-02
1.052500000000000000e+03 9.805911803502435076e-01 1.940881964901431875e-02
1.055000000000000000e+03 7.694296068329791183e-01 2.305703931662794748e-01
1.057500000000000000e+03 4.153089949992474494e-01 5.846910050000070358e-01
1.060000000000000000e+03 1.109402790037495035e-01 8.890597209955013458e-01
1.062500000000000000e+03 1.946645866926257490e-02 9.805335413299877123e-01
1.065000000000000000e+03 1.884731520796860404e-01 8.115268479195633100e-01
1.067500000000000000e+03 5.261620484994058433e-01 4.738379514998420916e-01
1.070000000000000000e+03 8.504893144616298972e-01 1.495106855376174271e-01
1.072500000000000000e+03 9.860954735637224022e-01 1.390452643552037883e-02
1.075000000000000000e+03 8.590553358358855585e-01 1.409446641633584352e-01
1.077500000000000000e+03 5.381439811324369993e-01 4.618560188668028310e-01
1.080000000000000000e+03 1.980483932166632877e-01 8.019516067825771533e-01
1.082500000000000000e+03 2.343793942703420452e-02 9.765620605721987424e-01
1.085000000000000000e+03 1.077253885462869376e-01 8.922746114529409578e-01
1.087500000000000000e+03 4.035019407165568728e-01 5.964980592826698569e-01
1.090000000000000000e+03 7.505641694305789091e-01 2.494358305686477373e-01
1.092500000000000000e+03 9.632796209099135920e-01 3.672037908931327643e-02
1.095000000000000000e+03 9.288467676015093044e-01 7.115323239771204067e-02
1.097500000000000000e+03 6.657422206375138707e-01 3.342577793617055315e-01
1.100000000000000000e+03 3.138909537518543291e-01 6.861090462473670160e-01
1.102500000000000000e+03 6.171238485242545868e-02 9.382876151467964831e-01
1.105000000000000000e+03 4.614323040611635618e-02 9.538567695931058354e-01
1.107500000000000000e+03 2.775004056252039497e-01 7.224995943740180060e-01
1.110000000000000000e+03 6.314733878338386619e-01 3.685266121653826277e-01
1.112500000000000000e+03 9.156574951344450541e-01 8.434250486477812281e-02
1.115000000000000000e+03 9.751546196753968498e-01 2.484538032382649017e-02
1.117500000000000000e+03 7.777599266839398950e-01 2.222400733152756214e-01
1.120000000000000000e+03 4.308616543603320803e-01 5.691383456388824369e-01
1.122500000000000000e+03 1.220913300110461341e-01 8.779086699881640810e-01
1.125000000000000000e+03 1.802632702276165191e-02 9.819736729764518834e-01
1.127500000000000000e+03 1.755212686955235080e-01 8.244787313036847642e-01
1.130000000000000000e+03 5.112250607902359967e-01 4.887749392089769662e-01
1.132500000000000000e+03 8.447257620016686008e-01 1.552742379975408926e-01
1.135000000000000000e+03 9.941478071437083175e-01 5.852192855496646598e-03
1.137500000000000000e+03 8.753359895827002024e-01 1.246640104165047530e-01
1.140000000000000000e+03 5.505753023675028501e-01 4.494246976317003983e-01
1.142500000000000000e+03 1.969140710547257478e-01 8.030859289444753912e-01
1.145000000000000000e+03 8.884230123099974563e-03 9.911157698760968415e-01
1.147500000000000000e+03 9.004240687903893037e-02 9.099575931201560053e-01
1.150000000000000000e+03 3.956177927176086628e-01 6.043822072815848712e-01
1.152500000000000000e+03 7.583539770053041584e-01 2.416460229938842963e-01
1.155000000000000000e+03 9.811307309511301256e-01 1.886926904805467584e-02
1.157500000000000000e+03 9.437644487837083540e-01 5.623555121547514635e-02
1.160000000000000000e+03 6.667950438760674725e-01 3.332049561231174017e-01
1.162500000000000000e+03 3.000477336178456467e-01 6.999522663813354528e-01
1.165000000000000000e+03 4.254578773916152523e-02 9.574542122600133709e-01
1.167500000000000000e+03 3.511391172302082142e-02 9.648860882761555180e-01
1.170000000000000000e+03 2.825844758233636012e-01 7.174155241758155555e-01
1.172500000000000000e+03 6.494704107023496764e-01 3.505295892968295357e-01
1.175000000000000000e+03 9.341069931348986444e-01 6.589300686428053999e-02
1.177500000000000000e+03 9.808302781749591581e-01 1.916972182421650822e-02
1.180000000000000000e+03 7.660714261725982688e-01 2.339285738265730608e-01
1.182500000000000000e+03 4.094838709020388046e-01 5.905161290971309151e-01
1.185000000000000000e+03 1.058575586377061561e-01 8.941424413614597055e-01
1.187500000000000000e+03 1.838108650400135241e-02 9.816189134951667228e-01
1.190000000000000000e+03 1.922008346175183569e-01 8.077991653816495310e-01
1.192500000000000000e+03 5.324401149627733254e-01 4.675598850363972825e-01
1.195000000000000000e+03 8.556943470485067760e-01 1.443056529506611119e-01
1.197500000000000000e+03 9.876146395892627661e-01 1.238536040990391093e-02
1.200000000000000000e+03 8.564561875936744784e-01 1.435438124054927989e-01
1.202500000000000000e+03 5.329042374820950334e-01 4.670957625170669703e-01
1.205000000000000000e+03 1.927406506565927657e-01 8.072593493425695987e-01
1.207500000000000000e+03 2.083702816637086550e-02 9.791629718327857779e-01
1.210000000000000000e+03 1.095595318561066178e-01 8.904404681430533319e-01
1.212500000000000000e+03 4.090677672087053018e-01 5.909322327904565908e-01
1.215000000000000000e+03 7.565227481046163938e-01 2.434772518945439723e-01
1.217500000000000000e+03 9.655861587475070840e-01 3.441384125164972940e-02
1.220000000000000000e+03 9.257340047762834256e-01 7.426599522287186117e-02
1.222500000000000000e+03 6.592196259159206484e-01 3.407803740832354156e-01
1.225000000000000000e+03 3.082791604152994580e-01 6.917208395838556623e-01
1.227500000000000000e+03 6.047319186971540639e-02 9.395268081294416707e-01
1.230000000000000000e+03 4.973337484963959165e-02 9.502666251495216487e-01
1.232500000000000000e+03 2.836422380443035518e-01 7.163577619548473496e-01
1.235000000000000000e+03 6.369173307581539323e-01 3.630826692409950818e-01
1.237500000000000000e+03 9.177988950034086102e-01 8.220110499573635154e-02
1.240000000000000000e+03 9.729125058526025827e-01 2.708749414653721307e-02
1.242500000000000000e+03 7.720282055995104642e-01 2.279717943996314722e-01
1.245000000000000000e+03 4.244680964562241310e-01 5.755319035429140584e-01
1.247500000000000000e+03 1.186122005340575214e-01 8.813877994650785030e-01
1.250000000000000000e+03 1.956343400108676023e-02 9.804365659980486258e-01
1.252500000000000000e+03 1.810547678302261432e-01 8.189452321688903691e-01
1.255000000000000000e+03 5.172192398176528316e-01 4.827807601814631533e-01
1.257500000000000000e+03 8.477119922948487263e-01 1.522880077042636782e-01
1.260000000000000000e+03 9.930563154297062933e-01 6.943684569406445919e-03
1.262500000000000000e+03 8.716505333155307733e-01 1.283494666835799658e-01
1.265000000000000000e+03 5.466694899645132555e-01 4.533305100345987326e-01
1.267500000000000000e+03 1.944961981905787285e-01 8.055038018085327600e-01
1.270000000000000000e+03 8.667004629633552615e-03 9.913329953694821617e-01
1.272500000000000000e+03 9.202671933798485526e-02 9.079732806611290341e-01
1.275000000000000000e+03 3.990369874679026152e-01 6.009630125312039883e-01
1.277500000000000000e+03 7.614932407721380914e-01 2.385067592269668191e-01
1.280000000000000000e+03 9.819805394377977281e-01 1.801946056130554821e-02
1.282500000000000000e+03 9.415062066059221024e-01 5.849379339317519605e-02
1.285000000000000000e+03 6.626995967120009601e-01 3.373004032870978164e-01
1.287500000000000000e+03 2.966420783722150678e-01 7.033579216268819323e-01
1.290000000000000000e+03 4.174505152961101306e-02 9.582549484694848907e-01
1.292500000000000000e+03 3.709788111540297806e-02 9.629021188836912604e-01
1.295000000000000000e+03 2.862087573941382579e-01 7.137912426049496384e-01
1.297500000000000000e+03 6.532734283554061383e-01 3.467265716436854217e-01
1.300000000000000000e+03 9.367115210771724820e-01 6.328847892191652447e-02
1.302500000000000000e+03 9.809109502686909066e-01 1.908904973039838443e-02
1.305000000000000000e+03 7.628897357136338320e-01 2.371102642854561182e-01
1.307500000000000000e+03 4.039720800650742349e-01 5.960279199340128287e-01
1.310000000000000000e+03 1.008597523872679647e-01 8.991402476118135478e-01
1.312500000000000000e+03 1.705208638093724804e-02 9.829479136181401566e-01
1.315000000000000000e+03 1.955850294580824544e-01 8.044149705410033047e-01
1.317500000000000000e+03 5.384994843800832154e-01 4.615005156189970204e-01
1.320000000000000000e+03 8.607895842077695203e-01 1.392104157913063023e-01
1.322500000000000000e+03 9.890328517397412034e-01 1.096714825933438157e-02
1.325000000000000000e+03 8.538374221527298413e-01 1.461625778463384873e-01
1.327500000000000000e+03 5.279112741327393055e-01 4.720887258663244435e-01
1.330000000000000000e+03 1.879282631575580065e-01 8.120717368415073523e-01
1.332500000000000000e+03 1.865272119454236543e-02 9.813472788045181083e-01
1.335000000000000000e+03 1.114153361366524153e-01 8.885846638624148586e-01
1.337500000000000000e+03 4.143192617324064075e-01 5.856807382666509021e-01
1.340000000000000000e+03 7.621887398456383966e-01 2.378112601534176640e-01
1.342500000000000000e+03 9.678485338760924872e-01 3.215146612296303219e-02
1.345000000000000000e+03 9.226778069752555878e-01 7.732219302379605974e-02
1.347500000000000000e+03 6.525742656096504835e-01 3.474257343894017191e-01
1.350000000000000000e+03 3.023561629796297501e-01 6.976438370194204541e-01
1.352500000000000000e+03 5.902490736893934581e-02 9.409750926301104768e-01
1.355000000000000000e+03 5.343429950478512797e-02 9.465657004942671371e-01
1.357500000000000000e+03 2.900964938223461465e-01 7.099035061766968413e-01
1.360000000000000000e+03 6.425984817283310058e-01 3.574015182707063198e-01
1.362500000000000000e+03 9.200137702774232595e-01 7.998622972161689715e-02
1.365000000000000000e+03 9.707286416558313924e-01 2.927135834320718222e-02
1.367500000000000000e+03 7.664386898264514691e-01 2.335613101725844132e-01
1.370000000000000000e+03 4.181591663050155394e-01 5.818408336940226189e-01
1.372500000000000000e+03 1.149724717750131714e-01 8.850275282240211983e-01
1.375000000000000000e+03 2.076412900494065128e-02 9.792358709940930384e-01
1.377500000000000000e+03 1.863646798549470907e-01 8.136353201440827965e-01
1.380000000000000000e+03 5.232545480200625487e-01 4.767454519789645628e-01
1.382500000000000000e+03 8.508154345902203541e-01 1.491845654088040374e-01
1.385000000000000000e+03 9.918759357363260420e-01 8.124064262699213362e-03
1.387500000000000000e+03 8.676941579211171485e-01 1.323058420779120725e-01
1.390000000000000000e+03 5.426548870039455963e-01 4.573451129950809602e-01
1.392500000000000000e+03 1.923814029992742258e-01 8.076185969997511371e-01
1.395000000000000000e+03 9.001212198090670358e-03 9.909987878009369755e-01
1.397500000000000000e+03 9.440349764856711956e-02 9.055965023504628508e-01
1.400000000000000000e+03 4.024703493136387866e-01 5.975296506853906564e-01
1.402500000000000000e+03 7.644013056340157597e-01 2.355986943650139331e-01
1.405000000000000000e+03 9.825803171912150802e-01 1.741968280781675676e-02
1.407500000000000000e+03 9.390181616051996860e-01 6.098183839383049254e-02
1.410000000000000000e+03 6.583229556555489914e-01 3.416770443434788973e-01
1.412500000000000000e+03 2.929807139527039750e-01 7.070192860463253570e-01
1.415000000000000000e+03 4.094145242967104498e-02 9.590585475693497175e-01
1.417500000000000000e+03 3.940636457787667635e-02 9.605936354211441763e-01
1.420000000000000000e+03 2.902214909691115396e-01 7.097785090299028044e-01
1.422500000000000000e+03 6.571794979108800394e-01 3.428205020881286424e-01
1.425000000000000000e+03 9.391157317878726651e-01 6.088426821113557263e-02
1.427500000000000000e+03 9.808337709400056781e-01 1.916622905899948576e-02
1.430000000000000000e+03 7.598807003606633526e-01 2.401192996383382794e-01
1.432500000000000000e+03 3.988397682111014531e-01 6.011602317879015667e-01
1.435000000000000000e+03 9.605999530351111426e-02 9.039400046954884083e-01
1.437500000000000000e+03 1.554119338798357064e-02 9.844588066110111502e-01
1.440000000000000000e+03 1.985916559458508202e-01 8.014083440531417635e-01
1.442500000000000000e+03 5.442741878893804230e-01 4.557258121096106063e-01
1.445000000000000000e+03 8.657508076576856393e-01 1.342491923413034194e-01
1.447500000000000000e+03 9.903448712790361430e-01 9.655128719951834929e-03
1.450000000000000000e+03 8.511331391769658694e-01 1.488668608220207190e-01
1.452500000000000000e+03 5.230319095180493427e-01 4.769680904809329158e-01
1.455000000000000000e+03 1.835167156166574998e-01 8.164832843823233155e-01
1.457500000000000000e+03 1.693049664043183231e-02 9.830695033585448162e-01
1.460000000000000000e+03 1.134473573435495070e-01 8.865526426554222184e-01
1.462500000000000000e+03 4.193911187718039058e-01 5.806088812271666955e-01
1.465000000000000000e+03 7.675993868204467052e-01 2.324006131785195106e-01
1.467500000000000000e+03 9.700502806252033761e-01 2.994971937376117097e-02
1.470000000000000000e+03 9.196873321783117783e-01 8.031266782065078769e-02
1.472500000000000000e+03 6.458376364849638396e-01 3.541623635139935500e-01
1.475000000000000000e+03 2.960993626129347356e-01 7.039006373860207111e-01
1.477500000000000000e+03 5.726275442891765044e-02 9.427372455700395726e-01
1.480000000000000000e+03 5.713432744278337805e-02 9.428656725561588292e-01
1.482500000000000000e+03 2.968302744138105465e-01 7.031697255851306894e-01
1.485000000000000000e+03 6.485504894496263439e-01 3.514495105493168903e-01
1.487500000000000000e+03 9.223176164235464825e-01 7.768238357539562766e-02
1.490000000000000000e+03 9.685667430512554521e-01 3.143325694768792783e-02
1.492500000000000000e+03 7.609750011109815970e-01 2.390249988879575016e-01
1.495000000000000000e+03 4.120193223022101670e-01 5.879806776967215765e-01
1.497500000000000000e+03 1.113261729531106192e-01 8.886738270458198752e-01
1.500000000000000000e+03 2.173072566112819320e-02 9.782692743377987554e-01
1.502500000000000000e+03 1.914289286572501969e-01 8.085710713416713880e-01
1.505000000000000000e+03 5.292367016689091264e-01 4.707632983300122920e-01
1.507500000000000000e+03 8.539694846925425242e-01 1.460305153063727324e-01
1.510000000000000000e+03 9.905881786527154231e-01 9.411821346197380561e-03
1.512500000000000000e+03 8.634295125454093389e-01 1.365704874535015045e-01
1.515000000000000000e+03 5.384385661266375411e-01 4.615614338722674459e-01
1.517500000000000000e+03 1.904853852027577898e-01 8.095146147961498340e-01
1.520000000000000000e+03 9.899884256402764759e-03 9.901001157424997867e-01
1.522500000000000000e+03 9.727972240932897252e-02 9.027202775895636355e-01
1.525000000000000000e+03 4.060231672878170661e-01 5.939768327110729329e-01
1.527500000000000000e+03 7.671125843002315481e-01 2.328874156986515676e-01
1.530000000000000000e+03 9.829314197634535510e-01 1.706858023542814906e-02
1.532500000000000000e+03 9.363431008825837676e-01 6.365689911630004194e-02
1.535000000000000000e+03 6.537379026450778063e-01 3.462620973538022562e-01
1.537500000000000000e+03 2.890712033240053769e-01 7.109287966748774057e-01
1.540000000000000000e+03 4.002528848692926688e-02 9.599747115119499075e-01
1.542500000000000000e+03 4.188472250430289728e-02 9.581152774945744799e-01
1.545000000000000000e+03 2.945437792127973964e-01 7.054562207860818335e-01
1.547500000000000000e+03 6.612135962688954205e-01 3.387864037299804787e-01
1.550000000000000000e+03 9.413649140420021766e-01 5.863508595687172420e-02
1.552500000000000000e+03 9.805947564430256280e-01 1.940524355585087485e-02
1.555000000000000000e+03 7.570281217668737295e-01 2.429718782320013093e-01
1.557500000000000000e+03 3.941403947556046949e-01 6.058596052432647650e-01
1.560000000000000000e+03 9.158270326716128062e-02 9.084172967317047931e-01
1.562500000000000000e+03 1.394689404812306244e-02 9.860531059507433582e-01
1.565000000000000000e+03 2.012176414125075863e-01 7.987823585863575993e-01
1.567500000000000000e+03 5.497001027410116647e-01 4.502998972578516890e-01
1.570000000000000000e+03 8.705444114800701128e-01 1.294555885187949895e-01
1.572500000000000000e+03 9.915584144413995826e-01 8.441585557461842027e-03
1.575000000000000000e+03 8.483118499141292235e-01 1.516881500847307995e-01
1.577500000000000000e+03 5.181477273097525593e-01 4.818522726891051322e-01
1.580000000000000000e+03 1.793739964305261225e-01 8.206260035683234921e-01
1.582500000000000000e+03 1.564610759281769709e-02 9.843538924060322159e-01
1.585000000000000000e+03 1.157617117487555747e-01 8.842382882500835484e-01
1.587500000000000000e+03 4.244185610433006683e-01 5.755814389555420352e-01
1.590000000000000000e+03 7.728213867136527471e-01 2.271786132851899009e-01
1.592500000000000000e+03 9.722007761475324195e-01 2.779922385130828566e-02
1.595000000000000000e+03 9.167882503736575206e-01 8.321174962517882689e-02
1.597500000000000000e+03 6.390649699473824885e-01 3.609350300514524990e-01
1.600000000000000000e+03 2.895186453676298344e-01 7.104813546312027661e-01
1.602500000000000000e+03 5.509759931032137681e-02 9.449024006885065052e-01
1.605000000000000000e+03 6.070325767584103249e-02 9.392967423229851009e-01
1.607500000000000000e+03 3.037779608586207436e-01 6.962220391402078601e-01
1.610000000000000000e+03 6.547943633597659296e-01 3.452056366390633402e-01
1.612500000000000000e+03 9.247375360200011940e-01 7.526246397882502270e-02
1.615000000000000000e+03 9.663935358478611404e-01 3.360646415096345263e-02
1.617500000000000000e+03 7.555877697212824984e-01 2.444122302775401101e-01
1.620000000000000000e+03 4.060827554877601275e-01 5.939172445110638687e-01
1.622500000000000000e+03 1.078076675237450432e-01 8.921923324750726803e-01
1.625000000000000000e+03 2.259817741119059947e-02 9.774018225876197619e-01
1.627500000000000000e+03 1.962834453648291677e-01 8.037165546339790634e-01
1.630000000000000000e+03 5.351124238885144324e-01 4.648875761102963522e-01
1.632500000000000000e+03 8.571181294084183611e-01 1.428818705903909803e-01
1.635000000000000000e+03 9.891737896350754067e-01 1.082621036373012172e-02
1.637500000000000000e+03 8.588210769653157328e-01 1.411789230334874468e-01
1.640000000000000000e+03 5.339190594521563415e-01 4.660809405466410094e-01
1.642500000000000000e+03 1.886905132240615790e-01 8.113094867747357997e-01
1.645000000000000000e+03 1.133233782129308871e-02 9.886676621775060125e-01
1.647500000000000000e+03 1.007404725640453219e-01 8.992595274347562340e-01
1.650000000000000000e+03 4.098118782802485094e-01 5.901881217185522832e-01
1.652500000000000000e+03 7.696800875921678831e-01 2.303199124066288017e-01
1.655000000000000000e+03 9.830316643069008098e-01 1.696833569189449761e-02
1.657500000000000000e+03 9.335069325027789411e-01 6.649306749600925048e-02
1.660000000000000000e+03 6.490250508431856247e-01 3.509749491556011236e-01
1.662500000000000000e+03 2.849692772839760302e-01 7.150307227148020583e-01
1.665000000000000000e+03 3.894338167347880658e-02 9.610566183252868822e-01
1.667500000000000000e+03 4.439676752449807362e-02 9.556032324742633755e-01
1.670000000000000000e+03 2.990675682351262576e-01 7.009324317636260737e-01
1.672500000000000000e+03 6.653580329103749857e-01 3.346419670883734598e-01
1.675000000000000000e+03 9.434798304030687088e-01 5.652016959567993798e-02
1.677500000000000000e+03 9.801786513656085553e-01 1.982134863313767328e-02
1.680000000000000000e+03 7.542976066064284169e-01 2.457023933923193071e-01
1.682500000000000000e+03 3.899049117723245583e-01 6.100950882264242203e-01
1.685000000000000000e+03 8.755113070751753546e-02 9.124488692912278154e-01
1.687500000000000000e+03 1.239906906123187935e-02 9.876009309375167744e-01
1.690000000000000000e+03 2.034976432278557956e-01 7.965023567708865437e-01
1.692500000000000000e+03 5.547240230156589291e-01 4.452759769830796910e-01
1.695000000000000000e+03 8.751262730357420860e-01 1.248737269629978941e-01
1.697500000000000000e+03 9.926857081832475282e-01 7.314291815491702486e-03
1.700000000000000000e+03 8.453766645738289842e-01 1.546233354249061387e-01
1.702500000000000000e+03 5.131727949907495256e-01 4.868272050079880398e-01
1.705000000000000000e+03 1.753546108161212203e-01 8.246453891826156513e-01
1.707500000000000000e+03 1.471498600039083948e-02 9.852850139983436728e-01
1.710000000000000000e+03 1.184036733555653143e-01 8.815963266431661172e-01
1.712500000000000000e+03 4.295157534454777659e-01 5.704842465532472540e-01
1.715000000000000000e+03 7.779353476250142618e-01 2.220646523737071498e-01
1.717500000000000000e+03 9.743289162622587041e-01 2.567108373646112898e-02
1.720000000000000000e+03 9.140200278033699943e-01 8.597997219534908586e-02
1.722500000000000000e+03 6.323340758660214167e-01 3.676659241326921124e-01
1.725000000000000000e+03 2.826622102990841157e-01 7.173377896996260272e-01
1.727500000000000000e+03 5.247035450560335462e-02 9.475296454931034784e-01
1.730000000000000000e+03 6.400523782314750110e-02 9.359947621755565494e-01
1.732500000000000000e+03 3.108421230531677737e-01 6.891578769455386499e-01
1.735000000000000000e+03 6.613309325349249201e-01 3.386690674637745646e-01
1.737500000000000000e+03 9.273100507405833692e-01 7.268994925811449181e-02
1.740000000000000000e+03 9.641889964765359977e-01 3.581100352215588895e-02
1.742500000000000000e+03 7.502072375849757613e-01 2.497927624137123437e-01
1.745000000000000000e+03 4.003312195928808714e-01 5.996687804058076221e-01
1.747500000000000000e+03 1.045112416175752179e-01 8.954887583811157459e-01
1.750000000000000000e+03 2.351013317392871421e-02 9.764898668247684599e-01
1.752500000000000000e+03 2.010112589671830818e-01 7.989887410315095195e-01
1.755000000000000000e+03 5.408748471194226859e-01 4.591251528792692493e-01
1.757500000000000000e+03 8.602284236159878361e-01 1.397715763827034885e-01
1.760000000000000000e+03 9.876236158569418055e-01 1.237638414174718413e-02
1.762500000000000000e+03 8.538448848173995076e-01 1.461551151812928162e-01
1.765000000000000000e+03 5.289971688720097598e-01 4.710028311266736267e-01
1.767500000000000000e+03 1.868528218789338724e-01 8.131471781197497917e-01
1.770000000000000000e+03 1.322064687727719616e-02 9.867793531214065217e-01
1.772500000000000000e+03 1.048367860308932059e-01 8.951632139677816458e-01
1.775000000000000000e+03 4.139542175968749516e-01 5.860457824018007189e-01
1.777500000000000000e+03 7.721760798643674262e-01 2.278239201343083553e-01
1.780000000000000000e+03 9.828806109246041034e-01 1.711938907406442001e-02
1.782500000000000000e+03 9.305145500646471168e-01 6.948544993401628567e-02
1.785000000000000000e+03 6.442562593082683531e-01 3.557437406903926069e-01
1.787500000000000000e+03 2.807639202905418685e-01 7.192360797081157608e-01
1.790000000000000000e+03 3.770175506241488228e-02 9.622982449362458279e-01
1.792500000000000000e+03 4.684522862286045336e-02 9.531547713758061757e-01
1.795000000000000000e+03 3.036779965991491248e-01 6.963220033995158875e-01
1.797500000000000000e+03 6.695623315987879742e-01 3.304376683998823117e-01
1.800000000000000000e+03 9.454553154223664935e-01 5.454468457630367445e-02
1.802500000000000000e+03 9.795551402392935758e-01 2.044485975937596067e-02
1.805000000000000000e+03 7.516325179510665588e-01 2.483674820476025058e-01
1.807500000000000000e+03 3.861328562895692262e-01 6.138671437090976735e-01
1.810000000000000000e+03 8.407322807165706902e-02 9.159267719270108854e-01
1.812500000000000000e+03 1.104881811737485307e-02 9.889511818812983801e-01
1.815000000000000000e+03 2.055066065785338403e-01 7.944933934201376946e-01
1.817500000000000000e+03 5.593133229889115654e-01 4.406866770097555008e-01
1.820000000000000000e+03 8.794438168823823787e-01 1.205561831162833830e-01
1.822500000000000000e+03 9.937345775152599536e-01 6.265422483400635151e-03
1.825000000000000000e+03 8.423593624867077301e-01 1.576406375119515646e-01
1.827500000000000000e+03 5.080650226053122775e-01 4.919349773933479053e-01
1.830000000000000000e+03 1.713243393431914119e-01 8.286756606554653848e-01
1.832500000000000000e+03 1.401038621535336329e-02 9.859896137833020768e-01
1.835000000000000000e+03 1.213550158218960340e-01 8.786449841767569602e-01
1.837500000000000000e+03 4.347584314660368765e-01 5.652415685326180883e-01
1.840000000000000000e+03 7.830188695045987579e-01 2.169811304940580943e-01
1.842500000000000000e+03 9.764732700347695804e-01 2.352672996388462112e-02
1.845000000000000000e+03 9.114295529881473179e-01 8.857044701050341418e-02
1.847500000000000000e+03 6.257398366009820911e-01 3.742601633976677111e-01
1.850000000000000000e+03 2.756174630733113085e-01 7.243825369253357183e-01
1.852500000000000000e+03 4.936420955073157757e-02 9.506357904479177945e-01
1.855000000000000000e+03 6.691457454768763580e-02 9.330854254509596268e-01
1.857500000000000000e+03 3.178991630092856124e-01 6.821008369893593049e-01
1.860000000000000000e+03 6.681344410752533269e-01 3.318655589233879821e-01
1.862500000000000000e+03 9.300756483056505930e-01 6.992435169298877318e-02
1.865000000000000000e+03 9.619538394261670788e-01 3.804616057246772154e-02
1.867500000000000000e+03 7.447590452729446753e-01 2.552409547256879740e-01
1.870000000000000000e+03 3.947002508890729011e-01 6.052997491095607474e-01
1.872500000000000000e+03 1.014773950380375989e-01 8.985226049605909981e-01
1.875000000000000000e+03 2.459460296466077153e-02 9.754053970339635615e-01
1.877500000000000000e+03 2.057250277911789604e-01 7.942749722074555763e-01
1.880000000000000000e+03 5.465610387677686255e-01 4.534389612308545869e-01
1.882500000000000000e+03 8.632978701805699151e-01 1.367021298180486344e-01
1.885000000000000000e+03 9.859476477399308214e-01 1.405235225868589621e-02
1.887500000000000000e+03 8.484983884811199140e-01 1.515016115174965816e-01
1.890000000000000000e+03 5.235891252181026356e-01 4.764108747805121391e-01
1.892500000000000000e+03 1.848138650339005151e-01 8.151861349647071542e-01
1.895000000000000000e+03 1.544118402355741659e-02 9.845588159750543467e-01
1.897500000000000000e+03 1.095755566573251849e-01 8.904244433412895621e-01
1.900000000000000000e+03 4.185575218154707344e-01 5.814424781831418754e-01
1.902500000000000000e+03 7.746900623231381955e-01 2.253099376754691963e-01
1.905000000000000000e+03 9.824858232246630463e-01 1.751417677394395689e-02
1.907500000000000000e+03 9.273503355033416717e-01 7.264966449526494285e-02
1.910000000000000000e+03 6.394806588461997565e-01 3.605193411524020841e-01
1.912500000000000000e+03 2.765582692651165075e-01 7.234417307334843894e-01
1.915000000000000000e+03 3.635905102667701810e-02 9.636409489719143240e-01
1.917500000000000000e+03 4.918461766362999810e-02 9.508153823349619893e-01
1.920000000000000000e+03 3.082751743334721795e-01 6.917248256651158389e-01
1.922500000000000000e+03 6.737583173548725712e-01 3.262416826437098405e-01
1.925000000000000000e+03 9.472647044459394650e-01 5.273529555263924834e-02
1.927500000000000000e+03 9.786791148314246680e-01 2.132088516715717821e-02
1.930000000000000000e+03 7.489530405801663182e-01 2.510469594184117081e-01
1.932500000000000000e+03 3.827858443900994390e-01 6.172141556084781433e-01
1.935000000000000000e+03 8.122741871418749648e-02 9.187725812843887674e-01
1.937500000000000000e+03 1.005436019450242809e-02 9.899456398040753502e-01
1.940000000000000000e+03 2.073572518664827669e-01 7.926427481320920121e-01
1.942500000000000000e+03 5.634645179911004220e-01 4.365354820074746067e-01
1.945000000000000000e+03 8.834412296716213087e-01 1.165587703269514303e-01
1.947500000000000000e+03 9.947009956433167099e-01 5.299004355251217720e-03
1.950000000000000000e+03 8.393097776554798717e-01 1.606902223430873300e-01
1.952500000000000000e+03 5.028297169274374978e-01 4.971702830711276500e-01
1.955000000000000000e+03 1.671818408598895744e-01 8.328181591386765170e-01
1.957500000000000000e+03 1.338714338307566559e-02 9.866128566154936941e-01
1.960000000000000000e+03 1.245412729525830764e-01 8.754587270459829318e-01
1.962500000000000000e+03 4.401732972918341313e-01 5.598267027067307389e-01
1.965000000000000000e+03 7.881309216158411957e-01 2.118690783827244795e-01
1.967500000000000000e+03 9.786705017243269022e-01 2.132949827423757591e-02
1.970000000000000000e+03 9.090621480112913710e-01 9.093785198726855867e-02
1.972500000000000000e+03 6.193848198849837283e-01 3.806151801135761459e-01
1.975000000000000000e+03 2.685062419409368073e-01 7.314937580576277298e-01
1.977500000000000000e+03 4.581242627092096953e-02 9.541875737276397373e-01
1.980000000000000000e+03 6.933240357133912957e-02 9.306675964272272950e-01
1.982500000000000000e+03 3.248097609614929437e-01 6.751902390370780882e-01
1.985000000000000000e+03 6.751488865991541743e-01 3.248511133994140265e-01
1.987500000000000000e+03 9.330708225205253115e-01 6.692917747803905915e-02
1.990000000000000000e+03 9.597127413613074642e-01 4.028725863725673290e-02
1.992500000000000000e+03 7.391805071774183444e-01 2.608194928211409191e-01
1.995000000000000000e+03 3.890926890618927048e-01 6.109073109366618404e-01
1.997500000000000000e+03 9.868776456334885094e-02 9.013122354352047783e-01
2.000000000000000000e+03 2.594271697835739271e-02 9.740572830201956744e-01
