0.000000000000000000e+00 0.000000000000000000e+00 1.000000000000000000e+00
2.500000000000000000e+00 1.373931159436390381e-01 8.626068840563654305e-01
5.000000000000000000e+00 4.735182035871500217e-01 5.264817964128544192e-01
7.500000000000000000e+00 8.232210444961445273e-01 1.767789555038515037e-01
1.000000000000000000e+01 9.957415424286026884e-01 4.258457571381117981e-03
1.250000000000000000e+01 8.989300888857858496e-01 1.010699111141939166e-01
1.500000000000000000e+01 5.872361926894056339e-01 4.127638073105729943e-01
1.750000000000000000e+01 2.303114394900327433e-01 7.696885605099409444e-01
2.000000000000000000e+01 2.132870074523839435e-02 9.786712992547268453e-01
2.250000000000000000e+01 7.345181223132409010e-02 9.265481877686332357e-01
2.500000000000000000e+01 3.583758863608458300e-01 6.416241136391217514e-01
2.750000000000000000e+01 7.206518199560875138e-01 2.793481800438756268e-01
3.000000000000000000e+01 9.622344576565267094e-01 3.776554234343915822e-02
3.250000000000000000e+01 9.517107421761497044e-01 4.828925782380676796e-02
3.500000000000000000e+01 6.965237082033352012e-01 3.034762917966185580e-01
3.750000000000000000e+01 3.372622819948032924e-01 6.627377180051493566e-01
4.000000000000000000e+01 6.892002719611634021e-02 9.310799728038259282e-01
4.250000000000000000e+01 3.507922387688329480e-02 9.649207761230600422e-01
4.500000000000000000e+01 2.525786671399661287e-01 7.474213328599715878e-01
4.750000000000000000e+01 6.042486683953530724e-01 3.957513316045802587e-01
5.000000000000000000e+01 9.013057266267689993e-01 9.869427337316490079e-02
5.250000000000000000e+01 9.831735575485102130e-01 1.682644245141891662e-02
5.500000000000000000e+01 8.039561671203589999e-01 1.960438328795706120e-01
5.750000000000000000e+01 4.592790830369836708e-01 5.407209169629415557e-01
6.000000000000000000e+01 1.361528341693097055e-01 8.638471658306141610e-01
6.250000000000000000e+01 1.093798678642898814e-02 9.890620132134954057e-01
6.500000000000000000e+01 1.520646337538070492e-01 8.479353662461165397e-01
6.750000000000000000e+01 4.827164875193666882e-01 5.172835124805539309e-01
7.000000000000000000e+01 8.236727860960232350e-01 1.763272139038939978e-01
7.250000000000000000e+01 9.908121825594283782e-01 9.187817440482680745e-03
7.500000000000000000e+01 8.936005256322184787e-01 1.063994743676920512e-01
7.750000000000000000e+01 5.832948627166708588e-01 4.167051372832357159e-01
8.000000000000000000e+01 2.265848938541083490e-01 7.734151061458003351e-01
8.250000000000000000e+01 1.742242611701506558e-02 9.825775738828830264e-01
8.500000000000000000e+01 7.174363701467326160e-02 9.282563629852221831e-01
8.750000000000000000e+01 3.618252445316081922e-01 6.381747554682908330e-01
9.000000000000000000e+01 7.291443278255487215e-01 2.708556721743437534e-01
9.250000000000000000e+01 9.715532223953917690e-01 2.844677760449747239e-02
9.500000000000000000e+01 9.560293558527981350e-01 4.397064414708354990e-02
9.750000000000000000e+01 6.921182285335740758e-01 3.078817714662998584e-01
1.000000000000000000e+02 3.251019785307139864e-01 6.748980214691537860e-01
1.025000000000000000e+02 5.510087748684330822e-02 9.448991225130262128e-01
1.050000000000000000e+02 2.842658108508320722e-02 9.715734189147913202e-01
1.075000000000000000e+02 2.593622891343490000e-01 7.406377108655245456e-01
1.100000000000000000e+02 6.225283027868897534e-01 3.774716972129784631e-01
1.125000000000000000e+02 9.199299877519000468e-01 8.007001224796700400e-02
1.150000000000000000e+02 9.884685370975297980e-01 1.153146290233041105e-02
1.175000000000000000e+02 7.902685694627441526e-01 2.097314305371137111e-01
1.200000000000000000e+02 4.345138627634922979e-01 5.654861372363610972e-01
1.225000000000000000e+02 1.167678055391856151e-01 8.832321944606675856e-01
1.250000000000000000e+02 1.004868074662191441e-02 9.899513192532320982e-01
1.275000000000000000e+02 1.702785241859699761e-01 8.297214758138886648e-01
1.300000000000000000e+02 5.083615026525111213e-01 4.916384973473491016e-01
1.325000000000000000e+02 8.410082455525077494e-01 1.589917544473479771e-01
1.350000000000000000e+02 9.897335484929880023e-01 1.026645150686621502e-02
1.375000000000000000e+02 8.751525721835541338e-01 1.248474278162993584e-01
1.400000000000000000e+02 5.587633942136351894e-01 4.412366057862163737e-01
1.425000000000000000e+02 2.109020237476071091e-01 7.890979762522398744e-01
1.450000000000000000e+02 2.003064939772907296e-02 9.799693506021165401e-01
1.475000000000000000e+02 9.024579178150224368e-02 9.097542082183474044e-01
1.500000000000000000e+02 3.834459415965954521e-01 6.165540584032515037e-01
1.525000000000000000e+02 7.399048326438409928e-01 2.600951673560015776e-01
1.550000000000000000e+02 9.662672820885511715e-01 3.373271791128615305e-02
1.575000000000000000e+02 9.409531707411972201e-01 5.904682925864089549e-02
1.600000000000000000e+02 6.786102143994334757e-01 3.213897856004007125e-01
1.625000000000000000e+02 3.206657648295622165e-01 6.793342351702721382e-01
1.650000000000000000e+02 5.952172998641329371e-02 9.404782700134239892e-01
1.675000000000000000e+02 3.659713613099212226e-02 9.634028638688457713e-01
1.700000000000000000e+02 2.662768137187554451e-01 7.337231862810809080e-01
1.725000000000000000e+02 6.258590517908106943e-01 3.741409482090250482e-01
1.750000000000000000e+02 9.196582602645839710e-01 8.034173973524542933e-02
1.775000000000000000e+02 9.856646383770776287e-01 1.433536162275281245e-02
1.800000000000000000e+02 7.862851020896448606e-01 2.137148979101779478e-01
1.825000000000000000e+02 4.303950954194528666e-01 5.696049045803688315e-01
1.850000000000000000e+02 1.130345016678905301e-01 8.869654983319259500e-01
1.875000000000000000e+02 7.500593780064516297e-03 9.924994062197525224e-01
1.900000000000000000e+02 1.709925688249823716e-01 8.290074311748386604e-01
1.925000000000000000e+02 5.146821155648390045e-01 4.853178844349846921e-01
1.950000000000000000e+02 8.521782752181472631e-01 1.478217247816742963e-01
1.975000000000000000e+02 9.996465900356936718e-01 3.534099641227643755e-04
2.000000000000000000e+02 8.753493015752263906e-01 1.246506984245902283e-01
2.025000000000000000e+02 5.457235162642192217e-01 4.542764837355910967e-01
2.050000000000000000e+02 1.909629774880676756e-01 8.090370225117367031e-01
2.075000000000000000e+02 6.218766023496228972e-03 9.937812339763069103e-01
2.100000000000000000e+02 9.276836239481753288e-02 9.072316376049880393e-01
2.125000000000000000e+02 4.017776813020846882e-01 5.982223186977225771e-01
2.150000000000000000e+02 7.629112824289236983e-01 2.370887175708855099e-01
2.175000000000000000e+02 9.796935185398425450e-01 2.030648145996391540e-02
2.200000000000000000e+02 9.363849620740781754e-01 6.361503792572734128e-02
2.225000000000000000e+02 6.584118674856670461e-01 3.415881325141344460e-01
2.250000000000000000e+02 2.967379486445325121e-01 7.032620513552624297e-01
2.275000000000000000e+02 4.664320753782846829e-02 9.533567924619616996e-01
2.300000000000000000e+02 4.336750134424723069e-02 9.566324986555427845e-01
2.325000000000000000e+02 2.887918498025580649e-01 7.112081501972271624e-01
2.350000000000000000e+02 6.492985745544228582e-01 3.507014254453593161e-01
2.375000000000000000e+02 9.282404075396983867e-01 7.175959246007607151e-02
2.400000000000000000e+02 9.741194052492989641e-01 2.588059475047452956e-02
2.425000000000000000e+02 7.635350582912563411e-01 2.364649417085172844e-01
2.450000000000000000e+02 4.123424167321985134e-01 5.876575832675695610e-01
2.475000000000000000e+02 1.107539596091625667e-01 8.892460403906126132e-01
2.500000000000000000e+02 2.048728447127323368e-02 9.795127155284965026e-01
2.525000000000000000e+02 1.895339301399836529e-01 8.104660698597763169e-01
2.550000000000000000e+02 5.275256941584265391e-01 4.724743058413297114e-01
2.575000000000000000e+02 8.531334724201560249e-01 1.468665275795932590e-01
2.600000000000000000e+02 9.898154138467122332e-01 1.018458615303175982e-02
2.625000000000000000e+02 8.613611363226780782e-01 1.386388636770631011e-01
2.650000000000000000e+02 5.356290243577149779e-01 4.643709756420246748e-01
2.675000000000000000e+02 1.895935171620221071e-01 8.104064828377137708e-01
2.700000000000000000e+02 1.253418163190792370e-02 9.874658183678211021e-01
2.725000000000000000e+02 1.014169740825798388e-01 8.985830259171533330e-01
2.750000000000000000e+02 4.078674480612648479e-01 5.921325519384599279e-01
2.775000000000000000e+02 7.655365489599463835e-01 2.344634510397788918e-01
2.800000000000000000e+02 9.807715249884014774e-01 1.922847501132155315e-02
2.825000000000000000e+02 9.365811384117638250e-01 6.341886158795329020e-02
2.850000000000000000e+02 6.554807660858411600e-01 3.445192339138732907e-01
2.875000000000000000e+02 2.887326031644100177e-01 7.112673968353033782e-01
2.900000000000000000e+02 3.619697551984486783e-02 9.638030244798670987e-01
2.925000000000000000e+02 3.742531739565473081e-02 9.625746826040597615e-01
2.950000000000000000e+02 2.931158286757741260e-01 7.068841713239325530e-01
2.975000000000000000e+02 6.629233259735015649e-01 3.370766740262022831e-01
3.000000000000000000e+02 9.432385504552519562e-01 5.676144954445139917e-02
3.025000000000000000e+02 9.808250623787695410e-01 1.917493762093103529e-02
3.050000000000000000e+02 7.568970054862729224e-01 2.431029945134313697e-01
3.075000000000000000e+02 3.952534796475155043e-01 6.047465203521834587e-01
3.100000000000000000e+02 9.290725738622249152e-02 9.070927426134716143e-01
3.125000000000000000e+02 1.331266598350060171e-02 9.866873340161909089e-01
3.150000000000000000e+02 1.991342768028878107e-01 8.008657231968080437e-01
3.175000000000000000e+02 5.494062580973662069e-01 4.505937419023293145e-01
3.200000000000000000e+02 8.733698000041703047e-01 1.266301999955254387e-01
3.225000000000000000e+02 9.939244768901154270e-01 6.075523109575251858e-03
3.250000000000000000e+02 8.452749612127976597e-01 1.547250387868921162e-01
3.275000000000000000e+02 5.096513193643996686e-01 4.903486806352909122e-01
3.300000000000000000e+02 1.712531740052410933e-01 8.287468259944512639e-01
3.325000000000000000e+02 1.384701618318928684e-02 9.861529838164999617e-01
3.350000000000000000e+02 1.208196358395418057e-01 8.791803641601493302e-01
3.375000000000000000e+02 4.324299542896863358e-01 5.675700457099999152e-01
3.400000000000000000e+02 7.803147185261025687e-01 2.196852814735831549e-01
3.425000000000000000e+02 9.778893476981355137e-01 2.211065230155150399e-02
3.450000000000000000e+02 9.188890205405122469e-01 8.111097945917190855e-02
3.475000000000000000e+02 6.340522405001054462e-01 3.659477594995732552e-01
3.500000000000000000e+02 2.762324089421352991e-01 7.237675910575436244e-01
3.525000000000000000e+02 3.939409419013756297e-02 9.606059058095414160e-01
3.550000000000000000e+02 5.301435368166922818e-02 9.469856463180033046e-01
3.575000000000000000e+02 3.101803531733285380e-01 6.898196468263423364e-01
3.600000000000000000e+02 6.709589759498112427e-01 3.290410240498553018e-01
3.625000000000000000e+02 9.395108866872913245e-01 6.048911331237384614e-02
3.650000000000000000e+02 9.709118778816656636e-01 2.908812211799802205e-02
3.675000000000000000e+02 7.485667520811666309e-01 2.514332479184918645e-01
3.700000000000000000e+02 3.920789071083412569e-01 6.079210928913173495e-01
3.725000000000000000e+02 9.341247786120865371e-02 9.065875221384377403e-01
3.750000000000000000e+02 1.488796479656000378e-02 9.851120352030783289e-01
3.775000000000000000e+02 2.013083206001659853e-01 7.986916793994677244e-01
3.800000000000000000e+02 5.531638197482608987e-01 4.468361802513665659e-01
3.825000000000000000e+02 8.784048300553723987e-01 1.215951699442527900e-01
3.850000000000000000e+02 9.976369335943324756e-01 2.363066405292288917e-03
3.875000000000000000e+02 8.445594911412556138e-01 1.554405088583654115e-01
3.900000000000000000e+02 5.034064620800189349e-01 4.965935379195976496e-01
3.925000000000000000e+02 1.616105797561948332e-01 8.383894202434184484e-01
3.950000000000000000e+02 5.766638747476386488e-03 9.942333612521324637e-01
3.975000000000000000e+02 1.200942418773235654e-01 8.799057581222837765e-01
4.000000000000000000e+02 4.420628657871632505e-01 5.579371342124409550e-01
4.025000000000000000e+02 7.968202493042924051e-01 2.031797506953153809e-01
4.050000000000000000e+02 9.912057684459176787e-01 8.794231553685838074e-03
4.075000000000000000e+02 9.183480016165470605e-01 8.165199838305543800e-02
4.100000000000000000e+02 6.171597512774256167e-01 3.828402487221767014e-01
4.125000000000000000e+02 2.525244728663335048e-01 7.474755271332661488e-01
4.150000000000000000e+02 2.465171959550745834e-02 9.753482804040891629e-01
4.175000000000000000e+02 5.773983979009510159e-02 9.422601602094967665e-01
4.200000000000000000e+02 3.317676953880078772e-01 6.682323046115740128e-01
4.225000000000000000e+02 6.956987857527030528e-01 3.043012142468797809e-01
4.250000000000000000e+02 9.521063135203395866e-01 4.789368647923133993e-02
4.275000000000000000e+02 9.640627534533300347e-01 3.593724654623881021e-02
4.300000000000000000e+02 7.267970272193267078e-01 2.732029727802417485e-01
4.325000000000000000e+02 3.686393230735170445e-01 6.313606769260458051e-01
4.350000000000000000e+02 8.251419231661805131e-02 9.174858076829403020e-01
4.375000000000000000e+02 2.315587068874563545e-02 9.768441293108114376e-01
4.400000000000000000e+02 2.231964241013344730e-01 7.768035758982195782e-01
4.425000000000000000e+02 5.741122063544656928e-01 4.258877936450850554e-01
4.450000000000000000e+02 8.847954118712781924e-01 1.152045881282699746e-01
4.475000000000000000e+02 9.865162436989192152e-01 1.348375630062639136e-02
4.500000000000000000e+02 8.251963785538444229e-01 1.748036214457003024e-01
4.525000000000000000e+02 4.894524576418893824e-01 5.105475423576492089e-01
4.550000000000000000e+02 1.608779877075184050e-01 8.391220122920161062e-01
4.575000000000000000e+02 1.610039543352913619e-02 9.838996045660080014e-01
4.600000000000000000e+02 1.332618700982009241e-01 8.667381299013358076e-01
4.625000000000000000e+02 4.505297277177306992e-01 5.494702722818034513e-01
4.650000000000000000e+02 7.976588315481728531e-01 2.023411684513609643e-01
4.675000000000000000e+02 9.858540667101525212e-01 1.414593328938149736e-02
4.700000000000000000e+02 9.104589780712535330e-01 8.954102192827359530e-02
4.725000000000000000e+02 6.105185697030671710e-01 3.894814302964622055e-01
4.750000000000000000e+02 2.494245391188720795e-01 7.505754608806526340e-01
4.775000000000000000e+02 2.512482831146256937e-02 9.748751716880560414e-01
4.800000000000000000e+02 6.046586617006979858e-02 9.395341338294469491e-01
4.825000000000000000e+02 3.360132139122001815e-01 6.639867860873105432e-01
4.850000000000000000e+02 7.018256544761765081e-01 2.981743455233311080e-01
4.875000000000000000e+02 9.594511014608065880e-01 4.054889853869983463e-02
4.900000000000000000e+02 9.687412199422331671e-01 3.125878005726986930e-02
4.925000000000000000e+02 7.233921412529170647e-01 2.766078587465800598e-01
4.950000000000000000e+02 3.556925653874308257e-01 6.443074346120600815e-01
4.975000000000000000e+02 6.631381918564485667e-02 9.336861808138445795e-01
5.000000000000000000e+02 1.466927639239343044e-02 9.853307236070973918e-01
5.025000000000000000e+02 2.296783391870756974e-01 7.703216608124165976e-01
5.050000000000000000e+02 5.927084530983095512e-01 4.072915469011775258e-01
5.075000000000000000e+02 9.039451932120975419e-01 9.605480678738838318e-02
5.100000000000000000e+02 9.938797752130648089e-01 6.120224786416028281e-03
5.125000000000000000e+02 8.157634931401391842e-01 1.842365068593415089e-01
5.150000000000000000e+02 4.685435909416322819e-01 5.314564090578437483e-01
5.175000000000000000e+02 1.410047352112279162e-01 8.589952647882470593e-01
5.200000000000000000e+02 9.805617772065598065e-03 9.901943822274206219e-01
5.225000000000000000e+02 1.454093570741427366e-01 8.545906429253409264e-01
5.250000000000000000e+02 4.742492512232864832e-01 5.257507487761942100e-01
5.275000000000000000e+02 8.175749624686988737e-01 1.824250375307777394e-01
5.300000000000000000e+02 9.881541158490048105e-01 1.184588415047136550e-02
5.325000000000000000e+02 8.931699795356626836e-01 1.068300204638071571e-01
5.350000000000000000e+02 5.854797227761528999e-01 4.145202772233121391e-01
5.375000000000000000e+02 2.336405113118480981e-01 7.663594886876182732e-01
5.400000000000000000e+02 2.838475513948886253e-02 9.716152448599735258e-01
5.425000000000000000e+02 7.922056701686588931e-02 9.207794329825957913e-01
5.450000000000000000e+02 3.574240222670502787e-01 6.425759777324147048e-01
5.475000000000000000e+02 7.132437589521778420e-01 2.867562410472789258e-01
5.500000000000000000e+02 9.557654131723698487e-01 4.423458682708465706e-02
5.525000000000000000e+02 9.538040990224911919e-01 4.619590097695782521e-02
5.550000000000000000e+02 7.065503115063683781e-01 2.934496884930789529e-01
5.575000000000000000e+02 3.462632621132207822e-01 6.537367378862253275e-01
5.600000000000000000e+02 6.853897943721841413e-02 9.314610205622201322e-01
5.625000000000000000e+02 2.555968994229733046e-02 9.744403100571406018e-01
5.650000000000000000e+02 2.415143409740205527e-01 7.584856590254249742e-01
5.675000000000000000e+02 5.988801891740901384e-01 4.011198108253551942e-01
5.700000000000000000e+02 9.033798840908303651e-01 9.662011590861407928e-02
5.725000000000000000e+02 9.901390484795884461e-01 9.860951519855583672e-03
5.750000000000000000e+02 8.122158095568711156e-01 1.877841904425684438e-01
5.775000000000000000e+02 4.651786220073774736e-01 5.348213779920565347e-01
5.800000000000000000e+02 1.362859794537550906e-01 8.637140205456740327e-01
5.825000000000000000e+02 4.692616542838015138e-03 9.953073834565837608e-01
5.850000000000000000e+02 1.440413219527613697e-01 8.559586780466569289e-01
5.875000000000000000e+02 4.799463677805413941e-01 5.200536322188694660e-01
5.900000000000000000e+02 8.285081248571907198e-01 1.714918751422163656e-01
5.925000000000000000e+02 9.975619522758866209e-01 2.438047723517276950e-03
5.950000000000000000e+02 8.941475007481385351e-01 1.058524992512649421e-01
5.975000000000000000e+02 5.760697516155305342e-01 4.239302483838763291e-01
6.000000000000000000e+02 2.184732259275061206e-01 7.815267740718930822e-01
6.025000000000000000e+02 1.633492123603279278e-02 9.836650787633599569e-01
6.050000000000000000e+02 7.858526941289546708e-02 9.214147305864904824e-01
6.075000000000000000e+02 3.706352831723866981e-01 6.293647168269955738e-01
6.100000000000000000e+02 7.338244406130063346e-01 2.661755593863700531e-01
6.125000000000000000e+02 9.706486267180201022e-01 2.935137328134896847e-02
6.150000000000000000e+02 9.515692075363657576e-01 4.843079246299536456e-02
6.175000000000000000e+02 6.865613137971481317e-01 3.134386862022083831e-01
6.200000000000000000e+02 3.207837804148324645e-01 6.792162195845211636e-01
6.225000000000000000e+02 5.465247424753286870e-02 9.453475257518235697e-01
6.250000000000000000e+02 3.272257209758557689e-02 9.672774279017593013e-01
6.275000000000000000e+02 2.648369913882346882e-01 7.351630086111083928e-01
6.300000000000000000e+02 6.231832548186819754e-01 3.768167451806543888e-01
6.325000000000000000e+02 9.139203782547898891e-01 8.607962174454444892e-02
6.350000000000000000e+02 9.816295911793120332e-01 1.837040882002681161e-02
6.375000000000000000e+02 7.908737979595046319e-01 2.091262020398317600e-01
6.400000000000000000e+02 4.441260786283866002e-01 5.558739213709522620e-01
6.425000000000000000e+02 1.277786752095210199e-01 8.722213247898167321e-01
6.450000000000000000e+02 1.310916291966279269e-02 9.868908370796656282e-01
6.475000000000000000e+02 1.632248208380453480e-01 8.367751791612845214e-01
6.500000000000000000e+02 4.971427277869496786e-01 5.028572722123719752e-01
6.525000000000000000e+02 8.331537218401813272e-01 1.668462781591393274e-01
6.550000000000000000e+02 9.885962899233258216e-01 1.140371007599104251e-02
6.575000000000000000e+02 8.798023123908269572e-01 1.201976876084862866e-01
6.600000000000000000e+02 5.664841428720834848e-01 4.335158571272298422e-01
6.625000000000000000e+02 2.180182487802938551e-01 7.819817512190205822e-01
6.650000000000000000e+02 2.221285847105155045e-02 9.777871415282591849e-01
6.675000000000000000e+02 8.542529236339385657e-02 9.145747076359129757e-01
6.700000000000000000e+02 3.752984887437472161e-01 6.247015112555519556e-01
6.725000000000000000e+02 7.361178529027452289e-01 2.638821470965555527e-01
6.750000000000000000e+02 9.710623045017626742e-01 2.893769549753621648e-02
6.775000000000000000e+02 9.497709879654687715e-01 5.022901203382905411e-02
6.800000000000000000e+02 6.821250153037909936e-01 3.178749846955057357e-01
6.825000000000000000e+02 3.145135516693892130e-01 6.854864483299009104e-01
6.850000000000000000e+02 4.883652819383448723e-02 9.511634718054502446e-01
6.875000000000000000e+02 3.042949507023527678e-02 9.695705049290409550e-01
6.900000000000000000e+02 2.687307342111705522e-01 7.312692657881070257e-01
6.925000000000000000e+02 6.336346161843201541e-01 3.663653838149548148e-01
6.950000000000000000e+02 9.269613787145101202e-01 7.303862128476144855e-02
6.975000000000000000e+02 9.892473467288549482e-01 1.075265327041292560e-02
7.000000000000000000e+02 7.857359002827728478e-01 2.142640997164924344e-01
7.025000000000000000e+02 4.263551327532991708e-01 5.736448672459627529e-01
7.050000000000000000e+02 1.073484321867607810e-01 8.926515678125028774e-01
7.075000000000000000e+02 3.906870678914078389e-03 9.960931293203377779e-01
7.100000000000000000e+02 1.725981709831924116e-01 8.274018290160602973e-01
7.125000000000000000e+02 5.197494720971349569e-01 4.802505279021251905e-01
7.150000000000000000e+02 8.544944075297871144e-01 1.455055924694690639e-01
7.175000000000000000e+02 9.951417855118123157e-01 4.858214487443855700e-03
7.200000000000000000e+02 8.677347883114252536e-01 1.322652116878332007e-01
7.225000000000000000e+02 5.434825654989664523e-01 4.565174345002873668e-01
7.250000000000000000e+02 1.981552087999634559e-01 8.018447911992899746e-01
7.275000000000000000e+02 1.763483858218974770e-02 9.823651614170628710e-01
7.300000000000000000e+02 9.913020515230518137e-02 9.008697948469486239e-01
7.325000000000000000e+02 3.987751445587303656e-01 6.012248554405187351e-01
7.350000000000000000e+02 7.540956016109644500e-01 2.459043983882863438e-01
7.375000000000000000e+02 9.716103780718905458e-01 2.838962192735639684e-02
7.400000000000000000e+02 9.329631022841947674e-01 6.703689771505010053e-02
7.425000000000000000e+02 6.600639089402491333e-01 3.399360910589969142e-01
7.450000000000000000e+02 3.021486163879910647e-01 6.978513836112548718e-01
7.475000000000000000e+02 5.309371501562559076e-02 9.469062849836192841e-01
7.500000000000000000e+02 4.649460490092846565e-02 9.535053950983209958e-01
7.525000000000000000e+02 2.853674389564462288e-01 7.146325610427868291e-01
7.550000000000000000e+02 6.416429589338574768e-01 3.583570410653786342e-01
7.575000000000000000e+02 9.239400085805185014e-01 7.605999141871397362e-02
7.600000000000000000e+02 9.788686248790723354e-01 2.113137512015195174e-02
7.625000000000000000e+02 7.742416538348452226e-01 2.257583461643746514e-01
7.650000000000000000e+02 4.191897502334329673e-01 5.808102497657825491e-01
7.675000000000000000e+02 1.069208380527503499e-01 8.930791619464535369e-01
7.700000000000000000e+02 8.879057174720830781e-03 9.911209428244840414e-01
7.725000000000000000e+02 1.793607820933980634e-01 8.206392179058028535e-01
7.750000000000000000e+02 5.253701071997944894e-01 4.746298927993991557e-01
7.775000000000000000e+02 8.584194631072143977e-01 1.415805368919730856e-01
7.800000000000000000e+02 9.977926135809950248e-01 2.207386418191408135e-03
7.825000000000000000e+02 8.678891464189094629e-01 1.321108535802755224e-01
7.850000000000000000e+02 5.384411299010516405e-01 4.615588700981304027e-01
7.875000000000000000e+02 1.875689953600599980e-01 8.124310046391178819e-01
7.900000000000000000e+02 6.612028554794978884e-03 9.933879714443876185e-01
7.925000000000000000e+02 9.584336050831149256e-02 9.041566394908645554e-01
7.950000000000000000e+02 4.075938805356870143e-01 5.924061194634945293e-01
7.975000000000000000e+02 7.707044978574807415e-01 2.292955021416882566e-01
8.000000000000000000e+02 9.852337083135942475e-01 1.476629168557319106e-02
8.025000000000000000e+02 9.340627016043669961e-01 6.593729839479628430e-02
8.050000000000000000e+02 6.471069567967037139e-01 3.528930432024570685e-01
8.075000000000000000e+02 2.826402747946663574e-01 7.173597252044904282e-01
8.100000000000000000e+02 3.896967555660264815e-02 9.610303244425502101e-01
8.125000000000000000e+02 4.710958550954161272e-02 9.528904144896078732e-01
8.150000000000000000e+02 3.016603332859877362e-01 6.983396667131522850e-01
8.175000000000000000e+02 6.644818724114016639e-01 3.355181275877338609e-01
8.200000000000000000e+02 9.386256275004627447e-01 6.137437249867364747e-02
8.225000000000000000e+02 9.746082585886299832e-01 2.539174141050090303e-02
8.250000000000000000e+02 7.525818113905115014e-01 2.474181886086167237e-01
8.275000000000000000e+02 3.941137029937846203e-01 6.058862970053400243e-01
8.300000000000000000e+02 9.521476890219487954e-02 9.047852310969271006e-01
8.325000000000000000e+02 1.796499612435275076e-02 9.820350038747689414e-01
8.350000000000000000e+02 2.024352950830051734e-01 7.975647049161131985e-01
8.375000000000000000e+02 5.472351325715335557e-01 4.527648674275919771e-01
8.400000000000000000e+02 8.663339069487779875e-01 1.336660930503436040e-01
8.425000000000000000e+02 9.888548136013268763e-01 1.114518639779376978e-02
8.450000000000000000e+02 8.490500871373463099e-01 1.509499128617706187e-01
8.475000000000000000e+02 5.211402401955596009e-01 4.788597598035544411e-01
8.500000000000000000e+02 1.811238445279034770e-01 8.188761554712098434e-01
8.525000000000000000e+02 1.345645430835368944e-02 9.865435456907577505e-01
8.550000000000000000e+02 1.105349884190273690e-01 8.894650115800861734e-01
8.575000000000000000e+02 4.205079539923363141e-01 5.794920460067726209e-01
8.600000000000000000e+02 7.746464623899750324e-01 2.253535376091393427e-01
8.625000000000000000e+02 9.801302136196009540e-01 1.986978637951409415e-02
8.650000000000000000e+02 9.257215584974096689e-01 7.427844150170520576e-02
8.675000000000000000e+02 6.413829864359681387e-01 3.586170135631423506e-01
8.700000000000000000e+02 2.808936094571922726e-01 7.191063905419188274e-01
8.725000000000000000e+02 3.902074725553892481e-02 9.609792527435667697e-01
8.750000000000000000e+02 4.752205460397308789e-02 9.524779453951284225e-01
8.775000000000000000e+02 3.037274148513889327e-01 6.962725851477107319e-01
8.800000000000000000e+02 6.697364669526870706e-01 3.302635330464105956e-01
8.825000000000000000e+02 9.453830007694701276e-01 5.461699922962352099e-02
8.850000000000000000e+02 9.780966621209257195e-01 2.190333787816033800e-02
8.875000000000000000e+02 7.488420672938737033e-01 2.511579327052051447e-01
8.900000000000000000e+02 3.837206204945350363e-01 6.162793795045422574e-01
8.925000000000000000e+02 8.353187429568445510e-02 9.164681257033971962e-01
8.950000000000000000e+02 1.214931427680691206e-02 9.878506857222686399e-01
8.975000000000000000e+02 2.073494085309977586e-01 7.926505914680787024e-01
9.000000000000000000e+02 5.621179354853205190e-01 4.378820645137510570e-01
9.025000000000000000e+02 8.837613130317110155e-01 1.162386869673566331e-01
9.050000000000000000e+02 9.976841024186252627e-01 2.315897580440884514e-03
9.075000000000000000e+02 8.414281517751543982e-01 1.585718482239039662e-01
9.100000000000000000e+02 4.994633747546504687e-01 5.005366252444061193e-01
9.125000000000000000e+02 1.584609759097580228e-01 8.415390240892979268e-01
9.150000000000000000e+02 5.153822677608778727e-03 9.948461773214409831e-01
9.175000000000000000e+02 1.228094144132104021e-01 8.771905855858369572e-01
9.200000000000000000e+02 4.454923995635626244e-01 5.545076004354800858e-01
9.225000000000000000e+02 7.961050009579403453e-01 2.038949990410995061e-01
9.250000000000000000e+02 9.848922021745956101e-01 1.510779782444134252e-02
9.275000000000000000e+02 9.118925386182860082e-01 8.810746138074665446e-02
9.300000000000000000e+02 6.183619670223023945e-01 3.816380329767276591e-01
9.325000000000000000e+02 2.627824816697331145e-01 7.372175183292932754e-01
9.350000000000000000e+02 3.628938831849568003e-02 9.637106116805298495e-01
9.375000000000000000e+02 6.122385591635113450e-02 9.387761440826760673e-01
9.400000000000000000e+02 3.248834624928622072e-01 6.751165375061710661e-01
9.425000000000000000e+02 6.847231655906669268e-01 3.152768344083649033e-01
9.450000000000000000e+02 9.449041362959553769e-01 5.509586370307360814e-02
9.475000000000000000e+02 9.636765457088091180e-01 3.632345429021605759e-02
9.500000000000000000e+02 7.313712404526180322e-01 2.686287595464044720e-01
9.525000000000000000e+02 3.748705272758543483e-01 6.251294727231627713e-01
9.550000000000000000e+02 8.731628154019113741e-02 9.126837184588274532e-01
9.575000000000000000e+02 2.362018797219561650e-02 9.763798120268210035e-01
9.600000000000000000e+02 2.182909842865864425e-01 7.817090157124271244e-01
9.625000000000000000e+02 5.673974694661625406e-01 4.326025305328537462e-01
9.650000000000000000e+02 8.830636339709163618e-01 1.169363660280980100e-01
9.675000000000000000e+02 9.931627226402778286e-01 6.837277358735885727e-03
9.700000000000000000e+02 8.352273843748786453e-01 1.647726156241307305e-01
9.725000000000000000e+02 4.932657659595424682e-01 5.067342340394633826e-01
9.750000000000000000e+02 1.539314577141059626e-01 8.460685422848988058e-01
9.775000000000000000e+02 3.781272722508893010e-03 9.962187272765007373e-01
9.800000000000000000e+02 1.254096971177774134e-01 8.745903028812263003e-01
9.825000000000000000e+02 4.520184121718252568e-01 5.479815878271725449e-01
9.850000000000000000e+02 8.052784152046277288e-01 1.947215847943649103e-01
9.875000000000000000e+02 9.933229538779089207e-01 6.677046121079555085e-03
9.900000000000000000e+02 9.142323527521706295e-01 8.576764724681470997e-02
9.925000000000000000e+02 6.104663213031903402e-01 3.895336786957938613e-01
9.950000000000000000e+02 2.465123424646517569e-01 7.534876575343258942e-01
9.975000000000000000e+02 2.085654287911021393e-02 9.791434571198529557e-01
1.000000000000000000e+03 5.771854636359424751e-02 9.422814536353546488e-01
1.002500000000000000e+03 3.374001969700453629e-01 6.625998030289114160e-01
1.005000000000000000e+03 7.059797878179365771e-01 2.940202121810162050e-01
1.007500000000000000e+03 9.608804184781443158e-01 3.911958152080634993e-02
1.010000000000000000e+03 9.636497292542155479e-01 3.635027074472928221e-02
1.012500000000000000e+03 7.152457467556025961e-01 2.847542532433415263e-01
1.015000000000000000e+03 3.528051651817302736e-01 6.471948348172144039e-01
1.017500000000000000e+03 7.299475160302071330e-02 9.270052483959191347e-01
1.020000000000000000e+03 2.603837807438883281e-02 9.739616219245486040e-01
1.022500000000000000e+03 2.364553941403076953e-01 7.635446058586162765e-01
1.025000000000000000e+03 5.904095369579891450e-01 4.095904630409298308e-01
1.027500000000000000e+03 8.961572774965780308e-01 1.038427225023344641e-01
1.030000000000000000e+03 9.872429681530532353e-01 1.275703184585574163e-02
1.032500000000000000e+03 8.137800076382927239e-01 1.862199923606193130e-01
1.035000000000000000e+03 4.706066397780704347e-01 5.293933602208384936e-01
1.037500000000000000e+03 1.450569563070828460e-01 8.549430436918264986e-01
1.040000000000000000e+03 1.360091900798880704e-02 9.863990809909165547e-01
1.042500000000000000e+03 1.460916621937643212e-01 8.539083378051417483e-01
1.045000000000000000e+03 4.699153969085550497e-01 5.300846030903410000e-01
1.047500000000000000e+03 8.107243224960603012e-01 1.892756775028342220e-01
1.050000000000000000e+03 9.855946130378386849e-01 1.440538696105446784e-02
1.052500000000000000e+03 8.997215331612449241e-01 1.002784668376461297e-01
1.055000000000000000e+03 5.975553442620938904e-01 4.024446557367932775e-01
1.057500000000000000e+03 2.411569361609020856e-01 7.588430638379861648e-01
1.060000000000000000e+03 2.435508909342194717e-02 9.756449109054678992e-01
1.062500000000000000e+03 6.672538676696676552e-02 9.332746132319280630e-01
1.065000000000000000e+03 3.462924525442872548e-01 6.537075474546014675e-01
1.067500000000000000e+03 7.106300520239487994e-01 2.893699479749355374e-01
1.070000000000000000e+03 9.609977632006078130e-01 3.900223679827405365e-02
1.072500000000000000e+03 9.614929147041166857e-01 3.850708529476038616e-02
1.075000000000000000e+03 7.122407575461879858e-01 2.877592424526893011e-01
1.077500000000000000e+03 3.482397373336473256e-01 6.517602626652289066e-01
1.080000000000000000e+03 6.655925848159122138e-02 9.334407415172888411e-01
1.082500000000000000e+03 2.077776415786912814e-02 9.792222358410112015e-01
1.085000000000000000e+03 2.374914287751820063e-01 7.625085712236956415e-01
1.087500000000000000e+03 5.997336950286513702e-01 4.002663049702225306e-01
1.090000000000000000e+03 9.090058260538925738e-01 9.099417394497741340e-02
1.092500000000000000e+03 9.946020214471519294e-01 5.397978551720254876e-03
1.095000000000000000e+03 8.093118496283223662e-01 1.906881503705502023e-01
1.097500000000000000e+03 4.558520418090467041e-01 5.441479581898245321e-01
1.100000000000000000e+03 1.287244797158267895e-01 8.712755202830423373e-01
1.102500000000000000e+03 6.033361978223201333e-03 9.939666380206455543e-01
1.105000000000000000e+03 1.529624378825729936e-01 8.470375621162832269e-01
1.107500000000000000e+03 4.885511342344647234e-01 5.114488657643890823e-01
1.110000000000000000e+03 8.307116613947401751e-01 1.692883386041131311e-01
1.112500000000000000e+03 9.940541230335939726e-01 5.945876965254250773e-03
1.115000000000000000e+03 8.895455763132351645e-01 1.104544236856105088e-01
1.117500000000000000e+03 5.735641417542304277e-01 4.264358582446140522e-01
1.120000000000000000e+03 2.183948833381618160e-01 7.816051166606751144e-01
1.122500000000000000e+03 1.806026355099439595e-02 9.819397364478461565e-01
1.125000000000000000e+03 8.115227364877208860e-02 9.188477263500582914e-01
1.127500000000000000e+03 3.715915886686923519e-01 6.284084113301363628e-01
1.130000000000000000e+03 7.303463023835849999e-01 2.696536976152461573e-01
1.132500000000000000e+03 9.636776779470446197e-01 3.632232205178567708e-02
1.135000000000000000e+03 9.473552749457807565e-01 5.264472505304362837e-02
1.137500000000000000e+03 6.912974236887057256e-01 3.087025763101134967e-01
1.140000000000000000e+03 3.330600659712775746e-01 6.669399340275437016e-01
1.142500000000000000e+03 6.508740309118565825e-02 9.349125969076316212e-01
1.145000000000000000e+03 3.260028426142161373e-02 9.673997157373925848e-01
1.147500000000000000e+03 2.545822921889171475e-01 7.454177078098962461e-01
1.150000000000000000e+03 6.113977645896838675e-01 3.886022354091296926e-01
1.152500000000000000e+03 9.087595287201085670e-01 9.124047127870210661e-02
1.155000000000000000e+03 9.843832985997059692e-01 1.561670139910381269e-02
1.157500000000000000e+03 7.973693746315182462e-01 2.026306253672883195e-01
1.160000000000000000e+03 4.498658887297346531e-01 5.501341112690640855e-01
1.162500000000000000e+03 1.303299495787762774e-01 8.696700504200276516e-01
1.165000000000000000e+03 1.148033234158045424e-02 9.885196676572234331e-01
1.167500000000000000e+03 1.581263837943449324e-01 8.418736162044587745e-01
1.170000000000000000e+03 4.923488720457692702e-01 5.076511279530275811e-01
1.172500000000000000e+03 8.338572870719389574e-01 1.661427129268538416e-01
1.175000000000000000e+03 9.959539489666913159e-01 4.046051032101235893e-03
1.177500000000000000e+03 8.878283787467370347e-01 1.121716212520546541e-01
1.180000000000000000e+03 5.668578622306659209e-01 4.331421377681259344e-01
1.182500000000000000e+03 2.088645743322364579e-01 7.911354256665531492e-01
1.185000000000000000e+03 1.078745851382472386e-02 9.892125414849544107e-01
1.187500000000000000e+03 8.103387517133772699e-02 9.189661248274394456e-01
1.190000000000000000e+03 3.802783643786695755e-01 6.197216356201028509e-01
1.192500000000000000e+03 7.447661112021466412e-01 2.552338887966247305e-01
1.195000000000000000e+03 9.765618856133450043e-01 2.343811438542187098e-02
1.197500000000000000e+03 9.502554760341629381e-01 4.974452396460047471e-02
1.200000000000000000e+03 6.799538963212794496e-01 3.200461036774822077e-01
1.202500000000000000e+03 3.121169417328815143e-01 6.878830582658752579e-01
1.205000000000000000e+03 4.718387435615553627e-02 9.528161256425979886e-01
1.207500000000000000e+03 3.030450671084123498e-02 9.696954932879064959e-01
1.210000000000000000e+03 2.706156477427313356e-01 7.293843522560119474e-01
1.212500000000000000e+03 6.356215738524727543e-01 3.643784261462682528e-01
1.215000000000000000e+03 9.251712022141446168e-01 7.482879778458834119e-02
1.217500000000000000e+03 9.825424150876248541e-01 1.745758491110483562e-02
1.220000000000000000e+03 7.791720933678252248e-01 2.208279066309015715e-01
1.222500000000000000e+03 4.273332581712595557e-01 5.726667418274613564e-01
1.225000000000000000e+03 1.173436224055568189e-01 8.826563775931640654e-01
1.227500000000000000e+03 1.553385525992284112e-02 9.844661447387882403e-01
1.230000000000000000e+03 1.764159745748452857e-01 8.235840254238794289e-01
1.232500000000000000e+03 5.135074330020805711e-01 4.864925669966376764e-01
1.235000000000000000e+03 8.445584464747444287e-01 1.554415535239688784e-01
1.237500000000000000e+03 9.893875740081266024e-01 1.061242599058302878e-02
1.240000000000000000e+03 8.686463641300941063e-01 1.313536358686087924e-01
1.242500000000000000e+03 5.481618174928074572e-01 4.518381825058875312e-01
1.245000000000000000e+03 2.027101106224965532e-01 7.972898893761999339e-01
1.247500000000000000e+03 1.967532483518098091e-02 9.803246751635216194e-01
1.250000000000000000e+03 9.735871797309331166e-02 9.026412820255993452e-01
1.252500000000000000e+03 3.933770834762468360e-01 6.066229165224421571e-01
1.255000000000000000e+03 7.485763677624526213e-01 2.514236322362370379e-01
1.257500000000000000e+03 9.717982089475449836e-01 2.820179105114171275e-02
1.260000000000000000e+03 9.413539817083339534e-01 5.864601829035199360e-02
1.262500000000000000e+03 6.712808097664701990e-01 3.287191902322121884e-01
1.265000000000000000e+03 3.064609663232893411e-01 6.935390336753903817e-01
1.267500000000000000e+03 4.585870336244679546e-02 9.541412966362172732e-01
1.270000000000000000e+03 3.323462531714695134e-02 9.667653746815195737e-01
1.272500000000000000e+03 2.764447463019424345e-01 7.235552536967232440e-01
1.275000000000000000e+03 6.424496727270446739e-01 3.575503272716198944e-01
1.277500000000000000e+03 9.312411823727246851e-01 6.875881762593613611e-02
1.280000000000000000e+03 9.859294124864051989e-01 1.407058751224993243e-02
1.282500000000000000e+03 7.773752699460760862e-01 2.226247300525746597e-01
1.285000000000000000e+03 4.188073048911096219e-01 5.811926951075425674e-01
1.287500000000000000e+03 1.046212454952877013e-01 8.953787545033606854e-01
1.290000000000000000e+03 6.043886895922701528e-03 9.939561131027222496e-01
1.292500000000000000e+03 1.779945651484378111e-01 8.220054348501955044e-01
1.295000000000000000e+03 5.273529188675186719e-01 4.726470811311112019e-01
1.297500000000000000e+03 8.624469758982472589e-01 1.375530241003816156e-01
1.300000000000000000e+03 9.988805618468351577e-01 1.119438151789943405e-03
1.302500000000000000e+03 8.624209846314383476e-01 1.375790153671874738e-01
1.305000000000000000e+03 5.296019358613041073e-01 4.703980641373171623e-01
1.307500000000000000e+03 1.835202077551647826e-01 8.164797922434534616e-01
1.310000000000000000e+03 1.204655300307960406e-02 9.879534469955379983e-01
1.312500000000000000e+03 1.064687113569638410e-01 8.935312886416590938e-01
1.315000000000000000e+03 4.143804565579359278e-01 5.856195434406848976e-01
1.317500000000000000e+03 7.690841108344081967e-01 2.309158891642094091e-01
1.320000000000000000e+03 9.787380140263666206e-01 2.126198597225200521e-02
1.322500000000000000e+03 9.292749964743945990e-01 7.072500352422655956e-02
1.325000000000000000e+03 6.469987707431076318e-01 3.530012292555112507e-01
1.327500000000000000e+03 2.855260447233645138e-01 7.144739552752532585e-01
1.330000000000000000e+03 4.198355754525773254e-02 9.580164424533573753e-01
1.332500000000000000e+03 4.841005209020068228e-02 9.515899479084155566e-01
1.335000000000000000e+03 2.998772238878471552e-01 7.001227761107627900e-01
1.337500000000000000e+03 6.590583562456832079e-01 3.409416437529284583e-01
1.340000000000000000e+03 9.322456772682161663e-01 6.775432273039416753e-02
1.342500000000000000e+03 9.732831524168467086e-01 2.671684758176380917e-02
1.345000000000000000e+03 7.603067746677324434e-01 2.396932253308772520e-01
1.347500000000000000e+03 4.070115834646367281e-01 5.929884165339731616e-01
1.350000000000000000e+03 1.032291668935759466e-01 8.967708331050284754e-01
1.352500000000000000e+03 1.412028713254925849e-02 9.858797128660561349e-01
1.355000000000000000e+03 1.898917316740015848e-01 8.101082683246066951e-01
1.357500000000000000e+03 5.361123962223190986e-01 4.638876037762853510e-01
1.360000000000000000e+03 8.639845047630974051e-01 1.360154952355083768e-01
1.362500000000000000e+03 9.942655207875198409e-01 5.734479211082194917e-03
1.365000000000000000e+03 8.561346200481363411e-01 1.438653799504580055e-01
1.367500000000000000e+03 5.252466620700670941e-01 4.747533379285207578e-01
1.370000000000000000e+03 1.813518599431519496e-01 8.186481400554308507e-01
1.372500000000000000e+03 1.078142709635777040e-02 9.892185729022228147e-01
1.375000000000000000e+03 1.065927402186622464e-01 8.934072597799134208e-01
1.377500000000000000e+03 4.182250634434477310e-01 5.817749365551263541e-01
1.380000000000000000e+03 7.771315698926927196e-01 2.228684301058805328e-01
1.382500000000000000e+03 9.867881795817861068e-01 1.321182041678330490e-02
1.385000000000000000e+03 9.306794824149778877e-01 6.932051758359095150e-02
1.387500000000000000e+03 6.384735674607413536e-01 3.615264325378224619e-01
1.390000000000000000e+03 2.708593088784553293e-01 7.291406911201013807e-01
1.392500000000000000e+03 3.003379448437929616e-02 9.699662055141715644e-01
1.395000000000000000e+03 4.722293236860889559e-02 9.527770676299385233e-01
1.397500000000000000e+03 3.114755941505732428e-01 6.885244058479703666e-01
1.400000000000000000e+03 6.779186881342134097e-01 3.220813118643258144e-01
1.402500000000000000e+03 9.477862732044040062e-01 5.221372679413183865e-02
1.405000000000000000e+03 9.753431275607303830e-01 2.465687243780628410e-02
1.407500000000000000e+03 7.456588920557875033e-01 2.543411079427439492e-01
1.410000000000000000e+03 3.830802667960317986e-01 6.169197332025002645e-01
1.412500000000000000e+03 8.488605252979984639e-02 9.151139474687344233e-01
1.415000000000000000e+03 1.390923531883424616e-02 9.860907646796758241e-01
1.417500000000000000e+03 2.084958443041747267e-01 7.915041556943345213e-01
1.420000000000000000e+03 5.612307710432642427e-01 4.387692289552441727e-01
1.422500000000000000e+03 8.791764714596383978e-01 1.208235285388643832e-01
1.425000000000000000e+03 9.906083486768554325e-01 9.391651321640607369e-03
1.427500000000000000e+03 8.375134334229235034e-01 1.624865665755736988e-01
1.430000000000000000e+03 5.043087706922834146e-01 4.956912293062133990e-01
1.432500000000000000e+03 1.706412544163684042e-01 8.293587455821295196e-01
1.435000000000000000e+03 1.560399214974702783e-02 9.843960078487447030e-01
1.437500000000000000e+03 1.229980914244816481e-01 8.770019085740065057e-01
1.440000000000000000e+03 4.358778830744214350e-01 5.641221169240613342e-01
1.442500000000000000e+03 7.853534187927370125e-01 2.146465812057442857e-01
1.445000000000000000e+03 9.810685230698568127e-01 1.893147692862398590e-02
1.447500000000000000e+03 9.156626055595589175e-01 8.433739443891974386e-02
1.450000000000000000e+03 6.245918338199466513e-01 3.754081661785327317e-01
1.452500000000000000e+03 2.666001072914205294e-01 7.333998927070521923e-01
1.455000000000000000e+03 3.614600296064233304e-02 9.638539970378254829e-01
1.457500000000000000e+03 5.773209175952170868e-02 9.422679082389467942e-01
1.460000000000000000e+03 3.197560961543228775e-01 6.802439038441459029e-01
1.462500000000000000e+03 6.814172883924135560e-01 3.185827116060516162e-01
1.465000000000000000e+03 9.475312748771340665e-01 5.246872512132993299e-02
1.467500000000000000e+03 9.725798926751175744e-01 2.742010732334415959e-02
1.470000000000000000e+03 7.403659896011446362e-01 2.596340103973186486e-01
1.472500000000000000e+03 3.756346585103425006e-01 6.243653414881185082e-01
1.475000000000000000e+03 7.786402407711034979e-02 9.221359759213445528e-01
1.477500000000000000e+03 1.122984857546396008e-02 9.887701514229907396e-01
1.480000000000000000e+03 2.126826112131119939e-01 7.873173887853441855e-01
1.482500000000000000e+03 5.714245017296356588e-01 4.285754982688192438e-01
1.485000000000000000e+03 8.911354555094260776e-01 1.088645444890277980e-01
1.487500000000000000e+03 9.982175058005928747e-01 1.782494197856823292e-03
1.490000000000000000e+03 8.353841660337059105e-01 1.646158339647471047e-01
1.492500000000000000e+03 4.913335959892405902e-01 5.086664040092111483e-01
1.495000000000000000e+03 1.526731337943685041e-01 8.473268662040802646e-01
1.497500000000000000e+03 3.724007449401869983e-03 9.962759925490468627e-01
1.500000000000000000e+03 1.263585614980001215e-01 8.736414385004389604e-01
1.502500000000000000e+03 4.539105909845788100e-01 5.460894090138568302e-01
1.505000000000000000e+03 8.066079994368751116e-01 1.933920005615581694e-01
1.507500000000000000e+03 9.909704457119032917e-01 9.029554286530391827e-03
1.510000000000000000e+03 9.072670139741737527e-01 9.273298602425407433e-02
1.512500000000000000e+03 6.035060516177718215e-01 3.964939483806538267e-01
1.515000000000000000e+03 2.466065854590567541e-01 7.533934145393701431e-01
1.517500000000000000e+03 2.974886072046992527e-02 9.702511392779544774e-01
1.520000000000000000e+03 6.862511153749231707e-02 9.313748884609324152e-01
1.522500000000000000e+03 3.412384447371364926e-01 6.587615552612884340e-01
1.525000000000000000e+03 7.005204037370799108e-01 2.994795962613434059e-01
1.527500000000000000e+03 9.524287144049768949e-01 4.757128559344152297e-02
1.530000000000000000e+03 9.598812205396241026e-01 4.011877945879228219e-02
1.532500000000000000e+03 7.179402736310147581e-01 2.820597263673937372e-01
1.535000000000000000e+03 3.579505282858138626e-01 6.420494717125951878e-01
1.537500000000000000e+03 7.606449395378342415e-02 9.239355060446241552e-01
1.540000000000000000e+03 2.531596971408436869e-02 9.746840302843221560e-01
1.542500000000000000e+03 2.322848481897419604e-01 7.677151518086523518e-01
1.545000000000000000e+03 5.842537610579358054e-01 4.157462389404525949e-01
1.547500000000000000e+03 8.914900939252595746e-01 1.085099060731291587e-01
1.550000000000000000e+03 9.889094212170901343e-01 1.109057878129913674e-02
1.552500000000000000e+03 8.234099466486759500e-01 1.765900533497133662e-01
1.555000000000000000e+03 4.826134672748012555e-01 5.173865327235845912e-01
1.557500000000000000e+03 1.498336396931581604e-01 8.501663603052265206e-01
1.560000000000000000e+03 6.540189304428110396e-03 9.934598106939594997e-01
1.562500000000000000e+03 1.327319016359241044e-01 8.672680983624645457e-01
1.565000000000000000e+03 4.608174428077911333e-01 5.391825571905988213e-01
1.567500000000000000e+03 8.114549441068790170e-01 1.885450558915072461e-01
1.570000000000000000e+03 9.926885258993760619e-01 7.311474099005568598e-03
1.572500000000000000e+03 9.059647839935698332e-01 9.403521600480901910e-02
1.575000000000000000e+03 5.992507478231743345e-01 4.007492521751967463e-01
1.577500000000000000e+03 2.395220271188862882e-01 7.604779728794845983e-01
1.580000000000000000e+03 2.195769718737609205e-02 9.780423028109901384e-01
1.582500000000000000e+03 6.508844323788420816e-02 9.349115567604810995e-01
1.585000000000000000e+03 3.465928891873349960e-01 6.534071108110285353e-01
1.587500000000000000e+03 7.138270844954534011e-01 2.861729155029025251e-01
1.590000000000000000e+03 9.655797892018237460e-01 3.442021079653705823e-02
1.592500000000000000e+03 9.627977036513930553e-01 3.720229634696365500e-02
1.595000000000000000e+03 7.067582928193125724e-01 2.932417071790373031e-01
1.597500000000000000e+03 3.388352433345532266e-01 6.611647566637957052e-01
1.600000000000000000e+03 6.120110880491703986e-02 9.387988911934305181e-01
1.602500000000000000e+03 2.456190383991185833e-02 9.754380961584457888e-01
1.605000000000000000e+03 2.468438137979340752e-01 7.531561862004242380e-01
1.607500000000000000e+03 6.060509703367016332e-01 3.939490296616500742e-01
1.610000000000000000e+03 9.077361725382893098e-01 9.226382746005858115e-02
1.612500000000000000e+03 9.892251175950244058e-01 1.077488240332069060e-02
1.615000000000000000e+03 8.063478965347087302e-01 1.936521034636307093e-01
1.617500000000000000e+03 4.577859907185806154e-01 5.422140092797583799e-01
1.620000000000000000e+03 1.328298877533598266e-01 8.671701122449770871e-01
1.622500000000000000e+03 8.571034827606561352e-03 9.914289651707373086e-01
1.625000000000000000e+03 1.523270974415409373e-01 8.476729025568003895e-01
1.627500000000000000e+03 4.846843730659954330e-01 5.153156269323408978e-01
1.630000000000000000e+03 8.242934984668578435e-01 1.757065015314800971e-01
1.632500000000000000e+03 9.878984576967948517e-01 1.210154230153720825e-02
1.635000000000000000e+03 8.888600203907057740e-01 1.111399796076259772e-01
1.637500000000000000e+03 5.816221533327965432e-01 4.183778466655365680e-01
1.640000000000000000e+03 2.312993997053404971e-01 7.687006002929855919e-01
1.642500000000000000e+03 2.613764229648354170e-02 9.738623577018395983e-01
1.645000000000000000e+03 7.766612178662275767e-02 9.223338782117079804e-01
1.647500000000000000e+03 3.597207066740749637e-01 6.402792933242507090e-01
1.650000000000000000e+03 7.201906857981502652e-01 2.798093142001735756e-01
1.652500000000000000e+03 9.624189429189762279e-01 3.758105707934301237e-02
1.655000000000000000e+03 9.533824952561458232e-01 4.661750474217286194e-02
1.657500000000000000e+03 6.977377103861621688e-01 3.022622896121530678e-01
1.660000000000000000e+03 3.351208070155561325e-01 6.648791929827552183e-01
1.662500000000000000e+03 6.286570494768550788e-02 9.371342950506320602e-01
1.665000000000000000e+03 2.855241276260320551e-02 9.714475872357083430e-01
1.667500000000000000e+03 2.510570894484595583e-01 7.489429105498501826e-01
1.670000000000000000e+03 6.107616339934638372e-01 3.892383660048445715e-01
1.672500000000000000e+03 9.130151172482766642e-01 8.698488275003084247e-02
1.675000000000000000e+03 9.923025999848420486e-01 7.697400013466029582e-03
1.677500000000000000e+03 8.030951027539328102e-01 1.969048972443723788e-01
1.680000000000000000e+03 4.473108548479225455e-01 5.526891451503811448e-01
1.682500000000000000e+03 1.200405688161160778e-01 8.799594311821871129e-01
1.685000000000000000e+03 1.498689138906762275e-03 9.985013108593951969e-01
1.687500000000000000e+03 1.564231596990264261e-01 8.435768402992683823e-01
1.690000000000000000e+03 4.988599388759696884e-01 5.011400611223222334e-01
1.692500000000000000e+03 8.412632105665134308e-01 1.587367894317765482e-01
1.695000000000000000e+03 9.979906023538299698e-01 2.009397644456398409e-03
1.697500000000000000e+03 8.851613825669791824e-01 1.148386174313034552e-01
1.700000000000000000e+03 5.644972856740106959e-01 4.355027143242710119e-01
1.702500000000000000e+03 2.097930762757743151e-01 7.902069237225097798e-01
1.705000000000000000e+03 1.374832742959851070e-02 9.862516725686845120e-01
1.707500000000000000e+03 8.344894253484441693e-02 9.165510574634426755e-01
1.710000000000000000e+03 3.808410323047016210e-01 6.191589676935839170e-01
1.712500000000000000e+03 7.427916219425004796e-01 2.572083780557822275e-01
1.715000000000000000e+03 9.713245511623191941e-01 2.867544883596737787e-02
1.717500000000000000e+03 9.431128533879803433e-01 5.688714661030097597e-02
1.720000000000000000e+03 6.759300571078062925e-01 3.240699428904741941e-01
1.722500000000000000e+03 3.162972625325808362e-01 6.837027374656986511e-01
1.725000000000000000e+03 5.836739378308708481e-02 9.416326062151916254e-01
1.727500000000000000e+03 4.008782286986288523e-02 9.599121771284192528e-01
1.730000000000000000e+03 2.709156777419535755e-01 7.290843222563316850e-01
1.732500000000000000e+03 6.269505525219254416e-01 3.730494474763542123e-01
1.735000000000000000e+03 9.160577230535499327e-01 8.394227694473094248e-02
1.737500000000000000e+03 9.807016738233771402e-01 1.929832617490282592e-02
1.740000000000000000e+03 7.844686570849667140e-01 2.155313429133114411e-01
1.742500000000000000e+03 4.335932134632771162e-01 5.664067865349999842e-01
1.745000000000000000e+03 1.192950653313356174e-01 8.807049346669445500e-01
1.747500000000000000e+03 1.253244565280965152e-02 9.874675543454756177e-01
1.750000000000000000e+03 1.707593203608249455e-01 8.292406796374515165e-01
1.752500000000000000e+03 5.080112949293107416e-01 4.919887050689693564e-01
1.755000000000000000e+03 8.424069874746755726e-01 1.575930125235983359e-01
1.757500000000000000e+03 9.935894924794674843e-01 6.410507518799055983e-03
1.760000000000000000e+03 8.787400872711270683e-01 1.212599127271352661e-01
1.762500000000000000e+03 5.578946048141470992e-01 4.421053951841144580e-01
1.765000000000000000e+03 2.039595767811783200e-01 7.960404232170799066e-01
1.767500000000000000e+03 1.043888194881133387e-02 9.895611180494453540e-01
1.770000000000000000e+03 8.480293253412579668e-02 9.151970674641273229e-01
1.772500000000000000e+03 3.873324522588468266e-01 6.126675477394003533e-01
1.775000000000000000e+03 7.521154410274395463e-01 2.478845589708053576e-01
1.777500000000000000e+03 9.792858928297285548e-01 2.071410716851439932e-02
1.780000000000000000e+03 9.454851751417318040e-01 5.451482485651448773e-02
1.782500000000000000e+03 6.702927885041830569e-01 3.297072114940615140e-01
1.785000000000000000e+03 3.038652889837977211e-01 6.961347110144446848e-01
1.787500000000000000e+03 4.507586704492635293e-02 9.549241329533180167e-01
1.790000000000000000e+03 3.460911437423962178e-02 9.653908856239921121e-01
1.792500000000000000e+03 2.788442362911915939e-01 7.211557637070431515e-01
1.795000000000000000e+03 6.450672089416260579e-01 3.549327910566054678e-01
1.797500000000000000e+03 9.326791881793429217e-01 6.732081181888946442e-02
1.800000000000000000e+03 9.836083275967877348e-01 1.639167240143581464e-02
1.802500000000000000e+03 7.704657532795063934e-01 2.295342467187123925e-01
1.805000000000000000e+03 4.114423412078469511e-01 5.885576587903719181e-01
1.807500000000000000e+03 1.034937761793425365e-01 8.965062238188745702e-01
1.810000000000000000e+03 1.325721493773992198e-02 9.867427850604755246e-01
1.812500000000000000e+03 1.875689470667988856e-01 8.124310529314132667e-01
1.815000000000000000e+03 5.307713671071139228e-01 4.692286328910934001e-01
1.817500000000000000e+03 8.575806866459990685e-01 1.424193133522103638e-01
1.820000000000000000e+03 9.919217720988741105e-01 8.078227899336940313e-03
1.822500000000000000e+03 8.607769916129991428e-01 1.392230083852061262e-01
1.825000000000000000e+03 5.343451337127765877e-01 4.656548662854264053e-01
1.827500000000000000e+03 1.895392889492717170e-01 8.104607110489264743e-01
1.830000000000000000e+03 1.412107015505385636e-02 9.858789298431412940e-01
1.832500000000000000e+03 1.034176058062102194e-01 8.965823941919759399e-01
1.835000000000000000e+03 4.080565072543863581e-01 5.919434927438027572e-01
1.837500000000000000e+03 7.621537662026207638e-01 2.378462337955654649e-01
1.840000000000000000e+03 9.746111633607663638e-01 2.538883663741329372e-02
1.842500000000000000e+03 9.318180122061486825e-01 6.818198779203250848e-02
1.845000000000000000e+03 6.570811582204685308e-01 3.429188417777128128e-01
1.847500000000000000e+03 2.976122437939836551e-01 7.023877562041970224e-01
1.850000000000000000e+03 4.692000021802936877e-02 9.530799997801497891e-01
1.852500000000000000e+03 4.181671434157770151e-02 9.581832856566014911e-01
1.855000000000000000e+03 2.872152543923504053e-01 7.127847456058246101e-01
1.857500000000000000e+03 6.507607013058597234e-01 3.492392986923074649e-01
1.860000000000000000e+03 9.336865949296876410e-01 6.631340506847913097e-02
1.862500000000000000e+03 9.805250135738490247e-01 1.947498642431357008e-02
1.865000000000000000e+03 7.655851718564523622e-01 2.344148281417089974e-01
1.867500000000000000e+03 4.066952292738125196e-01 5.933047707243486180e-01
1.870000000000000000e+03 9.954676586515633085e-02 9.004532341330018230e-01
1.872500000000000000e+03 1.089704060413248035e-02 9.891029593940180442e-01
1.875000000000000000e+03 1.890449953725973076e-01 8.109550046255542544e-01
1.877500000000000000e+03 5.380740382621611584e-01 4.619259617359895986e-01
1.880000000000000000e+03 8.686806846971295570e-01 1.313193153010211167e-01
1.882500000000000000e+03 9.997964598848803064e-01 2.035401132693551510e-04
1.885000000000000000e+03 8.580579541776884867e-01 1.419420458204599667e-01
1.887500000000000000e+03 5.201484364412053418e-01 4.798515635569408078e-01
1.890000000000000000e+03 1.717556825765547690e-01 8.282443174215848858e-01
1.892500000000000000e+03 4.367668375898609012e-03 9.956323316222348563e-01
1.895000000000000000e+03 1.087535518279287294e-01 8.912464481702073726e-01
1.897500000000000000e+03 4.260822191722808405e-01 5.739177808258530966e-01
1.900000000000000000e+03 7.825727830414599406e-01 2.174272169566747182e-01
1.902500000000000000e+03 9.853572515754212002e-01 1.464274842270959186e-02
1.905000000000000000e+03 9.258761532619389500e-01 7.412384673618749309e-02
1.907500000000000000e+03 6.368765438264789580e-01 3.631234561716414344e-01
1.910000000000000000e+03 2.746545552134004309e-01 7.253454447847078601e-01
1.912500000000000000e+03 3.560270619407036874e-02 9.643972938040354936e-01
1.915000000000000000e+03 4.992327368189998504e-02 9.500767263161964404e-01
1.917500000000000000e+03 3.097150239443042796e-01 6.902849760537964618e-01
1.920000000000000000e+03 6.726654978917089300e-01 3.273345021063892024e-01
1.922500000000000000e+03 9.407446603431220966e-01 5.925533965497548072e-02
1.925000000000000000e+03 9.693490192080135293e-01 3.065098079008142865e-02
1.927500000000000000e+03 7.451014208569234354e-01 2.548985791411699786e-01
1.930000000000000000e+03 3.906214387000872534e-01 6.093785612980029409e-01
1.932500000000000000e+03 9.688237981103489660e-02 9.031176201870472209e-01
1.935000000000000000e+03 2.143050967181073588e-02 9.785694903262651678e-01
1.937500000000000000e+03 2.052939553612789514e-01 7.947060446367906206e-01
1.940000000000000000e+03 5.504861636358414634e-01 4.495138363622263045e-01
1.942500000000000000e+03 8.707243370937293170e-01 1.292756629043343153e-01
1.945000000000000000e+03 9.911641220426045118e-01 8.835877955456726551e-03
1.947500000000000000e+03 8.446693311504224200e-01 1.553306688476390196e-01
1.950000000000000000e+03 5.103232778050712515e-01 4.896767221929922420e-01
1.952500000000000000e+03 1.705745903257042118e-01 8.294254096723591152e-01
1.955000000000000000e+03 1.061037159452705991e-02 9.893896284035282873e-01
1.957500000000000000e+03 1.171438096071956841e-01 8.828561903908653807e-01
1.960000000000000000e+03 4.323674679059097414e-01 5.676325320921479234e-01
1.962500000000000000e+03 7.860597733376616381e-01 2.139402266603973868e-01
1.965000000000000000e+03 9.868619885380587320e-01 1.313801145999627523e-02
1.967500000000000000e+03 9.246582761724161381e-01 7.534172382563369963e-02
1.970000000000000000e+03 6.310260108820071601e-01 3.689739891160381258e-01
1.972500000000000000e+03 2.646086421829701996e-01 7.353913578150692576e-01
1.975000000000000000e+03 2.613242812619336053e-02 9.738675718718409202e-01
1.977500000000000000e+03 4.746980874657078658e-02 9.525301912514662073e-01
1.980000000000000000e+03 3.172788751883155456e-01 6.827211248097198037e-01
1.982500000000000000e+03 6.870007317970832084e-01 3.129992682009525851e-01
1.985000000000000000e+03 9.540449269830324486e-01 4.595507301499800190e-02
1.987500000000000000e+03 9.737293720460984403e-01 2.627062795192783642e-02
1.990000000000000000e+03 7.369816829831725702e-01 2.630183170148532867e-01
1.992500000000000000e+03 3.732404569931621618e-01 6.267595430048598093e-01
1.995000000000000000e+03 7.976306425183495030e-02 9.202369357461837041e-01
1.997500000000000000e+03 1.571141719611728743e-02 9.842885828018959060e-01
2.000000000000000000e+03 2.162157951472009898e-01 7.837842048507971393e-01
