0.000000000000000000e+00 0.000000000000000000e+00
2.500000000000000000e+00 9.630764082145152773e-06
5.000000000000000000e+00 1.297665996657949026e-04
7.500000000000000000e+00 4.928817566816116012e-04
1.000000000000000000e+01 1.039820638291759618e-03
1.250000000000000000e+01 1.507204558784324853e-03
1.500000000000000000e+01 1.663141096217576583e-03
1.750000000000000000e+01 1.528377034983333972e-03
2.000000000000000000e+01 1.357105858675792956e-03
2.250000000000000000e+01 1.409175773778882906e-03
2.500000000000000000e+01 1.731130944638163477e-03
2.750000000000000000e+01 2.137482365828312966e-03
3.000000000000000000e+01 2.398162406288521613e-03
3.250000000000000000e+01 2.447409656731035655e-03
3.500000000000000000e+01 2.405268196938186581e-03
3.750000000000000000e+01 2.401772017760922875e-03
4.000000000000000000e+01 2.429776531769134613e-03
4.250000000000000000e+01 2.424942979524015094e-03
4.500000000000000000e+01 2.464380033029922069e-03
4.750000000000000000e+01 2.784173162042454137e-03
5.000000000000000000e+01 3.536514212487586271e-03
5.250000000000000000e+01 4.561987196743034177e-03
5.500000000000000000e+01 5.460811305366840632e-03
5.750000000000000000e+01 5.909906598130280908e-03
6.000000000000000000e+01 5.919505605748212260e-03
6.250000000000000000e+01 5.804774871021955475e-03
6.500000000000000000e+01 5.918737247747330767e-03
6.750000000000000000e+01 6.387357645158445521e-03
7.000000000000000000e+01 7.063724290660816120e-03
7.250000000000000000e+01 7.708061781121938391e-03
7.500000000000000000e+01 8.191029872406409978e-03
7.750000000000000000e+01 8.520197569241353894e-03
8.000000000000000000e+01 8.714540408305396224e-03
8.250000000000000000e+01 8.743080784279412543e-03
8.500000000000000000e+01 8.644418085384769634e-03
8.750000000000000000e+01 8.657495803338263393e-03
9.000000000000000000e+01 9.116831499888263315e-03
9.250000000000000000e+01 1.014640594033196751e-02
9.500000000000000000e+01 1.147052280787468417e-02
9.750000000000000000e+01 1.257123428829866850e-02
1.000000000000000000e+02 1.307217543302043213e-02
1.025000000000000000e+02 1.301501206158095676e-02
1.050000000000000000e+02 1.280232113906113953e-02
1.075000000000000000e+02 1.287315552140195010e-02
1.100000000000000000e+02 1.339626532281787928e-02
1.125000000000000000e+02 1.422414371043216434e-02
1.150000000000000000e+02 1.508755276807957624e-02
1.175000000000000000e+02 1.579472370600589967e-02
1.200000000000000000e+02 1.625893450223738629e-02
1.225000000000000000e+02 1.642314997697359030e-02
1.250000000000000000e+02 1.627099260758129926e-02
1.275000000000000000e+02 1.595424462180537739e-02
1.300000000000000000e+02 1.583871269765386655e-02
1.325000000000000000e+02 1.630128112679069680e-02
1.350000000000000000e+02 1.740297030250497270e-02
1.375000000000000000e+02 1.875795723970633336e-02
1.400000000000000000e+02 1.976736604407336451e-02
1.425000000000000000e+02 2.005004208185613007e-02
1.450000000000000000e+02 1.971681417091446925e-02
1.475000000000000000e+02 1.926211796462519443e-02
1.500000000000000000e+02 1.917690245034851457e-02
1.525000000000000000e+02 1.962464134793709056e-02
1.550000000000000000e+02 2.042816215289954690e-02
1.575000000000000000e+02 2.128898249960966757e-02
1.600000000000000000e+02 2.197273334863902861e-02
1.625000000000000000e+02 2.233042067973186814e-02
1.650000000000000000e+02 2.226692556474571885e-02
1.675000000000000000e+02 2.180282954809364265e-02
1.700000000000000000e+02 2.118492435816103636e-02
1.725000000000000000e+02 2.085227858485988114e-02
1.750000000000000000e+02 2.117327424927133508e-02
1.775000000000000000e+02 2.213217426816094235e-02
1.800000000000000000e+02 2.326010581628323859e-02
1.825000000000000000e+02 2.392753224267397602e-02
1.850000000000000000e+02 2.379792122733569507e-02
1.875000000000000000e+02 2.307289627865857090e-02
1.900000000000000000e+02 2.231558900018325645e-02
1.925000000000000000e+02 2.201530228278161458e-02
1.950000000000000000e+02 2.228545059874513165e-02
1.975000000000000000e+02 2.290952774917772578e-02
2.000000000000000000e+02 2.357994147099257837e-02
2.025000000000000000e+02 2.405321876669375483e-02
2.050000000000000000e+02 2.415593036293714815e-02
2.075000000000000000e+02 2.378461602556613055e-02
2.100000000000000000e+02 2.299555598388060285e-02
2.125000000000000000e+02 2.208880134040055662e-02
2.150000000000000000e+02 2.151921233576575485e-02
2.175000000000000000e+02 2.161284794425205255e-02
2.200000000000000000e+02 2.228580621297106615e-02
2.225000000000000000e+02 2.302850150639670912e-02
2.250000000000000000e+02 2.323538737195372447e-02
2.275000000000000000e+02 2.265394769157504443e-02
2.300000000000000000e+02 2.157368182925116853e-02
2.325000000000000000e+02 2.057833022147205135e-02
2.350000000000000000e+02 2.009638222078142036e-02
2.375000000000000000e+02 2.016274029374976254e-02
2.400000000000000000e+02 2.053421449417939387e-02
2.425000000000000000e+02 2.092911477282784552e-02
2.450000000000000000e+02 2.113431213107187442e-02
2.475000000000000000e+02 2.098591280350949051e-02
2.500000000000000000e+02 2.038453875481118990e-02
2.525000000000000000e+02 1.939707753822119199e-02
2.550000000000000000e+02 1.832363216803771164e-02
2.575000000000000000e+02 1.758838483763423485e-02
2.600000000000000000e+02 1.746407483681699374e-02
2.625000000000000000e+02 1.782537407551066863e-02
2.650000000000000000e+02 1.817119800447280012e-02
2.675000000000000000e+02 1.796909173821463826e-02
2.700000000000000000e+02 1.707035809045716682e-02
2.725000000000000000e+02 1.582292029861518887e-02
2.750000000000000000e+02 1.476865585302201272e-02
2.775000000000000000e+02 1.422593324160342960e-02
2.800000000000000000e+02 1.414659253001281786e-02
2.825000000000000000e+02 1.429232633994258900e-02
2.850000000000000000e+02 1.444911078471382282e-02
2.875000000000000000e+02 1.447057933419119286e-02
2.900000000000000000e+02 1.422324683038190749e-02
2.925000000000000000e+02 1.360274988810376319e-02
2.950000000000000000e+02 1.264525160481057807e-02
2.975000000000000000e+02 1.160170144463306026e-02
3.000000000000000000e+02 1.084061058881963073e-02
3.025000000000000000e+02 1.059214464168738504e-02
3.050000000000000000e+02 1.072647085051652016e-02
3.075000000000000000e+02 1.079775208058984630e-02
3.100000000000000000e+02 1.038078742694278564e-02
3.125000000000000000e+02 9.425543327909733857e-03
3.150000000000000000e+02 8.288065813420971914e-03
3.175000000000000000e+02 7.406739436064942693e-03
3.200000000000000000e+02 6.962689825703791136e-03
3.225000000000000000e+02 6.844455928169953379e-03
3.250000000000000000e+02 6.861147426723676959e-03
3.275000000000000000e+02 6.905740307358395301e-03
3.300000000000000000e+02 6.923380448372840404e-03
3.325000000000000000e+02 6.812510869801691529e-03
3.350000000000000000e+02 6.435808227742032157e-03
3.375000000000000000e+02 5.754333338272139831e-03
3.400000000000000000e+02 4.938522917010915864e-03
3.425000000000000000e+02 4.301088967865499338e-03
3.450000000000000000e+02 4.055456568725669675e-03
3.475000000000000000e+02 4.105031785410288327e-03
3.500000000000000000e+02 4.094818596543225477e-03
3.525000000000000000e+02 3.719398310190661413e-03
3.550000000000000000e+02 2.998210800794661769e-03
3.575000000000000000e+02 2.236370923803019002e-03
3.600000000000000000e+02 1.723176351078781589e-03
3.625000000000000000e+02 1.503203341251079742e-03
3.650000000000000000e+02 1.439640121651664497e-03
3.675000000000000000e+02 1.432525279641075301e-03
3.700000000000000000e+02 1.510234949803123793e-03
3.725000000000000000e+02 1.715973630368969024e-03
3.750000000000000000e+02 1.961178852249110746e-03
3.775000000000000000e+02 2.037758486454741697e-03
3.800000000000000000e+02 1.798921528199474160e-03
3.825000000000000000e+02 1.329094742672578449e-03
3.850000000000000000e+02 9.059524779367104062e-04
3.875000000000000000e+02 7.573641942611867347e-04
3.900000000000000000e+02 8.498038535600833943e-04
3.925000000000000000e+02 9.370177410889442846e-04
3.950000000000000000e+02 8.222483295448137792e-04
3.975000000000000000e+02 5.488176423623819826e-04
4.000000000000000000e+02 3.182146550872498939e-04
4.025000000000000000e+02 2.516469506788279872e-04
4.050000000000000000e+02 2.833839136450942665e-04
4.075000000000000000e+02 2.970726790151003902e-04
4.100000000000000000e+02 3.185257046577423166e-04
4.125000000000000000e+02 5.225313987647537631e-04
4.150000000000000000e+02 1.035954785179187031e-03
4.175000000000000000e+02 1.748872843385748015e-03
4.200000000000000000e+02 2.347914529379546700e-03
4.225000000000000000e+02 2.568839448153771750e-03
4.250000000000000000e+02 2.430463035386583748e-03
4.275000000000000000e+02 2.207597536525276842e-03
4.300000000000000000e+02 2.169022967751626282e-03
4.325000000000000000e+02 2.359564951629132459e-03
4.350000000000000000e+02 2.638849224865829051e-03
4.375000000000000000e+02 2.887803685605172446e-03
4.400000000000000000e+02 3.124342109698688939e-03
4.425000000000000000e+02 3.413656312015830863e-03
4.450000000000000000e+02 3.719365743333078334e-03
4.475000000000000000e+02 3.908297127994298133e-03
4.500000000000000000e+02 3.926735485039859613e-03
4.525000000000000000e+02 3.944959303342072433e-03
4.550000000000000000e+02 4.274463470232460656e-03
4.575000000000000000e+02 5.092648305922522524e-03
4.600000000000000000e+02 6.228805225766173570e-03
4.625000000000000000e+02 7.246341842507397074e-03
4.650000000000000000e+02 7.781879450258231967e-03
4.675000000000000000e+02 7.827377431357205109e-03
4.700000000000000000e+02 7.686539873331649231e-03
4.725000000000000000e+02 7.682689149939168211e-03
4.750000000000000000e+02 7.936200667704383996e-03
4.775000000000000000e+02 8.390308368385702986e-03
4.800000000000000000e+02 8.962069665115564646e-03
4.825000000000000000e+02 9.605361432633397617e-03
4.850000000000000000e+02 1.024453264384990459e-02
4.875000000000000000e+02 1.072035500013725912e-02
4.900000000000000000e+02 1.087913960124443045e-02
4.925000000000000000e+02 1.075856296403795986e-02
4.950000000000000000e+02 1.067171386345434556e-02
4.975000000000000000e+02 1.103694778502231806e-02
5.000000000000000000e+02 1.203763765715522814e-02
5.025000000000000000e+02 1.341083869951291765e-02
5.050000000000000000e+02 1.460454232883694192e-02
5.075000000000000000e+02 1.519896270663541674e-02
5.100000000000000000e+02 1.520384232939596576e-02
5.125000000000000000e+02 1.497228630120420872e-02
5.150000000000000000e+02 1.487828489715007155e-02
5.175000000000000000e+02 1.509701910032597814e-02
5.200000000000000000e+02 1.561967886011975636e-02
5.225000000000000000e+02 1.636005048392075167e-02
5.250000000000000000e+02 1.719177478381790289e-02
5.275000000000000000e+02 1.792201464506577857e-02
5.300000000000000000e+02 1.831618188730102167e-02
5.325000000000000000e+02 1.823862588499500920e-02
5.350000000000000000e+02 1.782767113549182589e-02
5.375000000000000000e+02 1.751685226113084554e-02
5.400000000000000000e+02 1.778620712365979253e-02
5.425000000000000000e+02 1.878015818132711123e-02
5.450000000000000000e+02 2.013194500088999472e-02
5.475000000000000000e+02 2.120961207848790636e-02
5.500000000000000000e+02 2.159347608796485796e-02
5.525000000000000000e+02 2.134809127357326780e-02
5.550000000000000000e+02 2.087809884278240061e-02
5.575000000000000000e+02 2.058618732952094063e-02
5.600000000000000000e+02 2.066768606693999977e-02
5.625000000000000000e+02 2.112258164287612525e-02
5.650000000000000000e+02 2.183693853628439208e-02
5.675000000000000000e+02 2.261577470444963225e-02
5.700000000000000000e+02 2.319297757860170131e-02
5.725000000000000000e+02 2.330485815661644672e-02
5.750000000000000000e+02 2.285500269240569801e-02
5.775000000000000000e+02 2.207071162619358290e-02
5.800000000000000000e+02 2.146642922076669180e-02
5.825000000000000000e+02 2.153197307588826728e-02
5.850000000000000000e+02 2.233973369850640947e-02
5.875000000000000000e+02 2.343423771326475641e-02
5.900000000000000000e+02 2.416036155114382675e-02
5.925000000000000000e+02 2.415431973415075456e-02
5.950000000000000000e+02 2.355429588326054050e-02
5.975000000000000000e+02 2.279819268483289016e-02
6.000000000000000000e+02 2.228074336338696851e-02
6.025000000000000000e+02 2.217642933253417478e-02
6.050000000000000000e+02 2.246302566833725464e-02
6.075000000000000000e+02 2.299830158340153072e-02
6.100000000000000000e+02 2.355505900321816504e-02
6.125000000000000000e+02 2.384463211013056541e-02
6.150000000000000000e+02 2.360707493138124863e-02
6.175000000000000000e+02 2.278552397226675519e-02
6.200000000000000000e+02 2.166672135573047275e-02
6.225000000000000000e+02 2.079634399350994284e-02
6.250000000000000000e+02 2.062631767412004963e-02
6.275000000000000000e+02 2.114557308264722324e-02
6.300000000000000000e+02 2.185074654313674813e-02
6.325000000000000000e+02 2.212866720610181734e-02
6.350000000000000000e+02 2.171262204413349287e-02
6.375000000000000000e+02 2.081004653177795372e-02
6.400000000000000000e+02 1.985645836312424986e-02
6.425000000000000000e+02 1.919407506462332547e-02
6.450000000000000000e+02 1.893918568209799688e-02
6.475000000000000000e+02 1.903486567746284774e-02
6.500000000000000000e+02 1.933575361781623980e-02
6.525000000000000000e+02 1.963285244281171363e-02
6.550000000000000000e+02 1.965782951146292576e-02
6.575000000000000000e+02 1.916692889532553221e-02
6.600000000000000000e+02 1.812445185212589391e-02
6.625000000000000000e+02 1.683582816398648124e-02
6.650000000000000000e+02 1.582768998719866552e-02
6.675000000000000000e+02 1.548143123020262121e-02
6.700000000000000000e+02 1.571681959810110329e-02
6.725000000000000000e+02 1.604010852494868952e-02
6.750000000000000000e+02 1.593789063172416226e-02
6.775000000000000000e+02 1.525784699780204784e-02
6.800000000000000000e+02 1.425052684547054027e-02
6.825000000000000000e+02 1.330301236590643137e-02
6.850000000000000000e+02 1.266158844282738206e-02
6.875000000000000000e+02 1.236100371206108953e-02
6.900000000000000000e+02 1.232139581342759846e-02
6.925000000000000000e+02 1.243876893654007748e-02
6.950000000000000000e+02 1.257151289686884825e-02
6.975000000000000000e+02 1.249542326033848717e-02
7.000000000000000000e+02 1.197470306869860730e-02
7.025000000000000000e+02 1.096438090000283368e-02
7.050000000000000000e+02 9.745449856214987577e-03
7.075000000000000000e+02 8.784954496132847679e-03
7.100000000000000000e+02 8.383677740941777520e-03
7.125000000000000000e+02 8.428651939562530754e-03
7.150000000000000000e+02 8.495327192903518246e-03
7.175000000000000000e+02 8.207132097398593326e-03
7.200000000000000000e+02 7.517418736641964978e-03
7.225000000000000000e+02 6.678693988666703496e-03
7.250000000000000000e+02 5.982318287603630505e-03
7.275000000000000000e+02 5.546122957730756364e-03
7.300000000000000000e+02 5.321863599674195311e-03
7.325000000000000000e+02 5.241374110042805630e-03
7.350000000000000000e+02 5.292726927425601795e-03
7.375000000000000000e+02 5.434901063224176557e-03
7.400000000000000000e+02 5.487940926841451857e-03
7.425000000000000000e+02 5.200796360774281694e-03
7.450000000000000000e+02 4.485743637983121562e-03
7.475000000000000000e+02 3.563290336201326968e-03
7.500000000000000000e+02 2.818805938200173548e-03
7.525000000000000000e+02 2.486429067849893308e-03
7.550000000000000000e+02 2.468268587339017290e-03
7.575000000000000000e+02 2.455052758520862109e-03
7.600000000000000000e+02 2.216291411681161391e-03
7.625000000000000000e+02 1.781043030909912166e-03
7.650000000000000000e+02 1.357314733204008014e-03
7.675000000000000000e+02 1.101758641913197067e-03
7.700000000000000000e+02 9.905218566872917019e-04
7.725000000000000000e+02 9.154435537239281970e-04
7.750000000000000000e+02 8.686569803750848100e-04
7.775000000000000000e+02 9.714094370795572355e-04
7.800000000000000000e+02 1.291021090027305541e-03
7.825000000000000000e+02 1.671170583390183418e-03
7.850000000000000000e+02 1.816662917297297069e-03
7.875000000000000000e+02 1.569697222945913790e-03
7.900000000000000000e+02 1.069566211893833302e-03
7.925000000000000000e+02 6.207913766129040433e-04
7.950000000000000000e+02 4.230890213792937084e-04
7.975000000000000000e+02 4.380738282378673193e-04
8.000000000000000000e+02 4.929112166544261271e-04
8.025000000000000000e+02 4.856758662570156916e-04
8.050000000000000000e+02 4.795602257096211012e-04
8.075000000000000000e+02 5.964275665335050727e-04
8.100000000000000000e+02 8.357256128945723863e-04
8.125000000000000000e+02 1.042695119312011826e-03
8.150000000000000000e+02 1.092504035154248220e-03
8.175000000000000000e+02 1.085935945247892007e-03
8.200000000000000000e+02 1.295626970557531722e-03
8.225000000000000000e+02 1.878189840398558413e-03
8.250000000000000000e+02 2.668371227135028778e-03
8.275000000000000000e+02 3.302240803296623787e-03
8.300000000000000000e+02 3.538358366641789973e-03
8.325000000000000000e+02 3.434524105737277004e-03
8.350000000000000000e+02 3.236368878934802861e-03
8.375000000000000000e+02 3.147783198259954812e-03
8.400000000000000000e+02 3.216962456720716661e-03
8.425000000000000000e+02 3.400092577621199093e-03
8.450000000000000000e+02 3.687731734200468733e-03
8.475000000000000000e+02 4.135286543159608606e-03
8.500000000000000000e+02 4.750100497177670716e-03
8.525000000000000000e+02 5.373688446921207236e-03
8.550000000000000000e+02 5.754271890438444371e-03
8.575000000000000000e+02 5.802795330690224684e-03
8.600000000000000000e+02 5.761601279014266427e-03
8.625000000000000000e+02 6.043608137497573016e-03
8.650000000000000000e+02 6.855513524659009525e-03
8.675000000000000000e+02 7.989964836692821371e-03
8.700000000000000000e+02 9.002227933997660261e-03
8.725000000000000000e+02 9.572142455541287481e-03
8.750000000000000000e+02 9.696522513111351105e-03
8.775000000000000000e+02 9.596879816350914819e-03
8.800000000000000000e+02 9.511841234532355388e-03
8.825000000000000000e+02 9.577439015875623823e-03
8.850000000000000000e+02 9.847783575411482929e-03
8.875000000000000000e+02 1.036339647816198958e-02
8.900000000000000000e+02 1.113954282058435795e-02
8.925000000000000000e+02 1.205943670411565617e-02
8.950000000000000000e+02 1.282871102485429182e-02
8.975000000000000000e+02 1.314837236750180695e-02
9.000000000000000000e+02 1.301205153773622378e-02
9.025000000000000000e+02 1.280993613129015156e-02
9.050000000000000000e+02 1.305710751524676375e-02
9.075000000000000000e+02 1.396282605260727727e-02
9.100000000000000000e+02 1.525432490367757861e-02
9.125000000000000000e+02 1.641152954559767577e-02
9.150000000000000000e+02 1.705985456605518466e-02
9.175000000000000000e+02 1.717112519517862562e-02
9.200000000000000000e+02 1.697745226606796332e-02
9.225000000000000000e+02 1.676259131208942058e-02
9.250000000000000000e+02 1.672565712135823390e-02
9.275000000000000000e+02 1.697516211823485097e-02
9.300000000000000000e+02 1.756476318268846565e-02
9.325000000000000000e+02 1.845342970547067876e-02
9.350000000000000000e+02 1.941123633643466670e-02
9.375000000000000000e+02 2.004871516332368958e-02
9.400000000000000000e+02 2.007317912800846149e-02
9.425000000000000000e+02 1.958832914400000444e-02
9.450000000000000000e+02 1.910839306820120639e-02
9.475000000000000000e+02 1.919530638744963713e-02
9.500000000000000000e+02 2.001800320232886496e-02
9.525000000000000000e+02 2.123190767282485264e-02
9.550000000000000000e+02 2.226583759543917032e-02
9.575000000000000000e+02 2.273098107405109591e-02
9.600000000000000000e+02 2.261544690607367528e-02
9.625000000000000000e+02 2.218308947238006174e-02
9.650000000000000000e+02 2.174737948864569753e-02
9.675000000000000000e+02 2.152762766580737508e-02
9.700000000000000000e+02 2.164435906443849464e-02
9.725000000000000000e+02 2.214217898012989238e-02
9.750000000000000000e+02 2.292641600865101895e-02
9.775000000000000000e+02 2.368342750571685029e-02
9.800000000000000000e+02 2.397933873164681540e-02
9.825000000000000000e+02 2.357102648266939590e-02
9.850000000000000000e+02 2.267149579974927706e-02
9.875000000000000000e+02 2.187037627110533303e-02
9.900000000000000000e+02 2.171771362116538262e-02
9.925000000000000000e+02 2.231415236340514655e-02
9.950000000000000000e+02 2.325643942825731530e-02
9.975000000000000000e+02 2.396271823041193003e-02
1.000000000000000000e+03 2.407836301782655813e-02
1.002500000000000000e+03 2.364163929993089511e-02
1.005000000000000000e+03 2.294606627434683105e-02
1.007500000000000000e+03 2.229647000372279170e-02
1.010000000000000000e+03 2.188437128944436053e-02
1.012500000000000000e+03 2.181271269359342374e-02
1.015000000000000000e+03 2.211362928611872516e-02
1.017500000000000000e+03 2.265889853411855170e-02
1.020000000000000000e+03 2.309293178657939247e-02
1.022500000000000000e+03 2.298621944072105211e-02
1.025000000000000000e+03 2.216669148200726969e-02
1.027500000000000000e+03 2.092740873552611028e-02
1.030000000000000000e+03 1.987197655653709025e-02
1.032500000000000000e+03 1.948967988881488214e-02
1.035000000000000000e+03 1.980521268699908174e-02
1.037500000000000000e+03 2.038753884127414776e-02
1.040000000000000000e+03 2.069467591415821012e-02
1.042500000000000000e+03 2.045212791614764436e-02
1.045000000000000000e+03 1.976335350465249427e-02
1.047500000000000000e+03 1.892390678992523709e-02
1.050000000000000000e+03 1.817905985328778506e-02
1.052500000000000000e+03 1.765332114991805673e-02
1.055000000000000000e+03 1.742208364918699376e-02
1.057500000000000000e+03 1.751955489727598930e-02
1.060000000000000000e+03 1.781658665922121118e-02
1.062500000000000000e+03 1.796056936439147100e-02
1.065000000000000000e+03 1.756139151914161076e-02
1.067500000000000000e+03 1.651251354140725533e-02
1.070000000000000000e+03 1.513741700008051742e-02
1.072500000000000000e+03 1.399432477028731900e-02
1.075000000000000000e+03 1.348204626691752207e-02
1.077500000000000000e+03 1.356194424191511580e-02
1.080000000000000000e+03 1.381846849056639001e-02
1.082500000000000000e+03 1.380130058434230443e-02
1.085000000000000000e+03 1.334825517754446682e-02
1.087500000000000000e+03 1.261772523845123596e-02
1.090000000000000000e+03 1.186015185801480264e-02
1.092500000000000000e+03 1.121228918108522869e-02
1.095000000000000000e+03 1.071176603003905908e-02
1.097500000000000000e+03 1.041705272759947329e-02
1.100000000000000000e+03 1.039208387732937569e-02
1.102500000000000000e+03 1.054428238599273288e-02
1.105000000000000000e+03 1.056155569363412434e-02
1.107500000000000000e+03 1.010618738897745353e-02
1.110000000000000000e+03 9.107534182514778059e-03
1.112500000000000000e+03 7.863360505760991909e-03
1.115000000000000000e+03 6.842401085962283858e-03
1.117500000000000000e+03 6.345860127896357610e-03
1.120000000000000000e+03 6.300118335763118214e-03
1.122500000000000000e+03 6.352792543344412332e-03
1.125000000000000000e+03 6.188018619447918298e-03
1.127500000000000000e+03 5.765523271186334502e-03
1.130000000000000000e+03 5.264023104748203653e-03
1.132500000000000000e+03 4.834812576093940745e-03
1.135000000000000000e+03 4.473122961233280855e-03
1.137500000000000000e+03 4.133881330629437731e-03
1.140000000000000000e+03 3.885590575084656075e-03
1.142500000000000000e+03 3.855123250630451952e-03
1.145000000000000000e+03 4.019623966442121589e-03
1.147500000000000000e+03 4.128368774749768995e-03
1.150000000000000000e+03 3.885006400986633530e-03
1.152500000000000000e+03 3.211342674834293323e-03
1.155000000000000000e+03 2.332065496865922457e-03
1.157500000000000000e+03 1.605570959294303889e-03
1.160000000000000000e+03 1.248519860654728926e-03
1.162500000000000000e+03 1.188865861565248068e-03
1.165000000000000000e+03 1.180239716118083046e-03
1.167500000000000000e+03 1.065581520517750120e-03
1.170000000000000000e+03 9.100822052108806150e-04
1.172500000000000000e+03 8.623185984156031417e-04
1.175000000000000000e+03 9.288355235058189151e-04
1.177500000000000000e+03 9.556782286321829087e-04
1.180000000000000000e+03 8.414173631751798279e-04
1.182500000000000000e+03 7.000352808469603814e-04
1.185000000000000000e+03 7.513256947980292847e-04
1.187500000000000000e+03 1.061982411393168606e-03
1.190000000000000000e+03 1.441535761949476468e-03
1.192500000000000000e+03 1.605272445327462875e-03
1.195000000000000000e+03 1.424734295388449144e-03
1.197500000000000000e+03 1.025017597047607996e-03
1.200000000000000000e+03 6.577536516428754724e-04
1.202500000000000000e+03 4.815166696486693361e-04
1.205000000000000000e+03 4.618167148267016673e-04
1.207500000000000000e+03 4.873897572128668633e-04
1.210000000000000000e+03 5.597918583246165895e-04
1.212500000000000000e+03 8.106724608992281998e-04
1.215000000000000000e+03 1.305929955458043574e-03
1.217500000000000000e+03 1.883466136241012051e-03
1.220000000000000000e+03 2.260072623290836601e-03
1.222500000000000000e+03 2.319139824426206132e-03
1.225000000000000000e+03 2.254683019246554818e-03
1.227500000000000000e+03 2.397715433453403294e-03
1.230000000000000000e+03 2.904462103308167158e-03
1.232500000000000000e+03 3.622410491898132422e-03
1.235000000000000000e+03 4.241453757931080808e-03
1.237500000000000000e+03 4.555174512938282502e-03
1.240000000000000000e+03 4.588867514699345590e-03
1.242500000000000000e+03 4.510134674408224423e-03
1.245000000000000000e+03 4.450243640896057139e-03
1.247500000000000000e+03 4.439278485551472787e-03
1.250000000000000000e+03 4.509701549959615682e-03
1.252500000000000000e+03 4.796377334206493315e-03
1.255000000000000000e+03 5.445925857080824613e-03
1.257500000000000000e+03 6.401961276625054743e-03
1.260000000000000000e+03 7.338795293667398079e-03
1.262500000000000000e+03 7.886349372275568842e-03
1.265000000000000000e+03 7.958332242309761051e-03
1.267500000000000000e+03 7.853453549612995563e-03
1.270000000000000000e+03 8.014048756069333188e-03
1.272500000000000000e+03 8.664049382124963672e-03
1.275000000000000000e+03 9.652714408524758899e-03
1.277500000000000000e+03 1.061437741513064290e-02
1.280000000000000000e+03 1.126157794365694603e-02
1.282500000000000000e+03 1.154354012330393274e-02
1.285000000000000000e+03 1.157610807732183632e-02
1.287500000000000000e+03 1.148922628701234266e-02
1.290000000000000000e+03 1.138907535474094346e-02
1.292500000000000000e+03 1.143733119468891973e-02
1.295000000000000000e+03 1.185762578152660569e-02
1.297500000000000000e+03 1.276173703696373979e-02
1.300000000000000000e+03 1.395598595243141733e-02
1.302500000000000000e+03 1.498422585025676636e-02
1.305000000000000000e+03 1.544364834854822927e-02
1.307500000000000000e+03 1.531715135489457660e-02
1.310000000000000000e+03 1.501592126196572667e-02
1.312500000000000000e+03 1.507250586140985310e-02
1.315000000000000000e+03 1.573877298229738389e-02
1.317500000000000000e+03 1.682789376890931124e-02
1.320000000000000000e+03 1.790790056700127322e-02
1.322500000000000000e+03 1.863378210232622886e-02
1.325000000000000000e+03 1.891736502268607026e-02
1.327500000000000000e+03 1.885353682151435367e-02
1.330000000000000000e+03 1.858483418675728124e-02
1.332500000000000000e+03 1.828617676414212925e-02
1.335000000000000000e+03 1.821346147345127842e-02
1.337500000000000000e+03 1.862676939633145512e-02
1.340000000000000000e+03 1.956908066491609352e-02
1.342500000000000000e+03 2.072368270000708376e-02
1.345000000000000000e+03 2.155669061897006258e-02
1.347500000000000000e+03 2.168548977047795104e-02
1.350000000000000000e+03 2.118550222203030922e-02
1.352500000000000000e+03 2.056754928236692245e-02
1.355000000000000000e+03 2.041370427868716142e-02
1.357500000000000000e+03 2.095548196157285756e-02
1.360000000000000000e+03 2.194414052861640152e-02
1.362500000000000000e+03 2.289691969000764299e-02
1.365000000000000000e+03 2.345516252578204106e-02
1.367500000000000000e+03 2.353438870410257816e-02
1.370000000000000000e+03 2.322845776279348906e-02
1.372500000000000000e+03 2.269025024865341245e-02
1.375000000000000000e+03 2.213789243195591130e-02
1.377500000000000000e+03 2.187409745766782238e-02
1.380000000000000000e+03 2.214949086836718109e-02
1.382500000000000000e+03 2.292993339571799266e-02
1.385000000000000000e+03 2.381539854497168734e-02
1.387500000000000000e+03 2.425327859507052375e-02
1.390000000000000000e+03 2.392122707144854130e-02
1.392500000000000000e+03 2.298985333458217206e-02
1.395000000000000000e+03 2.203643828190771092e-02
1.397500000000000000e+03 2.163893635525464265e-02
1.400000000000000000e+03 2.196460644675460663e-02
1.402500000000000000e+03 2.269984957394634989e-02
1.405000000000000000e+03 2.335152623294986518e-02
1.407500000000000000e+03 2.359947770787518620e-02
1.410000000000000000e+03 2.339430655486525457e-02
1.412500000000000000e+03 2.283228683095413214e-02
1.415000000000000000e+03 2.205800183901466399e-02
1.417500000000000000e+03 2.129423298835096678e-02
1.420000000000000000e+03 2.084268979801692789e-02
1.422500000000000000e+03 2.091781901547977093e-02
1.425000000000000000e+03 2.142774158238132387e-02
1.427500000000000000e+03 2.194326281566909634e-02
1.430000000000000000e+03 2.194443480948791644e-02
1.432500000000000000e+03 2.118896960944252963e-02
1.435000000000000000e+03 1.992405098913017925e-02
1.437500000000000000e+03 1.874451199997176007e-02
1.440000000000000000e+03 1.816827645316632101e-02
1.442500000000000000e+03 1.827160809103584374e-02
1.445000000000000000e+03 1.870012452148697019e-02
1.447500000000000000e+03 1.900632501735638816e-02
1.450000000000000000e+03 1.895474665795323505e-02
1.452500000000000000e+03 1.854447674566153323e-02
1.455000000000000000e+03 1.786026550343512015e-02
1.457500000000000000e+03 1.700709276742572509e-02
1.460000000000000000e+03 1.616987566625556830e-02
1.462500000000000000e+03 1.561399189194277032e-02
1.465000000000000000e+03 1.551730247254255214e-02
1.467500000000000000e+03 1.577074028887015880e-02
1.470000000000000000e+03 1.596987799656275978e-02
1.472500000000000000e+03 1.566066598653580513e-02
1.475000000000000000e+03 1.467848038730678109e-02
1.477500000000000000e+03 1.331098510701662213e-02
1.480000000000000000e+03 1.211441443400332676e-02
1.482500000000000000e+03 1.150092677993236334e-02
1.485000000000000000e+03 1.145472678587027004e-02
1.487500000000000000e+03 1.162732281731773849e-02
1.490000000000000000e+03 1.167415360887033397e-02
1.492500000000000000e+03 1.147294565939933203e-02
1.495000000000000000e+03 1.106407599598702163e-02
1.497500000000000000e+03 1.049298720004646773e-02
1.500000000000000000e+03 9.788275281056196472e-03
1.502500000000000000e+03 9.061722533782640837e-03
1.505000000000000000e+03 8.529473634119171324e-03
1.507500000000000000e+03 8.357521451934864232e-03
1.510000000000000000e+03 8.468254723660350106e-03
1.512500000000000000e+03 8.522194536270519608e-03
1.515000000000000000e+03 8.141752161242342758e-03
1.517500000000000000e+03 7.218724584196624383e-03
1.520000000000000000e+03 6.035077250900856317e-03
1.522500000000000000e+03 5.056075391882818883e-03
1.525000000000000000e+03 4.563370589062406245e-03
1.527500000000000000e+03 4.474768967071538796e-03
1.530000000000000000e+03 4.505041908720248782e-03
1.532500000000000000e+03 4.456447062063616064e-03
1.535000000000000000e+03 4.324636783571789676e-03
1.537500000000000000e+03 4.166471289789550579e-03
1.540000000000000000e+03 3.953311223302965680e-03
1.542500000000000000e+03 3.604610587710420106e-03
1.545000000000000000e+03 3.141546129238903702e-03
1.547500000000000000e+03 2.744027117447073779e-03
1.550000000000000000e+03 2.606542649992809463e-03
1.552500000000000000e+03 2.724388004175603336e-03
1.555000000000000000e+03 2.841034694872802187e-03
1.557500000000000000e+03 2.645081821246517487e-03
1.560000000000000000e+03 2.051781260557882045e-03
1.562500000000000000e+03 1.290848188846324468e-03
1.565000000000000000e+03 6.991875193130715890e-04
1.567500000000000000e+03 4.298783912094013195e-04
1.570000000000000000e+03 3.794230725510388418e-04
1.572500000000000000e+03 3.783220078628203673e-04
1.575000000000000000e+03 3.956282153770473878e-04
1.577500000000000000e+03 5.266236576430805526e-04
1.580000000000000000e+03 8.092413030690938413e-04
1.582500000000000000e+03 1.107690290661674350e-03
1.585000000000000000e+03 1.213425665832393308e-03
1.587500000000000000e+03 1.063919915409127599e-03
1.590000000000000000e+03 8.370628223271678022e-04
1.592500000000000000e+03 7.970912302436019507e-04
1.595000000000000000e+03 1.033996783386769217e-03
1.597500000000000000e+03 1.368673069371934350e-03
1.600000000000000000e+03 1.531498656508017715e-03
1.602500000000000000e+03 1.425533831373404243e-03
1.605000000000000000e+03 1.191588461936966478e-03
1.607500000000000000e+03 1.024135472967756559e-03
1.610000000000000000e+03 9.745258069136621473e-04
1.612500000000000000e+03 9.689109659338459484e-04
1.615000000000000000e+03 9.868980144499767473e-04
1.617500000000000000e+03 1.157013294449042544e-03
1.620000000000000000e+03 1.639175789864894938e-03
1.622500000000000000e+03 2.415244536819026715e-03
1.625000000000000000e+03 3.219834975391861875e-03
1.627500000000000000e+03 3.719149263597299523e-03
1.630000000000000000e+03 3.798153241267664560e-03
1.632500000000000000e+03 3.676356433927391830e-03
1.635000000000000000e+03 3.714786569359684702e-03
1.637500000000000000e+03 4.094398206079012323e-03
1.640000000000000000e+03 4.689615276157691609e-03
1.642500000000000000e+03 5.243156939854025020e-03
1.645000000000000000e+03 5.616740194838792076e-03
1.647500000000000000e+03 5.844143965469637825e-03
1.650000000000000000e+03 5.989307413916038735e-03
1.652500000000000000e+03 6.044399076408282258e-03
1.655000000000000000e+03 6.006566257751978256e-03
1.657500000000000000e+03 6.010540896055209178e-03
1.660000000000000000e+03 6.313643740611699431e-03
1.662500000000000000e+03 7.098160228403566085e-03
1.665000000000000000e+03 8.259758453870729919e-03
1.667500000000000000e+03 9.399060946175609096e-03
1.670000000000000000e+03 1.008426877831960361e-02
1.672500000000000000e+03 1.019579909270070146e-02
1.675000000000000000e+03 1.003257035520947575e-02
1.677500000000000000e+03 1.005480326636759916e-02
1.680000000000000000e+03 1.050714399717490172e-02
1.682500000000000000e+03 1.128456000935284219e-02
1.685000000000000000e+03 1.211679208162712296e-02
1.687500000000000000e+03 1.280929518039768643e-02
1.690000000000000000e+03 1.329387370526741337e-02
1.692500000000000000e+03 1.353728807145494241e-02
1.695000000000000000e+03 1.351676182832716767e-02
1.697500000000000000e+03 1.331992698750000988e-02
1.700000000000000000e+03 1.321513821077177978e-02
1.702500000000000000e+03 1.354369238983683943e-02
1.705000000000000000e+03 1.447049705495044927e-02
1.707500000000000000e+03 1.578914876368421941e-02
1.710000000000000000e+03 1.698401726376404935e-02
1.712500000000000000e+03 1.757344704085284440e-02
1.715000000000000000e+03 1.748474148145556101e-02
1.717500000000000000e+03 1.711439342451325993e-02
1.720000000000000000e+03 1.699696895083925574e-02
1.722500000000000000e+03 1.739839274400406879e-02
1.725000000000000000e+03 1.820243251935655532e-02
1.727500000000000000e+03 1.911215706713233209e-02
1.730000000000000000e+03 1.988092049895736138e-02
1.732500000000000000e+03 2.036565909549851311e-02
1.735000000000000000e+03 2.047986646341146133e-02
1.737500000000000000e+03 2.021741818255645695e-02
1.740000000000000000e+03 1.974888740631872835e-02
1.742500000000000000e+03 1.943450103446916002e-02
1.745000000000000000e+03 1.965186019865313577e-02
1.747500000000000000e+03 2.051945238348548348e-02
1.750000000000000000e+03 2.173171693796771900e-02
1.752500000000000000e+03 2.269588082405912116e-02
1.755000000000000000e+03 2.293947371965536497e-02
1.757500000000000000e+03 2.247646680549456738e-02
1.760000000000000000e+03 2.179165418517564276e-02
1.762500000000000000e+03 2.144737151867197322e-02
1.765000000000000000e+03 2.168490659072212084e-02
1.767500000000000000e+03 2.235520689428281693e-02
1.770000000000000000e+03 2.313741537706772919e-02
1.772500000000000000e+03 2.375668492129983170e-02
1.775000000000000000e+03 2.403691140716005328e-02
1.777500000000000000e+03 2.387859784170780209e-02
1.780000000000000000e+03 2.330126738406358006e-02
1.782500000000000000e+03 2.252702413558642022e-02
1.785000000000000000e+03 2.195775785901580082e-02
1.787500000000000000e+03 2.196715785151929015e-02
1.790000000000000000e+03 2.261435319650059034e-02
1.792500000000000000e+03 2.351732456756954609e-02
1.795000000000000000e+03 2.406036089856624510e-02
1.797500000000000000e+03 2.383608743024660456e-02
1.800000000000000000e+03 2.296107305743736240e-02
1.802500000000000000e+03 2.197217483551883524e-02
1.805000000000000000e+03 2.140252209779291981e-02
1.807500000000000000e+03 2.143073383736612478e-02
1.810000000000000000e+03 2.186932066785944595e-02
1.812500000000000000e+03 2.239410320809287133e-02
1.815000000000000000e+03 2.274137774141659143e-02
1.817500000000000000e+03 2.274655400295699098e-02
1.820000000000000000e+03 2.232078035913013375e-02
1.822500000000000000e+03 2.149321141626103771e-02
1.825000000000000000e+03 2.049216541495871985e-02
1.827500000000000000e+03 1.971504506232596432e-02
1.830000000000000000e+03 1.950613582904029905e-02
1.832500000000000000e+03 1.987043452944512248e-02
1.835000000000000000e+03 2.038870413896467365e-02
1.837500000000000000e+03 2.048068917695488114e-02
1.840000000000000000e+03 1.984284887106089676e-02
1.842500000000000000e+03 1.868109440199603594e-02
1.845000000000000000e+03 1.752942718531044428e-02
1.847500000000000000e+03 1.683775315527723249e-02
1.850000000000000000e+03 1.670030312451346172e-02
1.852500000000000000e+03 1.690374886222937093e-02
1.855000000000000000e+03 1.715656389539125387e-02
1.857500000000000000e+03 1.725206405068320167e-02
1.860000000000000000e+03 1.707109213934413644e-02
1.862500000000000000e+03 1.653491080577540115e-02
1.865000000000000000e+03 1.564701065888323903e-02
1.867500000000000000e+03 1.459596117996400655e-02
1.870000000000000000e+03 1.374252516733968400e-02
1.872500000000000000e+03 1.339409473860488260e-02
1.875000000000000000e+03 1.352335241720894338e-02
1.877500000000000000e+03 1.372217155003130351e-02
1.880000000000000000e+03 1.349532446539922735e-02
1.882500000000000000e+03 1.265499828133848439e-02
1.885000000000000000e+03 1.145723102262907918e-02
1.887500000000000000e+03 1.037280824566531867e-02
1.890000000000000000e+03 9.728959532427935639e-03
1.892500000000000000e+03 9.534152871951990377e-03
1.895000000000000000e+03 9.578421193805254988e-03
1.897500000000000000e+03 9.647767866264429781e-03
1.900000000000000000e+03 9.633182322317994026e-03
1.902500000000000000e+03 9.473607368901756573e-03
1.905000000000000000e+03 9.076222094923614217e-03
1.907500000000000000e+03 8.376107267633402242e-03
1.910000000000000000e+03 7.487984033027026906e-03
1.912500000000000000e+03 6.723149441478414035e-03
1.915000000000000000e+03 6.361788635098302239e-03
1.917500000000000000e+03 6.377462422595995932e-03
1.920000000000000000e+03 6.420048997936145425e-03
1.922500000000000000e+03 6.108601763079444212e-03
1.925000000000000000e+03 5.353971704130456102e-03
1.927500000000000000e+03 4.407869688679229986e-03
1.930000000000000000e+03 3.626188840747028228e-03
1.932500000000000000e+03 3.195740199782078766e-03
1.935000000000000000e+03 3.057560440144646823e-03
1.937500000000000000e+03 3.045597894173260323e-03
1.940000000000000000e+03 3.067481983741053402e-03
1.942500000000000000e+03 3.135744467913195374e-03
1.945000000000000000e+03 3.234502599308006210e-03
1.947500000000000000e+03 3.217429047419856185e-03
1.950000000000000000e+03 2.915091578794781063e-03
1.952500000000000000e+03 2.354556974900653098e-03
1.955000000000000000e+03 1.804296452556050732e-03
1.957500000000000000e+03 1.539633331251115834e-03
1.960000000000000000e+03 1.571283556804861908e-03
1.962500000000000000e+03 1.641377104101243104e-03
1.965000000000000000e+03 1.485788569421379445e-03
1.967500000000000000e+03 1.074308150448577154e-03
1.970000000000000000e+03 5.994775322313280813e-04
1.972500000000000000e+03 2.703954430137784823e-04
1.975000000000000000e+03 1.389573871824163818e-04
1.977500000000000000e+03 1.120595951892385038e-04
1.980000000000000000e+03 1.112334132455418683e-04
1.982500000000000000e+03 1.980380866740801481e-04
1.985000000000000000e+03 5.057404715770056009e-04
1.987500000000000000e+03 1.028736758238817149e-03
1.990000000000000000e+03 1.526255339020249823e-03
1.992500000000000000e+03 1.706945599917069657e-03
1.995000000000000000e+03 1.519242414393756364e-03
1.997500000000000000e+03 1.210446755321978795e-03
2.000000000000000000e+03 1.078654766253628978e-03
