0.000000000000000000e+00 0.000000000000000000e+00 1.000000000000000000e+00
2.500000000000000000e+00 1.373925319017715585e-01 8.626074680982298570e-01
5.000000000000000000e+00 4.734901774943801600e-01 5.265098225056212833e-01
7.500000000000000000e+00 8.230361580646957664e-01 1.769638419353078418e-01
1.000000000000000000e+01 9.953863031250542726e-01 4.613696874948449225e-03
1.250000000000000000e+01 8.993363019375136824e-01 1.006636980624925209e-01
1.500000000000000000e+01 5.907426565976978683e-01 4.092573434023118462e-01
1.750000000000000000e+01 2.390861157137967041e-01 7.609138842862160912e-01
2.000000000000000000e+01 3.423843908038070455e-02 9.657615609196316120e-01
2.250000000000000000e+01 8.500555563261168179e-02 9.149944443674032923e-01
2.500000000000000000e+01 3.624780074784231809e-01 6.375219925215857009e-01
2.750000000000000000e+01 7.163587897997909515e-01 2.836412102002153213e-01
3.000000000000000000e+01 9.552026814073645289e-01 4.479731859263916260e-02
3.250000000000000000e+01 9.491236828851490337e-01 5.087631711485405411e-02
3.500000000000000000e+01 7.008483380737415835e-01 2.991516619262622467e-01
3.750000000000000000e+01 3.456823325628449184e-01 6.543176674371576906e-01
4.000000000000000000e+01 7.816524315033425430e-02 9.218347568496709776e-01
4.250000000000000000e+01 4.443378624961610845e-02 9.555662137503857512e-01
4.500000000000000000e+01 2.607109923153890230e-01 7.392890076846121428e-01
4.750000000000000000e+01 6.050324689182606797e-01 3.949675310817403195e-01
5.000000000000000000e+01 8.870263001121734270e-01 1.129736998878277804e-01
5.250000000000000000e+01 9.547565173482840395e-01 4.524348265171899974e-02
5.500000000000000000e+01 7.771284456043507927e-01 2.228715543956521494e-01
5.750000000000000000e+01 4.568559554475058460e-01 5.431440445524965410e-01
6.000000000000000000e+01 1.702618112940615935e-01 8.297381887059407379e-01
6.250000000000000000e+01 7.032350840854438567e-02 9.296764915914584870e-01
6.500000000000000000e+01 2.062641107876169166e-01 7.937358892123830278e-01
6.750000000000000000e+01 5.005784952048419889e-01 4.994215047951602315e-01
7.000000000000000000e+01 7.928180907358886031e-01 2.071819092641122573e-01
7.250000000000000000e+01 9.258608430338166606e-01 7.413915696618401940e-02
7.500000000000000000e+01 8.297343200509152972e-01 1.702656799490840089e-01
7.750000000000000000e+01 5.590358313934389312e-01 4.409641686065605137e-01
8.000000000000000000e+01 2.631359400944277560e-01 7.368640599055700235e-01
8.250000000000000000e+01 1.039755872573761009e-01 8.960244127426273408e-01
8.500000000000000000e+01 1.661931077316156358e-01 8.338068922683865569e-01
8.750000000000000000e+01 4.105449112658714483e-01 5.894550887341281076e-01
9.000000000000000000e+01 6.978625990061099182e-01 3.021374009938888605e-01
9.250000000000000000e+01 8.693966862454765021e-01 1.306033137545206946e-01
9.500000000000000000e+01 8.359553067626257494e-01 1.640446932373707534e-01
9.750000000000000000e+01 6.243869396998608101e-01 3.756130603001375245e-01
1.000000000000000000e+02 3.572480267234109941e-01 6.427519732765887284e-01
1.025000000000000000e+02 1.811735712797852005e-01 8.188264287202146052e-01
1.050000000000000000e+02 1.867642602750413938e-01 8.132357397249584396e-01
1.075000000000000000e+02 3.634447789310894517e-01 6.365552210689073842e-01
1.100000000000000000e+02 6.101614861808727364e-01 3.898385138191248211e-01
1.125000000000000000e+02 7.925088770579908903e-01 2.074911229420067782e-01
1.150000000000000000e+02 8.147411986076505963e-01 1.852588013923448518e-01
1.175000000000000000e+02 6.695669442701444041e-01 3.304330557298502669e-01
1.200000000000000000e+02 4.403902235990284630e-01 5.596097764009657638e-01
1.225000000000000000e+02 2.546987935315815910e-01 7.453012064684114701e-01
1.250000000000000000e+02 2.132183109068474525e-01 7.867816890931453866e-01
1.275000000000000000e+02 3.339291855857920988e-01 6.660708144142020171e-01
1.300000000000000000e+02 5.433327441477500130e-01 4.566672558522429926e-01
1.325000000000000000e+02 7.206376802211742483e-01 2.793623197788185353e-01
1.350000000000000000e+02 7.685289715290746226e-01 2.314710284709176058e-01
1.375000000000000000e+02 6.677723103989792186e-01 3.322276896010128988e-01
1.400000000000000000e+02 4.838053912915214472e-01 5.161946087084685608e-01
1.425000000000000000e+02 3.241833111398206291e-01 6.758166888601682132e-01
1.450000000000000000e+02 2.752579807710248128e-01 7.247420192289646401e-01
1.475000000000000000e+02 3.560839272477741568e-01 6.439160727522149630e-01
1.500000000000000000e+02 5.135328001890595573e-01 4.864671998109304507e-01
1.525000000000000000e+02 6.568048606142783408e-01 3.431951393857102239e-01
1.550000000000000000e+02 7.088556323546200133e-01 2.911443676453687179e-01
1.575000000000000000e+02 6.466216642507358614e-01 3.533783357492515931e-01
1.600000000000000000e+02 5.105300372060377345e-01 4.894699627939481656e-01
1.625000000000000000e+02 3.800263352873785028e-01 6.199736647126041778e-01
1.650000000000000000e+02 3.285823294141506645e-01 6.714176705858299066e-01
1.675000000000000000e+02 3.822808678613408562e-01 6.177191321386390488e-01
1.700000000000000000e+02 5.052762440710228953e-01 4.947237559289569542e-01
1.725000000000000000e+02 6.216467237971552429e-01 3.783532762028238294e-01
1.750000000000000000e+02 6.617881614307918881e-01 3.382118385691866846e-01
1.775000000000000000e+02 6.050245552923836367e-01 3.949754447075957686e-01
1.800000000000000000e+02 4.911115316495693328e-01 5.088884683504095729e-01
1.825000000000000000e+02 3.932583675903473241e-01 6.067416324096296387e-01
1.850000000000000000e+02 3.709105930580943178e-01 6.290894069418815349e-01
1.875000000000000000e+02 4.334799336534643222e-01 5.665200663465097541e-01
1.900000000000000000e+02 5.375546282258212294e-01 4.624453717741522363e-01
1.925000000000000000e+02 6.169514830636433356e-01 3.830485169363292419e-01
1.950000000000000000e+02 6.242786490134240029e-01 3.757213509865490186e-01
1.975000000000000000e+02 5.579972906396128973e-01 4.420027093603617341e-01
2.000000000000000000e+02 4.607636826886449821e-01 5.392363173113265962e-01
2.025000000000000000e+02 3.926943709326112253e-01 6.073056290673632951e-01
2.050000000000000000e+02 3.960176249125068604e-01 6.039823750874671049e-01
2.075000000000000000e+02 4.704282372830395076e-01 5.295717627169345132e-01
2.100000000000000000e+02 5.722180674338278594e-01 4.277819325661463834e-01
2.125000000000000000e+02 6.384336523343914216e-01 3.615663476655815445e-01
2.150000000000000000e+02 6.242109764477052902e-01 3.757890235522663436e-01
2.175000000000000000e+02 5.323996752252996290e-01 4.676003247746701730e-01
2.200000000000000000e+02 4.159301639462429367e-01 5.840698360537279754e-01
2.225000000000000000e+02 3.479445437931809604e-01 6.520554562067926163e-01
2.250000000000000000e+02 3.758422604595716976e-01 6.241577395404002138e-01
2.275000000000000000e+02 4.885191525936902757e-01 5.114808474062817467e-01
2.300000000000000000e+02 6.198588807600191597e-01 3.801411192399519745e-01
2.325000000000000000e+02 6.883354135096163562e-01 3.116645864903526686e-01
2.350000000000000000e+02 6.480814632561406885e-01 3.519185367438280032e-01
2.375000000000000000e+02 5.185733821265365862e-01 4.814266178734333268e-01
2.400000000000000000e+02 3.741321695111363144e-01 6.258678304888343202e-01
2.425000000000000000e+02 3.002959838580262497e-01 6.997040161419423310e-01
2.450000000000000000e+02 3.438065778617255819e-01 6.561934221382424992e-01
2.475000000000000000e+02 4.850500706206269386e-01 5.149499293793429189e-01
2.500000000000000000e+02 6.476345368283351611e-01 3.523654631716345853e-01
2.525000000000000000e+02 7.393769863237604767e-01 2.606230136762083260e-01
2.550000000000000000e+02 7.031572601400291056e-01 2.968427398599403078e-01
2.575000000000000000e+02 5.511223807082954451e-01 4.488776192916756336e-01
2.600000000000000000e+02 3.627881151805925075e-01 6.372118848193820684e-01
2.625000000000000000e+02 2.446734378749324534e-01 7.553265621250417894e-01
2.650000000000000000e+02 2.703555008742009047e-01 7.296444991257713397e-01
2.675000000000000000e+02 4.342699742444683930e-01 5.657300257555030187e-01
2.700000000000000000e+02 6.488918888151145037e-01 3.511081111848534109e-01
2.725000000000000000e+02 7.913530346214543432e-01 2.086469653785152090e-01
2.750000000000000000e+02 7.747501399555556389e-01 2.252498600444147181e-01
2.775000000000000000e+02 6.016123848057317591e-01 3.983876151942392085e-01
2.800000000000000000e+02 3.657857613432420330e-01 6.342142386567299894e-01
2.825000000000000000e+02 2.001681295600954424e-01 7.998318704398752477e-01
2.850000000000000000e+02 2.009305319868714967e-01 7.990694680130943084e-01
2.875000000000000000e+02 3.724520004061293577e-01 6.275479995938380018e-01
2.900000000000000000e+02 6.238992207125002576e-01 3.761007792874658806e-01
2.925000000000000000e+02 8.183292323364066423e-01 1.816707676635575530e-01
2.950000000000000000e+02 8.468334924292891808e-01 1.531665075706752366e-01
2.975000000000000000e+02 6.882467744766838091e-01 3.117532255232811078e-01
3.000000000000000000e+02 4.232051712694828161e-01 5.767948287304819344e-01
3.025000000000000000e+02 1.941126144585064717e-01 8.058873855414601106e-01
3.050000000000000000e+02 1.296696957719411514e-01 8.703303042280263746e-01
3.075000000000000000e+02 2.725489744964069150e-01 7.274510255035617767e-01
3.100000000000000000e+02 5.507537958243450271e-01 4.492462041756219437e-01
3.125000000000000000e+02 8.124968859530533605e-01 1.875031140469122781e-01
3.150000000000000000e+02 9.091490301451374823e-01 9.085096985482907228e-02
3.175000000000000000e+02 7.807109223600107173e-01 2.192890776399566422e-01
3.200000000000000000e+02 4.933599545863044944e-01 5.066400454136614773e-01
3.225000000000000000e+02 2.048672116776954488e-01 7.951327883222683024e-01
3.250000000000000000e+02 7.646345015292864422e-02 9.235365498470406997e-01
3.275000000000000000e+02 1.819865283678742951e-01 8.180134716320957011e-01
3.300000000000000000e+02 4.663470784197826235e-01 5.336529215801882886e-01
3.325000000000000000e+02 7.758813531373220940e-01 2.241186468626467643e-01
3.350000000000000000e+02 9.422940455230934820e-01 5.770595447687534157e-02
3.375000000000000000e+02 8.736104290795346783e-01 1.263895709204348461e-01
3.400000000000000000e+02 6.038600606820760941e-01 3.961399393178918760e-01
3.425000000000000000e+02 2.761111118738798775e-01 7.238888881260848729e-01
3.450000000000000000e+02 6.755654952972087179e-02 9.324434504702421300e-01
3.475000000000000000e+02 9.461623234043842201e-02 9.053837676595251072e-01
3.500000000000000000e+02 3.476326096448351666e-01 6.523673903551308051e-01
3.525000000000000000e+02 6.919836902604558082e-01 3.080163097395098304e-01
3.550000000000000000e+02 9.386627224050281271e-01 6.133727759493982912e-02
3.575000000000000000e+02 9.483783574831899932e-01 5.162164251677713728e-02
3.600000000000000000e+02 7.113594864055061695e-01 2.886405135944629663e-01
3.625000000000000000e+02 3.557454222211892114e-01 6.442545777787791472e-01
3.650000000000000000e+02 7.743660643408446786e-02 9.225633935658845708e-01
3.675000000000000000e+02 3.062885006198597798e-02 9.693711499379845664e-01
3.700000000000000000e+02 2.418129701168945100e-01 7.581870298830778454e-01
3.725000000000000000e+02 5.958328942396088346e-01 4.041671057603650197e-01
3.750000000000000000e+02 9.003313508880723681e-01 9.966864911190076448e-02
3.775000000000000000e+02 9.909966132557883611e-01 9.003386744185992718e-03
3.800000000000000000e+02 8.195514454561340090e-01 1.804485545438397065e-01
3.825000000000000000e+02 4.784371716867828472e-01 5.215628283131900078e-01
3.850000000000000000e+02 1.509749178314951368e-01 8.490250821684813820e-01
3.875000000000000000e+02 1.390393255902421486e-02 9.860960674409509075e-01
3.900000000000000000e+02 1.427585979376039260e-01 8.572414020623666531e-01
3.925000000000000000e+02 4.696796677647528395e-01 5.303203322352196825e-01
3.950000000000000000e+02 8.176977900223916240e-01 1.823022099775815363e-01
3.975000000000000000e+02 9.957176612152330852e-01 4.282338784739730779e-03
4.000000000000000000e+02 9.040248890150472949e-01 9.597511098492599035e-02
4.025000000000000000e+02 5.913425285906117601e-01 4.086574714093589855e-01
4.050000000000000000e+02 2.293388018388507199e-01 7.706611981611179996e-01
4.075000000000000000e+02 1.727060732093832138e-02 9.827293926790303669e-01
4.100000000000000000e+02 7.078138374488252005e-02 9.292186162550831741e-01
4.125000000000000000e+02 3.584877443310674483e-01 6.415122556688980238e-01
4.150000000000000000e+02 7.215048448540902770e-01 2.784951551458758612e-01
4.175000000000000000e+02 9.627554200738217549e-01 3.724457992614570861e-02
4.200000000000000000e+02 9.544547645708164607e-01 4.554523542914884482e-02
4.225000000000000000e+02 7.049513629896480005e-01 2.950486370103169165e-01
4.250000000000000000e+02 3.512311327463560895e-01 6.487688672536076062e-01
4.275000000000000000e+02 8.397619659951172100e-02 9.160238034004510865e-01
4.300000000000000000e+02 4.592926648604786499e-02 9.540707335139121392e-01
4.325000000000000000e+02 2.563065222978019864e-01 7.436934777021575460e-01
4.350000000000000000e+02 6.004093749187304763e-01 3.995906250812277793e-01
4.375000000000000000e+02 8.907760743297518102e-01 1.092239256702051964e-01
4.400000000000000000e+02 9.687275886636508293e-01 3.127241133630816877e-02
4.425000000000000000e+02 7.918678109368239015e-01 2.081321890631346316e-01
4.450000000000000000e+02 4.583478284608552555e-01 5.416521715391054981e-01
4.475000000000000000e+02 1.525480282235762708e-01 8.474519717763873139e-01
4.500000000000000000e+02 4.187490048895414763e-02 9.581250995110118795e-01
4.525000000000000000e+02 1.836726275357087879e-01 8.163273724642556850e-01
4.550000000000000000e+02 4.954921298959493736e-01 5.045078701040193181e-01
4.575000000000000000e+02 8.041787323140479060e-01 1.958212676859192869e-01
4.600000000000000000e+02 9.434184594738314056e-01 5.658154052613566937e-02
4.625000000000000000e+02 8.435467081970143832e-01 1.564532918029504227e-01
4.650000000000000000e+02 5.652189107624079334e-01 4.347810892375573721e-01
4.675000000000000000e+02 2.622580452883979119e-01 7.377419547115666720e-01
4.700000000000000000e+02 9.717442632399876656e-02 9.028255736759621675e-01
4.725000000000000000e+02 1.552339592053190165e-01 8.447660407946387950e-01
4.750000000000000000e+02 4.010269837030057682e-01 5.989730162969528759e-01
4.775000000000000000e+02 6.989347511102710353e-01 3.010652488896872203e-01
4.800000000000000000e+02 8.866372151482810882e-01 1.133627848516746833e-01
4.825000000000000000e+02 8.632214182578350492e-01 1.367785817421210415e-01
4.850000000000000000e+02 6.443921672795562827e-01 3.556078327203999745e-01
4.875000000000000000e+02 3.534474371855880759e-01 6.465525628143671266e-01
4.900000000000000000e+02 1.517827796760047032e-01 8.482172203239480845e-01
4.925000000000000000e+02 1.479778923281882541e-01 8.520221076717664488e-01
4.950000000000000000e+02 3.380464273819145937e-01 6.619535726180412194e-01
4.975000000000000000e+02 6.110586587347264231e-01 3.889413412652294455e-01
5.000000000000000000e+02 8.149869310576915993e-01 1.850130689422620212e-01
5.025000000000000000e+02 8.425135147978887185e-01 1.574864852020650408e-01
5.050000000000000000e+02 6.873309775663801746e-01 3.126690224335734181e-01
5.075000000000000000e+02 4.418264219559986383e-01 5.581735780439566197e-01
5.100000000000000000e+02 2.419421508836884782e-01 7.580578491162668353e-01
5.125000000000000000e+02 1.926694018882289527e-01 8.073305981117269159e-01
5.150000000000000000e+02 3.142309750914401567e-01 6.857690249085170997e-01
5.175000000000000000e+02 5.349841730978753818e-01 4.650158269020829294e-01
5.200000000000000000e+02 7.323974590354939140e-01 2.676025409644620101e-01
5.225000000000000000e+02 7.998333369885393118e-01 2.001666630114172230e-01
5.250000000000000000e+02 7.040638858743889505e-01 2.959361141255671401e-01
5.275000000000000000e+02 5.025835787116669229e-01 4.974164212882892788e-01
5.300000000000000000e+02 3.104354829924422243e-01 6.895645170075095365e-01
5.325000000000000000e+02 2.343519250409633048e-01 7.656480749589897883e-01
5.350000000000000000e+02 3.120264812469156213e-01 6.879735187530363616e-01
5.375000000000000000e+02 4.925211147750919172e-01 5.074788852248606208e-01
5.400000000000000000e+02 6.690851835750626364e-01 3.309148164248886803e-01
5.425000000000000000e+02 7.432609270165462245e-01 2.567390729834048146e-01
5.450000000000000000e+02 6.806388802918604819e-01 3.193611197080900022e-01
5.475000000000000000e+02 5.258914235563334483e-01 4.741085764436159811e-01
5.500000000000000000e+02 3.715802554967029270e-01 6.284197445032450036e-01
5.525000000000000000e+02 3.028867798987235904e-01 6.971132201012262275e-01
5.550000000000000000e+02 3.515601587983383514e-01 6.484398412016105784e-01
5.575000000000000000e+02 4.829567148416605837e-01 5.170432851582882350e-01
5.600000000000000000e+02 6.194651449163698365e-01 3.805348550835780941e-01
5.625000000000000000e+02 6.849555630755115310e-01 3.150444369244361220e-01
5.650000000000000000e+02 6.461303206597214244e-01 3.538696793402270613e-01
5.675000000000000000e+02 5.295335248562051955e-01 4.704664751437442893e-01
5.700000000000000000e+02 4.054050191883296628e-01 5.945949808116189894e-01
5.725000000000000000e+02 3.466973996046984752e-01 6.533026003952506766e-01
5.750000000000000000e+02 3.859464954276295989e-01 6.140535045723189977e-01
5.775000000000000000e+02 4.957940809764052603e-01 5.042059190235409494e-01
5.800000000000000000e+02 6.062677423787108388e-01 3.937322576212330394e-01
5.825000000000000000e+02 6.489740206328152849e-01 3.510259793671290929e-01
5.850000000000000000e+02 6.000879033093755588e-01 3.999120966905692076e-01
5.875000000000000000e+02 4.941570869079784378e-01 5.058429130919657180e-01
5.900000000000000000e+02 4.001939211155911558e-01 5.998060788843518898e-01
5.925000000000000000e+02 3.767706202665245252e-01 6.232293797334177432e-01
5.950000000000000000e+02 4.359546998396389150e-01 5.640453001603047412e-01
5.975000000000000000e+02 5.382598233522881692e-01 4.617401766476554315e-01
6.000000000000000000e+02 6.192878923039438765e-01 3.807121076959982808e-01
6.025000000000000000e+02 6.294382123695005937e-01 3.705617876304403979e-01
6.050000000000000000e+02 5.626819328963671429e-01 4.373180671035724609e-01
6.075000000000000000e+02 4.591749436228967918e-01 5.408250563770409247e-01
6.100000000000000000e+02 3.817286011857405348e-01 6.182713988141947947e-01
6.125000000000000000e+02 3.794489112993405522e-01 6.205510887005950549e-01
6.150000000000000000e+02 4.580503249943860267e-01 5.419496750055473600e-01
6.175000000000000000e+02 5.736897432829131116e-01 4.263102567170198864e-01
6.200000000000000000e+02 6.560271683418017474e-01 3.439728316581310841e-01
6.225000000000000000e+02 6.499069527314220718e-01 3.500930472685109818e-01
6.250000000000000000e+02 5.517137516084713589e-01 4.482862483914594742e-01
6.275000000000000000e+02 4.162196802209022772e-01 5.837803197790277787e-01
6.300000000000000000e+02 3.261846616973991808e-01 6.738153383025349275e-01
6.325000000000000000e+02 3.413241114365698214e-01 6.586758885633641203e-01
6.350000000000000000e+02 4.588256630902262101e-01 5.411743369097045120e-01
6.375000000000000000e+02 6.120207974590993194e-01 3.879792025408315692e-01
6.400000000000000000e+02 7.094516727270487877e-01 2.905483272728806576e-01
6.425000000000000000e+02 6.901220473433909985e-01 3.098779526565384468e-01
6.450000000000000000e+02 5.607032757029261072e-01 4.392967242970032826e-01
6.475000000000000000e+02 3.926930833092394657e-01 6.073069166906903682e-01
6.500000000000000000e+02 2.821424348493553058e-01 7.178575651505757493e-01
6.525000000000000000e+02 2.955145863963513642e-01 7.044854136035788583e-01
6.550000000000000000e+02 4.315132421520898043e-01 5.684867578478407513e-01
6.575000000000000000e+02 6.192428139670254073e-01 3.807571860329036495e-01
6.600000000000000000e+02 7.543773909530605559e-01 2.456226090468699719e-01
6.625000000000000000e+02 7.558490414912147903e-01 2.441509585087140444e-01
6.650000000000000000e+02 6.136815309143334174e-01 3.863184690855964720e-01
6.675000000000000000e+02 4.002260386168403072e-01 5.997739613830901373e-01
6.700000000000000000e+02 2.344117022848273280e-01 7.655882977151016178e-01
6.725000000000000000e+02 2.152759697603838507e-01 7.847240302395463996e-01
6.750000000000000000e+02 3.619566745160257004e-01 6.380433254839028567e-01
6.775000000000000000e+02 5.974531262357805073e-01 4.025468737641496597e-01
6.800000000000000000e+02 7.893409452668613824e-01 2.106590547330654539e-01
6.825000000000000000e+02 8.255725306815328013e-01 1.744274693183946734e-01
6.850000000000000000e+02 6.805057849904260214e-01 3.194942150095008704e-01
6.875000000000000000e+02 4.314963267440393158e-01 5.685036732558892414e-01
6.900000000000000000e+02 2.162995397230535188e-01 7.837004602768724570e-01
6.925000000000000000e+02 1.562885971490515780e-01 8.437114028508695407e-01
6.950000000000000000e+02 2.889586934886023695e-01 7.110413065113192488e-01
6.975000000000000000e+02 5.463644405044532082e-01 4.536355594954700199e-01
7.000000000000000000e+02 7.903648776109997165e-01 2.096351223889239557e-01
7.025000000000000000e+02 8.859568353691809062e-01 1.140431646307427938e-01
7.050000000000000000e+02 7.748354857165613563e-01 2.251645142833610669e-01
7.075000000000000000e+02 5.104138408226549517e-01 4.895861591772656118e-01
7.100000000000000000e+02 2.334884386037998916e-01 7.665115613961175356e-01
7.125000000000000000e+02 9.798336570372692678e-02 9.020166342961911665e-01
7.150000000000000000e+02 1.848519408973716971e-01 8.151480591025452860e-01
7.175000000000000000e+02 4.526162147165145866e-01 5.473837852833984829e-01
7.200000000000000000e+02 7.558520542397795250e-01 2.441479457601329062e-01
7.225000000000000000e+02 9.247717098959069570e-01 7.522829010400657046e-02
7.250000000000000000e+02 8.616809039840208628e-01 1.383190960158909300e-01
7.275000000000000000e+02 5.979615087192073908e-01 4.020384912807027367e-01
7.300000000000000000e+02 2.777586564698819593e-01 7.222413435300258922e-01
7.325000000000000000e+02 7.781241886631720672e-02 9.221875811335908946e-01
7.350000000000000000e+02 1.095506372788949689e-01 8.904493627210093853e-01
7.375000000000000000e+02 3.581190376785972074e-01 6.418809623213078686e-01
7.400000000000000000e+02 6.906315443541655164e-01 3.093684556457371726e-01
7.425000000000000000e+02 9.276253079883252095e-01 7.237469201157854803e-02
7.450000000000000000e+02 9.390666570303535243e-01 6.093334296955085078e-02
7.475000000000000000e+02 7.147450693574869396e-01 2.852549306424186915e-01
7.500000000000000000e+02 3.721177996739664651e-01 6.278822003259398876e-01
7.525000000000000000e+02 9.585830504398669405e-02 9.041416949559184513e-01
7.550000000000000000e+02 3.879985962369886937e-02 9.612001403762041596e-01
7.575000000000000000e+02 2.365504913533220954e-01 7.634495086465838964e-01
7.600000000000000000e+02 5.840819333286506598e-01 4.159180666712590790e-01
7.625000000000000000e+02 8.907448410475847789e-01 1.092551589523231975e-01
7.650000000000000000e+02 9.856891487508777638e-01 1.431085124902837895e-02
7.675000000000000000e+02 8.144477367343521124e-01 1.855522632655535187e-01
7.700000000000000000e+02 4.705120247115887056e-01 5.294879752883207003e-01
7.725000000000000000e+02 1.432179132665990784e-01 8.567820867333126866e-01
7.750000000000000000e+02 1.218927990909055535e-02 9.878107200908206043e-01
7.775000000000000000e+02 1.486422255914616186e-01 8.513577744084526167e-01
7.800000000000000000e+02 4.779614382715965393e-01 5.220385617283199720e-01
7.825000000000000000e+02 8.219350870716529700e-01 1.780649129282631526e-01
7.850000000000000000e+02 9.954449221468054665e-01 4.555077853110029926e-03
7.875000000000000000e+02 9.051745001965860737e-01 9.482549980332782846e-02
7.900000000000000000e+02 5.990209424839898489e-01 4.009790575159241088e-01
7.925000000000000000e+02 2.410660134013476452e-01 7.589339865985665901e-01
7.950000000000000000e+02 2.467025323195059724e-02 9.753297467679662436e-01
7.975000000000000000e+02 6.831773605930360760e-02 9.316822639406171502e-01
8.000000000000000000e+02 3.496788253469245711e-01 6.503211746529885540e-01
8.025000000000000000e+02 7.154449684595405312e-01 2.845550315403717057e-01
8.050000000000000000e+02 9.643706078847174012e-01 3.562939211519444010e-02
8.075000000000000000e+02 9.590294156578934581e-01 4.097058434201801547e-02
8.100000000000000000e+02 7.030373456571168411e-01 2.969626543427960064e-01
8.125000000000000000e+02 3.388211407276343068e-01 6.611788592722787072e-01
8.150000000000000000e+02 6.715479511736503759e-02 9.328452048825436327e-01
8.175000000000000000e+02 3.526099224098745710e-02 9.647390077589199642e-01
8.200000000000000000e+02 2.571708888108185653e-01 7.428291111890857890e-01
8.225000000000000000e+02 6.093235082783938772e-01 3.906764917215115318e-01
8.250000000000000000e+02 9.006464583333382290e-01 9.935354166656747144e-02
8.275000000000000000e+02 9.762549337275093775e-01 2.374506627239652418e-02
8.300000000000000000e+02 7.987849377106471804e-01 2.012150622892587559e-01
8.325000000000000000e+02 4.660919755956851596e-01 5.339080244042212486e-01
8.350000000000000000e+02 1.579180322516219315e-01 8.420819677482842547e-01
8.375000000000000000e+02 3.985014044086129803e-02 9.601498595590497454e-01
8.400000000000000000e+02 1.744899599845558813e-01 8.255100400153592144e-01
8.425000000000000000e+02 4.870733161437993397e-01 5.129266838561132857e-01
8.450000000000000000e+02 8.055083263495487200e-01 1.944916736503621568e-01
8.475000000000000000e+02 9.548750787181778943e-01 4.512492128173227479e-02
8.500000000000000000e+02 8.547030348679027778e-01 1.452969651320068778e-01
8.525000000000000000e+02 5.635490159577968283e-01 4.364509840421119113e-01
8.550000000000000000e+02 2.447612937414057610e-01 7.552387062585018684e-01
8.575000000000000000e+02 7.352614671557182457e-02 9.264738532843376229e-01
8.600000000000000000e+02 1.395192623327143056e-01 8.604807376671933516e-01
8.625000000000000000e+02 4.004142977840117190e-01 5.995857022158960214e-01
8.650000000000000000e+02 7.099055688137775322e-01 2.900944311861307634e-01
8.675000000000000000e+02 9.007996057289622271e-01 9.920039427094681783e-02
8.700000000000000000e+02 8.750900161696446578e-01 1.249099838302644150e-01
8.725000000000000000e+02 6.530690859992329678e-01 3.469309140006749392e-01
8.750000000000000000e+02 3.584857387703682674e-01 6.415142612295399172e-01
8.775000000000000000e+02 1.504626053795675711e-01 8.495373946203395032e-01
8.800000000000000000e+02 1.386432842876023086e-01 8.613567157123016571e-01
8.825000000000000000e+02 3.254427380145212823e-01 6.745572619853830165e-01
8.850000000000000000e+02 6.056146836004736578e-01 3.943853163994327504e-01
8.875000000000000000e+02 8.241544545306639380e-01 1.758455454692424980e-01
8.900000000000000000e+02 8.620638651918961504e-01 1.379361348080092309e-01
8.925000000000000000e+02 7.024545379858577743e-01 2.975454620140477457e-01
8.950000000000000000e+02 4.387504407229052550e-01 5.612495592770014863e-01
8.975000000000000000e+02 2.198317766844556653e-01 7.801682233154478840e-01
9.000000000000000000e+02 1.646279200549554123e-01 8.353720799449516621e-01
9.025000000000000000e+02 2.966161835276241443e-01 7.033838164722853170e-01
9.050000000000000000e+02 5.352461192944186763e-01 4.647538807054910071e-01
9.075000000000000000e+02 7.460097173226991618e-01 2.539902826772097999e-01
9.100000000000000000e+02 8.170065044388558073e-01 1.829934955610523495e-01
9.125000000000000000e+02 7.177780096247310393e-01 2.822219903751757020e-01
9.150000000000000000e+02 5.103695044784252177e-01 4.896304955214809684e-01
9.175000000000000000e+02 3.110416307826143756e-01 6.889583692172899232e-01
9.200000000000000000e+02 2.262318338623034164e-01 7.737681661376009101e-01
9.225000000000000000e+02 2.968376240678085587e-01 7.031623759320954070e-01
9.250000000000000000e+02 4.786533097441925122e-01 5.213466902557104543e-01
9.275000000000000000e+02 6.682147648583498523e-01 3.317852351415525591e-01
9.300000000000000000e+02 7.604124423305822500e-01 2.395875576693166642e-01
9.325000000000000000e+02 7.070408049979471921e-01 2.929591950019509450e-01
9.350000000000000000e+02 5.433283778171593692e-01 4.566716221827361588e-01
9.375000000000000000e+02 3.662446857616642459e-01 6.337553142382347238e-01
9.400000000000000000e+02 2.767609142884074336e-01 7.232390857114903149e-01
9.425000000000000000e+02 3.209245304571070045e-01 6.790754695427893006e-01
9.450000000000000000e+02 4.655692493215206618e-01 5.344307506783790851e-01
9.475000000000000000e+02 6.221440279563245079e-01 3.778559720435748503e-01
9.500000000000000000e+02 7.016422814122766916e-01 2.983577185876206128e-01
9.525000000000000000e+02 6.655955200309987552e-01 3.344044799688999925e-01
9.550000000000000000e+02 5.435546541539704180e-01 4.564453458459276636e-01
9.575000000000000000e+02 4.105367553280051540e-01 5.894632446718928165e-01
9.600000000000000000e+02 3.416169808127195173e-01 6.583830191871766768e-01
9.625000000000000000e+02 3.708780717817129480e-01 6.291219282181819139e-01
9.650000000000000000e+02 4.757862273419798393e-01 5.242137726579154666e-01
9.675000000000000000e+02 5.927294783593423100e-01 4.072705216405527184e-01
9.700000000000000000e+02 6.538018959310522016e-01 3.461981040688408284e-01
9.725000000000000000e+02 6.251284257850401316e-01 3.748715742148520658e-01
9.750000000000000000e+02 5.261761111870887353e-01 4.738238888128034620e-01
9.775000000000000000e+02 4.184481730141097477e-01 5.815518269857844480e-01
9.800000000000000000e+02 3.684803539548158202e-01 6.315196460450737126e-01
9.825000000000000000e+02 4.064514263189223375e-01 5.935485736809664736e-01
9.850000000000000000e+02 5.067128760864542114e-01 4.932871239134337116e-01
9.875000000000000000e+02 6.040191594549875198e-01 3.959808405448995705e-01
9.900000000000000000e+02 6.357847510874635732e-01 3.642152489124232950e-01
9.925000000000000000e+02 5.825884029305230527e-01 4.174115970693625943e-01
9.950000000000000000e+02 4.799985129909866699e-01 5.200014870088984775e-01
9.975000000000000000e+02 3.944884109856369725e-01 6.055115890142483970e-01
1.000000000000000000e+03 3.804534824119123471e-01 6.195465175879685260e-01
1.002500000000000000e+03 4.466851457570057971e-01 5.533148542428772965e-01
1.005000000000000000e+03 5.523784170542460625e-01 4.476215829456377526e-01
1.007500000000000000e+03 6.329041984888204020e-01 3.670958015110642458e-01
1.010000000000000000e+03 6.383639746118101588e-01 3.616360253880742670e-01
1.012500000000000000e+03 5.626728936356270028e-01 4.373271063642560907e-01
1.015000000000000000e+03 4.478364769599536555e-01 5.521635230399295491e-01
1.017500000000000000e+03 3.613997274613245936e-01 6.386002725385582224e-01
1.020000000000000000e+03 3.583219814620654531e-01 6.416780185378174739e-01
1.022500000000000000e+03 4.471808586349745873e-01 5.528191413649062858e-01
1.025000000000000000e+03 5.807289736509794187e-01 4.192710263488987898e-01
1.027500000000000000e+03 6.796878098309153682e-01 3.203121901689612305e-01
1.030000000000000000e+03 6.792820669200104744e-01 3.207179330798646810e-01
1.032500000000000000e+03 5.714427846124034982e-01 4.285572153874712686e-01
1.035000000000000000e+03 4.146645999237356106e-01 5.853354000761382681e-01
1.037500000000000000e+03 3.019630951874910929e-01 6.980369048123820086e-01
1.040000000000000000e+03 3.047094147574890277e-01 6.952905852423828525e-01
1.042500000000000000e+03 4.274212119011704947e-01 5.725787880986996647e-01
1.045000000000000000e+03 6.026458228676551121e-01 3.973541771322157690e-01
1.047500000000000000e+03 7.295549814804977995e-01 2.704450185193728595e-01
1.050000000000000000e+03 7.326321106551162421e-01 2.673678893447540283e-01
1.052500000000000000e+03 6.056233041001212181e-01 3.943766958997476091e-01
1.055000000000000000e+03 4.160868928608778550e-01 5.839131071389920269e-01
1.057500000000000000e+03 2.689868311213208241e-01 7.310131688785490578e-01
1.060000000000000000e+03 2.495375955138239565e-01 7.504624044860471743e-01
1.062500000000000000e+03 3.753664902332501385e-01 6.246335097666197989e-01
1.065000000000000000e+03 5.833118407543611550e-01 4.166881592455088934e-01
1.067500000000000000e+03 7.597947928190829092e-01 2.402052071807864175e-01
1.070000000000000000e+03 8.017009514385198266e-01 1.982990485613483622e-01
1.072500000000000000e+03 6.763828556373326917e-01 3.236171443625353028e-01
1.075000000000000000e+03 4.458169525053466420e-01 5.541830474945206308e-01
1.077500000000000000e+03 2.369271098376863893e-01 7.630728901621792737e-01
1.080000000000000000e+03 1.710199940434344035e-01 8.289800059564319534e-01
1.082500000000000000e+03 2.921039334222774730e-01 7.078960665775867467e-01
1.085000000000000000e+03 5.377731466171677965e-01 4.622268533826960346e-01
1.087500000000000000e+03 7.721341126774725616e-01 2.278658873223907144e-01
1.090000000000000000e+03 8.625191419843688534e-01 1.374808580154953663e-01
1.092500000000000000e+03 7.551316517928607919e-01 2.448683482070016515e-01
1.095000000000000000e+03 5.060056179658946052e-01 4.939943820339677272e-01
1.097500000000000000e+03 2.505410408400886579e-01 7.494589591597735634e-01
1.100000000000000000e+03 1.296776876293230241e-01 8.703223123705368103e-01
1.102500000000000000e+03 2.132905098514853715e-01 7.867094901483737690e-01
1.105000000000000000e+03 4.612125331921661520e-01 5.387874668076957363e-01
1.107500000000000000e+03 7.422231884764465271e-01 2.577768115234158608e-01
1.110000000000000000e+03 9.022976122428437717e-01 9.770238775701768630e-02
1.112500000000000000e+03 8.480772479754152826e-01 1.519227520244474106e-01
1.115000000000000000e+03 6.013518841561452666e-01 3.986481158437172323e-01
1.117500000000000000e+03 2.924250937082649160e-01 7.075749062915989152e-01
1.120000000000000000e+03 9.172291964859551061e-02 9.082770803512636437e-01
1.122500000000000000e+03 1.147495977029206055e-01 8.852504022969374109e-01
1.125000000000000000e+03 3.542291648059880949e-01 6.457708351938703517e-01
1.127500000000000000e+03 6.806902301222228502e-01 3.193097698776334870e-01
1.130000000000000000e+03 9.135473778952667434e-01 8.645262210459100927e-02
1.132500000000000000e+03 9.225073614058598714e-01 7.749263859399782572e-02
1.135000000000000000e+03 7.008513261719335752e-01 2.991486738279251489e-01
1.137500000000000000e+03 3.691127189346714577e-01 6.308872810651890983e-01
1.140000000000000000e+03 1.083548448772088807e-01 8.916451551226454164e-01
1.142500000000000000e+03 6.137588172823717908e-02 9.386241182716136278e-01
1.145000000000000000e+03 2.558023425263797335e-01 7.441976574734762151e-01
1.147500000000000000e+03 5.891145442494482021e-01 4.108854557504105776e-01
1.150000000000000000e+03 8.824948678331627772e-01 1.175051321666981397e-01
1.152500000000000000e+03 9.755968647402116778e-01 2.440313525964891983e-02
1.155000000000000000e+03 8.134732903210940558e-01 1.865267096787678880e-01
1.157500000000000000e+03 4.793163647368599012e-01 5.206836352630023201e-01
1.160000000000000000e+03 1.529138231428719963e-01 8.470861768569881711e-01
1.162500000000000000e+03 1.400182124459880585e-02 9.859981787552627441e-01
1.165000000000000000e+03 1.419992322148515840e-01 8.580007677850127745e-01
1.167500000000000000e+03 4.691497657597943904e-01 5.308502342400688301e-01
1.170000000000000000e+03 8.161016947186400250e-01 1.838983052812223629e-01
1.172500000000000000e+03 9.914968796805062601e-01 8.503120319357026363e-03
1.175000000000000000e+03 8.989405014529212590e-01 1.010594985469405876e-01
1.177500000000000000e+03 5.901473588032546402e-01 4.098526411966070260e-01
1.180000000000000000e+03 2.349496083539640845e-01 7.650503916458982756e-01
1.182500000000000000e+03 2.686427082605495273e-02 9.731357291738073068e-01
1.185000000000000000e+03 7.796111631094462813e-02 9.220388836889142903e-01
1.187500000000000000e+03 3.599159264586427320e-01 6.400840735412203220e-01
1.190000000000000000e+03 7.207445025608361089e-01 2.792554974390254463e-01
1.192500000000000000e+03 9.663774703187575366e-01 3.362252968110170104e-02
1.195000000000000000e+03 9.639172781643721155e-01 3.608272183548630330e-02
1.197500000000000000e+03 7.130917075129856730e-01 2.869082924868714413e-01
1.200000000000000000e+03 3.480038495807729615e-01 6.519961504190828760e-01
1.202500000000000000e+03 6.639583483634867167e-02 9.336041651635114125e-01
1.205000000000000000e+03 2.236260563606876084e-02 9.776373943637872710e-01
1.207500000000000000e+03 2.405524425701591751e-01 7.594475574296967180e-01
1.210000000000000000e+03 6.009319771110348540e-01 3.990680228888164316e-01
1.212500000000000000e+03 9.048237161153378505e-01 9.517628388451226940e-02
1.215000000000000000e+03 9.858133546672519509e-01 1.418664533259812732e-02
1.217500000000000000e+03 8.021592499132603749e-01 1.978407500865888569e-01
1.220000000000000000e+03 4.581296896884716752e-01 5.418703103113799990e-01
1.222500000000000000e+03 1.436848746354484896e-01 8.563151253644021299e-01
1.225000000000000000e+03 2.875019263525025598e-02 9.712498073646015362e-01
1.227500000000000000e+03 1.719558196794770122e-01 8.280441803203750784e-01
1.230000000000000000e+03 4.923281555857335068e-01 5.076718444141194997e-01
1.232500000000000000e+03 8.158545255860260026e-01 1.841454744138287802e-01
1.235000000000000000e+03 9.694607328309490235e-01 3.053926716890444787e-02
1.237500000000000000e+03 8.725238295649535569e-01 1.274761704349003377e-01
1.240000000000000000e+03 5.789502302174529547e-01 4.210497697823994967e-01
1.242500000000000000e+03 2.481339644536678379e-01 7.518660355461855849e-01
1.245000000000000000e+03 5.929463062545283630e-02 9.407053693744017453e-01
1.247500000000000000e+03 1.139880420489184365e-01 8.860119579509377896e-01
1.250000000000000000e+03 3.799298714598372539e-01 6.200701285400199714e-01
1.252500000000000000e+03 7.086650090085280240e-01 2.913349909913294788e-01
1.255000000000000000e+03 9.186613086672770212e-01 8.133869133258017636e-02
1.257500000000000000e+03 8.969855558546140362e-01 1.030144441452431892e-01
1.260000000000000000e+03 6.610824145756822867e-01 3.389175854241732733e-01
1.262500000000000000e+03 3.458047174805442547e-01 6.541952825193091403e-01
1.265000000000000000e+03 1.252144813096055520e-01 8.747855186902464553e-01
1.267500000000000000e+03 1.158546872767356739e-01 8.841453127231152509e-01
1.270000000000000000e+03 3.160368297509609237e-01 6.839631702488893072e-01
1.272500000000000000e+03 6.119104998331336143e-01 3.880895001667158395e-01
1.275000000000000000e+03 8.426859556342184421e-01 1.573140443656321219e-01
1.277500000000000000e+03 8.872721065768367499e-01 1.127278934230140084e-01
1.280000000000000000e+03 7.267549272270371619e-01 2.732450727728135131e-01
1.282500000000000000e+03 4.518604109846121597e-01 5.481395890152370720e-01
1.285000000000000000e+03 2.128404017840637708e-01 7.871595982157921778e-01
1.287500000000000000e+03 1.381648629016860863e-01 8.618351370981711668e-01
1.290000000000000000e+03 2.649162734647754758e-01 7.350837265350826932e-01
1.292500000000000000e+03 5.189675167742857642e-01 4.810324832255704619e-01
1.295000000000000000e+03 7.570757926957283335e-01 2.429242073041239791e-01
1.297500000000000000e+03 8.480645731988052383e-01 1.519354268010449094e-01
1.300000000000000000e+03 7.465207097516866064e-01 2.534792902481613486e-01
1.302500000000000000e+03 5.160486508640691472e-01 4.839513491357786412e-01
1.305000000000000000e+03 2.894297841174761632e-01 7.105702158823720138e-01
1.307500000000000000e+03 1.910508997430941380e-01 8.089491002567517075e-01
1.310000000000000000e+03 2.682193684230704256e-01 7.317806315767749759e-01
1.312500000000000000e+03 4.698151996693739063e-01 5.301848003304695522e-01
1.315000000000000000e+03 6.804498656512318888e-01 3.195501343486120138e-01
1.317500000000000000e+03 7.866378961042606033e-01 2.133621038955861304e-01
1.320000000000000000e+03 7.369879329428713488e-01 2.630120670569744967e-01
1.322500000000000000e+03 5.658076145854460393e-01 4.341923854144001393e-01
1.325000000000000000e+03 3.708026291121794271e-01 6.291973708876660298e-01
1.327500000000000000e+03 2.586705619860359406e-01 7.413294380138113482e-01
1.330000000000000000e+03 2.874689184288464205e-01 7.125310815710015344e-01
1.332500000000000000e+03 4.359426192842956183e-01 5.640573807155508934e-01
1.335000000000000000e+03 6.166037924595347830e-01 3.833962075403104519e-01
1.337500000000000000e+03 7.261816243201153487e-01 2.738183756797302193e-01
1.340000000000000000e+03 7.052379817383511718e-01 2.947620182614937856e-01
1.342500000000000000e+03 5.717754816412143892e-01 4.282245183586322890e-01
1.345000000000000000e+03 4.083103039399280654e-01 5.916896960599179467e-01
1.347500000000000000e+03 3.106496779933864971e-01 6.893503220064578496e-01
1.350000000000000000e+03 3.307548451994968275e-01 6.692451548003442996e-01
1.352500000000000000e+03 4.489381979286793389e-01 5.510618020711612886e-01
1.355000000000000000e+03 5.904874471414849335e-01 4.095125528583560826e-01
1.357500000000000000e+03 6.731845416236069690e-01 3.268154583762342136e-01
1.360000000000000000e+03 6.548077789705477603e-01 3.451922210292924786e-01
1.362500000000000000e+03 5.534553992081894247e-01 4.465446007916508142e-01
1.365000000000000000e+03 4.325199615232578898e-01 5.674800384765829042e-01
1.367500000000000000e+03 3.622904711809583067e-01 6.377095288188829869e-01
1.370000000000000000e+03 3.806264955989701049e-01 6.193735044008685797e-01
1.372500000000000000e+03 4.732186802911276802e-01 5.267813197087118926e-01
1.375000000000000000e+03 5.829451444316821052e-01 4.170548555681566349e-01
1.377500000000000000e+03 6.431877481377690220e-01 3.568122518620692185e-01
1.380000000000000000e+03 6.172969604621215689e-01 3.827030395377168381e-01
1.382500000000000000e+03 5.215248973623936024e-01 4.784751026374421956e-01
1.385000000000000000e+03 4.162504359571888024e-01 5.837495640426445531e-01
1.387500000000000000e+03 3.687806531098896112e-01 6.312193468899437443e-01
1.390000000000000000e+03 4.101376488301646250e-01 5.898623511696663435e-01
1.392500000000000000e+03 5.141749621524085434e-01 4.858250378474206488e-01
1.395000000000000000e+03 6.138605887621215729e-01 3.861394112377077859e-01
1.397500000000000000e+03 6.446488888443240306e-01 3.553511111555043844e-01
1.400000000000000000e+03 5.861632726542480576e-01 4.138367273455810236e-01
1.402500000000000000e+03 4.748207449781103318e-01 5.251792550217182498e-01
1.405000000000000000e+03 3.802145640634077006e-01 6.197854359364188825e-01
1.407500000000000000e+03 3.617157021470911449e-01 6.382842978527362154e-01
1.410000000000000000e+03 4.326960782554499230e-01 5.673039217443770488e-01
1.412500000000000000e+03 5.529043430796931613e-01 4.470956569201340880e-01
1.415000000000000000e+03 6.518278176106813149e-01 3.481721823891459344e-01
1.417500000000000000e+03 6.689699929770486220e-01 3.310300070227785718e-01
1.420000000000000000e+03 5.890817598171682601e-01 4.109182401826599329e-01
1.422500000000000000e+03 4.533879757903369612e-01 5.466120242094902881e-01
1.425000000000000000e+03 3.393924302386293057e-01 6.606075697611997199e-01
1.427500000000000000e+03 3.178054180755299774e-01 6.821945819242980491e-01
1.430000000000000000e+03 4.092127791051331509e-01 5.907872208946952641e-01
1.432500000000000000e+03 5.668037972597126384e-01 4.331962027401133897e-01
1.435000000000000000e+03 6.992200237564364373e-01 3.007799762433905899e-01
1.437500000000000000e+03 7.236220728780002887e-01 2.763779271218259614e-01
1.440000000000000000e+03 6.178653373075471134e-01 3.821346626922789702e-01
1.442500000000000000e+03 4.380211840532072798e-01 5.619788159466194699e-01
1.445000000000000000e+03 2.878691628789065704e-01 7.121308371209167376e-01
1.447500000000000000e+03 2.577922326435945211e-01 7.422077673562271771e-01
1.450000000000000000e+03 3.704244122145462503e-01 6.295755877852791116e-01
1.452500000000000000e+03 5.659815796739771088e-01 4.340184203258484197e-01
1.455000000000000000e+03 7.354771828559103497e-01 2.645228171439164555e-01
1.457500000000000000e+03 7.818811198293686981e-01 2.181188801704579405e-01
1.460000000000000000e+03 6.745879440985584896e-01 3.254120559012655955e-01
1.462500000000000000e+03 4.678037034671316818e-01 5.321962965326921813e-01
1.465000000000000000e+03 2.732780080034269976e-01 7.267219919963965324e-01
1.467500000000000000e+03 2.010317702101893367e-01 7.989682297896355534e-01
1.470000000000000000e+03 2.981551634050761956e-01 7.018448365947508316e-01
1.472500000000000000e+03 5.185788287317059098e-01 4.814211712681212840e-01
1.475000000000000000e+03 7.431415910438154970e-01 2.568584089560113637e-01
1.477500000000000000e+03 8.431701478187247911e-01 1.568298521811025137e-01
1.480000000000000000e+03 7.545330390096778306e-01 2.454669609901490301e-01
1.482500000000000000e+03 5.189878887761573134e-01 4.810121112236691032e-01
1.485000000000000000e+03 2.652907983855223861e-01 7.347092016143023097e-01
1.487500000000000000e+03 1.376885491175015575e-01 8.623114508823195301e-01
1.490000000000000000e+03 2.125985888664751466e-01 7.874014111333484944e-01
1.492500000000000000e+03 4.529969999173436013e-01 5.470030000824784855e-01
1.495000000000000000e+03 7.278031828734506936e-01 2.721968171263727809e-01
1.497500000000000000e+03 8.848571724429232788e-01 1.151428275568984749e-01
1.500000000000000000e+03 8.354442910409111134e-01 1.645557089589113064e-01
1.502500000000000000e+03 6.033273700192611777e-01 3.966726299805611866e-01
1.505000000000000000e+03 3.124895139854420023e-01 6.875104860143813612e-01
1.507500000000000000e+03 1.211335445371362757e-01 8.788664554626878234e-01
1.510000000000000000e+03 1.368201556449154255e-01 8.631798443549089095e-01
1.512500000000000000e+03 3.568421583919715312e-01 6.431578416078547189e-01
1.515000000000000000e+03 6.659601044123030222e-01 3.340398955875247822e-01
1.517500000000000000e+03 8.953745346125971949e-01 1.046254653872314699e-01
1.520000000000000000e+03 9.142902074319327888e-01 8.570979256789582057e-02
1.522500000000000000e+03 7.050245158391055256e-01 2.949754841607218903e-01
1.525000000000000000e+03 3.777192263252295845e-01 6.222807736745994411e-01
1.527500000000000000e+03 1.124098040067557092e-01 8.875901959930702079e-01
1.530000000000000000e+03 5.861657910750417422e-02 9.413834208923224089e-01
1.532500000000000000e+03 2.497579791862737097e-01 7.502420208135527346e-01
1.535000000000000000e+03 5.827269161994407254e-01 4.172730838003874121e-01
1.537500000000000000e+03 8.749549872702911957e-01 1.250450127295405778e-01
1.540000000000000000e+03 9.659501917511460478e-01 3.404980824868345662e-02
1.542500000000000000e+03 8.055395636014334171e-01 1.944604363983963580e-01
1.545000000000000000e+03 4.804547558419566822e-01 5.195452441578741754e-01
1.547500000000000000e+03 1.665886983223821560e-01 8.334113016774535865e-01
1.550000000000000000e+03 3.427198014112636804e-02 9.657280198587120390e-01
1.552500000000000000e+03 1.570843960685067986e-01 8.429156039313329130e-01
1.555000000000000000e+03 4.715659237178388419e-01 5.284340762819998982e-01
1.557500000000000000e+03 8.091987047667947852e-01 1.908012952330424838e-01
1.560000000000000000e+03 9.854625128443417204e-01 1.453748715549349653e-02
1.562500000000000000e+03 9.003086367919956867e-01 9.969136320783990313e-02
1.565000000000000000e+03 5.957021967183439015e-01 4.042978032814906197e-01
1.567500000000000000e+03 2.361088007635162578e-01 7.638911992363182080e-01
1.570000000000000000e+03 1.936815267718567171e-02 9.806318473226466326e-01
1.572500000000000000e+03 6.628606853962094869e-02 9.337139314602116436e-01
1.575000000000000000e+03 3.520248127746135047e-01 6.479751872252195177e-01
1.577500000000000000e+03 7.195168340893220993e-01 2.804831659105092023e-01
1.580000000000000000e+03 9.673621648958405927e-01 3.263783510398766963e-02
1.582500000000000000e+03 9.614993653820675945e-01 3.850063461775889151e-02
1.585000000000000000e+03 7.076010641320209515e-01 2.923989358678046879e-01
1.587500000000000000e+03 3.455181915864880549e-01 6.544818084133368075e-01
1.590000000000000000e+03 7.161076114205922050e-02 9.283892388577683619e-01
1.592500000000000000e+03 3.293980797800964699e-02 9.670601920218162562e-01
1.595000000000000000e+03 2.495948409013969693e-01 7.504051590984279763e-01
1.597500000000000000e+03 6.047188794662704536e-01 3.952811205335525213e-01
1.600000000000000000e+03 9.066931485306476413e-01 9.330685146917830353e-02
1.602500000000000000e+03 9.914042459707741450e-01 8.595754029050554218e-03
1.605000000000000000e+03 8.113191584911835230e-01 1.886808415086413393e-01
1.607500000000000000e+03 4.631210358782880121e-01 5.368789641215352404e-01
1.610000000000000000e+03 1.366253545846171924e-01 8.633746454152076977e-01
1.612500000000000000e+03 1.071605291025052621e-02 9.892839470895715692e-01
1.615000000000000000e+03 1.536698156972775564e-01 8.463301843025422544e-01
1.617500000000000000e+03 4.849896937861414292e-01 5.150103062136796028e-01
1.620000000000000000e+03 8.212019496072993086e-01 1.787980503925199471e-01
1.622500000000000000e+03 9.790358610824643204e-01 2.096413891735615653e-02
1.625000000000000000e+03 8.764102939187237151e-01 1.235897060810975528e-01
1.627500000000000000e+03 5.746641456305101592e-01 4.253358543693104843e-01
1.630000000000000000e+03 2.410528667564354466e-01 7.589471332433775919e-01
1.632500000000000000e+03 5.564808412192301379e-02 9.443519158778868050e-01
1.635000000000000000e+03 1.150418744281149347e-01 8.849581255716949535e-01
1.637500000000000000e+03 3.833767799033946932e-01 6.166232200964132382e-01
1.640000000000000000e+03 7.140316439269491777e-01 2.859683560728591978e-01
1.642500000000000000e+03 9.287884738028280296e-01 7.121152619697779240e-02
1.645000000000000000e+03 9.128876634058957773e-01 8.711233659391064144e-02
1.647500000000000000e+03 6.764681354456509865e-01 3.235318645541543914e-01
1.650000000000000000e+03 3.493511870088610305e-01 6.506488129909427931e-01
1.652500000000000000e+03 1.104489532306281718e-01 8.895510467691771783e-01
1.655000000000000000e+03 8.912378992006358969e-02 9.108762100797433980e-01
1.657500000000000000e+03 2.934554589791746326e-01 7.065445410206359078e-01
1.660000000000000000e+03 6.068363263848074451e-01 3.931636736150032063e-01
1.662500000000000000e+03 8.551057587879297150e-01 1.448942412118813805e-01
1.665000000000000000e+03 9.048611796767385140e-01 9.513882032307260928e-02
1.667500000000000000e+03 7.359279383713850375e-01 2.640720616284256694e-01
1.670000000000000000e+03 4.479643596855548138e-01 5.520356403142575585e-01
1.672500000000000000e+03 2.009047234995007258e-01 7.990952765003132008e-01
1.675000000000000000e+03 1.259860717168192479e-01 8.740139282829999523e-01
1.677500000000000000e+03 2.571544062125861174e-01 7.428455937872306958e-01
1.680000000000000000e+03 5.174885584536921268e-01 4.825114415461226880e-01
1.682500000000000000e+03 7.641068077942949621e-01 2.358931922055201025e-01
1.685000000000000000e+03 8.655315592928245483e-01 1.344684407069891008e-01
1.687500000000000000e+03 7.709018277681133346e-01 2.290981722316985658e-01
1.690000000000000000e+03 5.356788497007171079e-01 4.643211502990931550e-01
1.692500000000000000e+03 2.905227316372610558e-01 7.094772683625507614e-01
1.695000000000000000e+03 1.693174759383405670e-01 8.306825240614708061e-01
1.697500000000000000e+03 2.351190838789407045e-01 7.648809161208733887e-01
1.700000000000000000e+03 4.457902719411470094e-01 5.542097280586680830e-01
1.702500000000000000e+03 6.796928344406272249e-01 3.203071655591880340e-01
1.705000000000000000e+03 8.065848070918920643e-01 1.934151929079231669e-01
1.707500000000000000e+03 7.615403372631627255e-01 2.384596627366515620e-01
1.710000000000000000e+03 5.785010967736599063e-01 4.214989032261557966e-01
1.712500000000000000e+03 3.658133409817544424e-01 6.341866590180595953e-01
1.715000000000000000e+03 2.414452862395702615e-01 7.585547137602448586e-01
1.717500000000000000e+03 2.676406936944315529e-01 7.323593063053818186e-01
1.720000000000000000e+03 4.212177192089174294e-01 5.787822807908925560e-01
1.722500000000000000e+03 6.120966073673381747e-01 3.879033926324736425e-01
1.725000000000000000e+03 7.356456067672657584e-01 2.643543932325456147e-01
1.727500000000000000e+03 7.288888339243622116e-01 2.711111660754490504e-01
1.730000000000000000e+03 6.017660990301386681e-01 3.982339009696719279e-01
1.732500000000000000e+03 4.289456477567238357e-01 5.710543522430863161e-01
1.735000000000000000e+03 3.075054295279298078e-01 6.924945704718773465e-01
1.737500000000000000e+03 3.029156163187300410e-01 6.970843836810762806e-01
1.740000000000000000e+03 4.127090874794219211e-01 5.872909125203837899e-01
1.742500000000000000e+03 5.690096959181190073e-01 4.309903040816844277e-01
1.745000000000000000e+03 6.794662357247980289e-01 3.205337642750047955e-01
1.747500000000000000e+03 6.824885195705078234e-01 3.175114804292943349e-01
1.750000000000000000e+03 5.828095482807518213e-01 4.171904517190473394e-01
1.752500000000000000e+03 4.455458890266031924e-01 5.544541109731958572e-01
1.755000000000000000e+03 3.537713658182449761e-01 6.462286341815532964e-01
1.757500000000000000e+03 3.577755456734520445e-01 6.422244543263451177e-01
1.760000000000000000e+03 4.478064938066917966e-01 5.521935061931066979e-01
1.762500000000000000e+03 5.647905601442302359e-01 4.352094398555693133e-01
1.765000000000000000e+03 6.388294186037193345e-01 3.611705813960796041e-01
1.767500000000000000e+03 6.301477694099610893e-01 3.698522305898362950e-01
1.770000000000000000e+03 5.492344742169286143e-01 4.507655257828675488e-01
1.772500000000000000e+03 4.474818842064570701e-01 5.525181157933364284e-01
1.775000000000000000e+03 3.860812652492638941e-01 6.139187347505302705e-01
1.777500000000000000e+03 4.009206187530449661e-01 5.990793812467491986e-01
1.780000000000000000e+03 4.820535218139866407e-01 5.179464781858070799e-01
1.782500000000000000e+03 5.790311352151539248e-01 4.209688647846384635e-01
1.785000000000000000e+03 6.304260674543785692e-01 3.695739325454130420e-01
1.787500000000000000e+03 6.017988487272277753e-01 3.982011512725657232e-01
1.790000000000000000e+03 5.090348763342409377e-01 4.909651236655506734e-01
1.792500000000000000e+03 4.105304164267921108e-01 5.894695835729977240e-01
1.795000000000000000e+03 3.708592129060676035e-01 6.291407870937236746e-01
1.797500000000000000e+03 4.184248766876634829e-01 5.815751233121284614e-01
1.800000000000000000e+03 5.254509702076519684e-01 4.745490297921385325e-01
1.802500000000000000e+03 6.246456578745516186e-01 3.753543421252375500e-01
1.805000000000000000e+03 6.520544748160075343e-01 3.479455251837801910e-01
1.807500000000000000e+03 5.879093487541400265e-01 4.120906512456473658e-01
1.810000000000000000e+03 4.692620847471501988e-01 5.307379152526352506e-01
1.812500000000000000e+03 3.673806278957369997e-01 6.326193721040478390e-01
1.815000000000000000e+03 3.450078501795680319e-01 6.549921498202178061e-01
1.817500000000000000e+03 4.193404750633341616e-01 5.806595249364521205e-01
1.820000000000000000e+03 5.513317994726383287e-01 4.486682005271482865e-01
1.822500000000000000e+03 6.663975390199752269e-01 3.336024609798106111e-01
1.825000000000000000e+03 6.953730569900558045e-01 3.046269430097308661e-01
1.827500000000000000e+03 6.145509846072263471e-01 3.854490153925625995e-01
1.830000000000000000e+03 4.629803355842959656e-01 5.370196644154880961e-01
1.832500000000000000e+03 3.249985811904996247e-01 6.750014188092845480e-01
1.835000000000000000e+03 2.840617474910943629e-01 7.159382525086906979e-01
1.837500000000000000e+03 3.722046650910392773e-01 6.277953349087436186e-01
1.840000000000000000e+03 5.459594117544550596e-01 4.540405882453263375e-01
1.842500000000000000e+03 7.068892168137159704e-01 2.931107831860657043e-01
1.845000000000000000e+03 7.579886729280738145e-01 2.420113270717067777e-01
1.847500000000000000e+03 6.628687680263659621e-01 3.371312319734133811e-01
1.850000000000000000e+03 4.705560807745114982e-01 5.294439192252671234e-01
1.852500000000000000e+03 2.892651274646012016e-01 7.107348725351796404e-01
1.855000000000000000e+03 2.242934615910486262e-01 7.757065384087324933e-01
1.857500000000000000e+03 3.170286962839377609e-01 6.829713037158458011e-01
1.860000000000000000e+03 5.204494151728455975e-01 4.795505848269367988e-01
1.862500000000000000e+03 7.242239050720105098e-01 2.757760949277706097e-01
1.865000000000000000e+03 8.146356576905424696e-01 1.853643423092385112e-01
1.867500000000000000e+03 7.368660437454424006e-01 2.631339562543387189e-01
1.870000000000000000e+03 5.269354308908418272e-01 4.730645691089399030e-01
1.872500000000000000e+03 2.958432077148716033e-01 7.041567922849135686e-01
1.875000000000000000e+03 1.720190125265897985e-01 8.279809874731944852e-01
1.877500000000000000e+03 2.304519306382754873e-01 7.695480693615093237e-01
1.880000000000000000e+03 4.469025169694100796e-01 5.530974830303725387e-01
1.882500000000000000e+03 7.056146455436822507e-01 2.943853544561013669e-01
1.885000000000000000e+03 8.607396381077944136e-01 1.392603618919892039e-01
1.887500000000000000e+03 8.193550398445169636e-01 1.806449601552679307e-01
1.890000000000000000e+03 5.978247842220100194e-01 4.021752157777727099e-01
1.892500000000000000e+03 3.162525549818216430e-01 6.837474450179605867e-01
1.895000000000000000e+03 1.320879815765854115e-01 8.679120184231967627e-01
1.897500000000000000e+03 1.509209262885103375e-01 8.490790737112698938e-01
1.900000000000000000e+03 3.662801566667844844e-01 6.337198433329938041e-01
1.902500000000000000e+03 6.625848900487851800e-01 3.374151099509938301e-01
1.905000000000000000e+03 8.784910001562636905e-01 1.215089998435164576e-01
1.907500000000000000e+03 8.946768059144752927e-01 1.053231940853060350e-01
1.910000000000000000e+03 6.986458554123856635e-01 3.013541445873949565e-01
1.912500000000000000e+03 3.928188356016547589e-01 6.071811643981245288e-01
1.915000000000000000e+03 1.416481261866232577e-01 8.583518738131568071e-01
1.917500000000000000e+03 8.426516042348509983e-02 9.157348395762983095e-01
1.920000000000000000e+03 2.576630158428904194e-01 7.423369841568929761e-01
1.922500000000000000e+03 5.723788653041519403e-01 4.276211346956310666e-01
1.925000000000000000e+03 8.571962778134585292e-01 1.428037221863238115e-01
1.927500000000000000e+03 9.520740070477017314e-01 4.792599295207900650e-02
1.930000000000000000e+03 7.990285197501491021e-01 2.009714802496316843e-01
1.932500000000000000e+03 4.781617456574841496e-01 5.218382543422969144e-01
1.935000000000000000e+03 1.654849174011982782e-01 8.345150825985825360e-01
1.937500000000000000e+03 3.490208197257868572e-02 9.650979180271966884e-01
1.940000000000000000e+03 1.604217520801023422e-01 8.395782479196686188e-01
1.942500000000000000e+03 4.747313231474462047e-01 5.252686768523223693e-01
1.945000000000000000e+03 8.069062633889854119e-01 1.930937366107830233e-01
1.947500000000000000e+03 9.765735948168646763e-01 2.342640518290621879e-02
1.950000000000000000e+03 8.916121033460784329e-01 1.083878966536930416e-01
1.952500000000000000e+03 5.970721729152814738e-01 4.029278270844922072e-01
1.955000000000000000e+03 2.508310556971237726e-01 7.491689443026483541e-01
1.957500000000000000e+03 3.972827982963994531e-02 9.602717201701326255e-01
1.960000000000000000e+03 7.977616473423009003e-02 9.202238352655406350e-01
1.962500000000000000e+03 3.524167099392027103e-01 6.475832900605664744e-01
1.965000000000000000e+03 7.116680644605843931e-01 2.883319355391855132e-01
1.967500000000000000e+03 9.610676326211365916e-01 3.893236737863259300e-02
1.970000000000000000e+03 9.611533654321821052e-01 3.884663456758917499e-02
1.972500000000000000e+03 7.085521637066217737e-01 2.914478362931503530e-01
1.975000000000000000e+03 3.404597101504680534e-01 6.595402898493034627e-01
1.977500000000000000e+03 5.949786513671193044e-02 9.405021348630572264e-01
1.980000000000000000e+03 2.059809696634497950e-02 9.794019030334227827e-01
1.982500000000000000e+03 2.446440344234410702e-01 7.553559655763247838e-01
1.985000000000000000e+03 6.079780587773789824e-01 3.920219412223885369e-01
1.987500000000000000e+03 9.123248218663394526e-01 8.767517813343024546e-02
1.990000000000000000e+03 9.940233278850857390e-01 5.976672114684112615e-03
1.992500000000000000e+03 8.115846022641097779e-01 1.884153977356596288e-01
1.995000000000000000e+03 4.655989188911968668e-01 5.344010811085737611e-01
1.997500000000000000e+03 1.430592632221249771e-01 8.569407367776482598e-01
2.000000000000000000e+03 1.723302816830998840e-02 9.827669718314626657e-01
