0.000000000000000000e+00 0.000000000000000000e+00
2.500000000000000000e+00 9.676847445598409602e-06
5.000000000000000000e+00 1.302633739395089787e-04
7.500000000000000000e+00 4.939721190491264255e-04
1.000000000000000000e+01 1.039717351186344877e-03
1.250000000000000000e+01 1.502461674582336679e-03
1.500000000000000000e+01 1.651703652464209639e-03
1.750000000000000000e+01 1.511949472498597818e-03
2.000000000000000000e+01 1.339409464421632834e-03
2.250000000000000000e+01 1.391388466024570409e-03
2.500000000000000000e+01 1.709680166318605036e-03
2.750000000000000000e+01 2.107672569390213468e-03
3.000000000000000000e+01 2.360812722480611688e-03
3.250000000000000000e+01 2.410968446769799420e-03
3.500000000000000000e+01 2.379093584731712795e-03
3.750000000000000000e+01 2.386652341084384652e-03
4.000000000000000000e+01 2.417999911983551280e-03
4.250000000000000000e+01 2.412805931982440078e-03
4.500000000000000000e+01 2.462651584328132484e-03
4.750000000000000000e+01 2.810683794275001691e-03
5.000000000000000000e+01 3.596038674777511397e-03
5.250000000000000000e+01 4.635825462240406210e-03
5.500000000000000000e+01 5.518891936245628495e-03
5.750000000000000000e+01 5.934026510462785120e-03
6.000000000000000000e+01 5.915508122903067809e-03
6.250000000000000000e+01 5.793271360481463267e-03
6.500000000000000000e+01 5.914765566281356655e-03
6.750000000000000000e+01 6.389381416897797067e-03
7.000000000000000000e+01 7.061806371490967661e-03
7.250000000000000000e+01 7.699928238376316930e-03
7.500000000000000000e+01 8.185890342103653919e-03
7.750000000000000000e+01 8.525244362857023472e-03
8.000000000000000000e+01 8.722715363659259633e-03
8.250000000000000000e+01 8.743173209898631379e-03
8.500000000000000000e+01 8.646600414109577304e-03
8.750000000000000000e+01 8.701135509999517043e-03
9.000000000000000000e+01 9.241822019136265720e-03
9.250000000000000000e+01 1.035250098030523515e-02
9.500000000000000000e+01 1.170751084615865266e-02
9.750000000000000000e+01 1.277312962664176391e-02
1.000000000000000000e+02 1.320555354490926016e-02
1.025000000000000000e+02 1.309906076970970140e-02
1.050000000000000000e+02 1.288516688523464251e-02
1.075000000000000000e+02 1.298965295542365249e-02
1.100000000000000000e+02 1.354773795230315020e-02
1.125000000000000000e+02 1.439360841486225957e-02
1.150000000000000000e+02 1.526459462935030563e-02
1.175000000000000000e+02 1.597863083051292640e-02
1.200000000000000000e+02 1.644206849757778172e-02
1.225000000000000000e+02 1.658624221153580033e-02
1.250000000000000000e+02 1.640899042288877785e-02
1.275000000000000000e+02 1.610747398479091957e-02
1.300000000000000000e+02 1.608434119022360970e-02
1.325000000000000000e+02 1.669709399097799030e-02
1.350000000000000000e+02 1.793125719523852926e-02
1.375000000000000000e+02 1.932606765682392050e-02
1.400000000000000000e+02 2.027144503700899214e-02
1.425000000000000000e+02 2.044986763127850174e-02
1.450000000000000000e+02 2.005753043348643821e-02
1.475000000000000000e+02 1.962663996291978685e-02
1.500000000000000000e+02 1.961835375094496750e-02
1.525000000000000000e+02 2.014207658127974143e-02
1.550000000000000000e+02 2.099383498504831663e-02
1.575000000000000000e+02 2.187983830066404095e-02
1.600000000000000000e+02 2.256974402152454873e-02
1.625000000000000000e+02 2.290347604513466931e-02
1.650000000000000000e+02 2.278577250286385747e-02
1.675000000000000000e+02 2.227849917668076746e-02
1.700000000000000000e+02 2.169665725035928999e-02
1.725000000000000000e+02 2.151409200519246306e-02
1.750000000000000000e+02 2.205113895567295881e-02
1.775000000000000000e+02 2.318011793057000308e-02
1.800000000000000000e+02 2.433910944458353778e-02
1.825000000000000000e+02 2.490286765252568840e-02
1.850000000000000000e+02 2.463694511111401766e-02
1.875000000000000000e+02 2.385753210137677924e-02
1.900000000000000000e+02 2.316221016327377202e-02
1.925000000000000000e+02 2.298544026672986323e-02
1.950000000000000000e+02 2.336824479446251296e-02
1.975000000000000000e+02 2.406486885151987512e-02
2.000000000000000000e+02 2.477124374128926790e-02
2.025000000000000000e+02 2.523970083331669376e-02
2.050000000000000000e+02 2.528328598460533039e-02
2.075000000000000000e+02 2.481518579609800004e-02
2.100000000000000000e+02 2.396111537343366057e-02
2.125000000000000000e+02 2.310624434642758254e-02
2.150000000000000000e+02 2.273095920296203110e-02
2.175000000000000000e+02 2.308258978156834534e-02
2.200000000000000000e+02 2.393390214087280296e-02
2.225000000000000000e+02 2.467473365541038993e-02
2.250000000000000000e+02 2.472967696903409854e-02
2.275000000000000000e+02 2.398724916940892654e-02
2.300000000000000000e+02 2.286778701445654066e-02
2.325000000000000000e+02 2.197089300013308280e-02
2.350000000000000000e+02 2.164242974687646467e-02
2.375000000000000000e+02 2.183630959122561180e-02
2.400000000000000000e+02 2.228661909756322890e-02
2.425000000000000000e+02 2.271499534025757730e-02
2.450000000000000000e+02 2.289386355856506960e-02
2.475000000000000000e+02 2.264310091437155004e-02
2.500000000000000000e+02 2.189547765649913977e-02
2.525000000000000000e+02 2.081040225000120245e-02
2.550000000000000000e+02 1.978446155551442584e-02
2.575000000000000000e+02 1.925663367512086069e-02
2.600000000000000000e+02 1.939413458483062874e-02
2.625000000000000000e+02 1.990614135505962279e-02
2.650000000000000000e+02 2.019576573518477858e-02
2.675000000000000000e+02 1.979290074876623867e-02
2.700000000000000000e+02 1.871950445393527965e-02
2.725000000000000000e+02 1.745038311810649667e-02
2.750000000000000000e+02 1.651248025615674464e-02
2.775000000000000000e+02 1.612046873751474610e-02
2.800000000000000000e+02 1.615226062727198597e-02
2.825000000000000000e+02 1.636256871137897750e-02
2.850000000000000000e+02 1.654070848080858858e-02
2.875000000000000000e+02 1.651242519972846018e-02
2.900000000000000000e+02 1.612016803304455043e-02
2.925000000000000000e+02 1.529945006359713019e-02
2.950000000000000000e+02 1.419554114940474107e-02
2.975000000000000000e+02 1.316642872616792699e-02
3.000000000000000000e+02 1.258872889061571181e-02
3.025000000000000000e+02 1.256751314339232470e-02
3.050000000000000000e+02 1.279670134382285274e-02
3.075000000000000000e+02 1.275086095239251656e-02
3.100000000000000000e+02 1.209818970206562316e-02
3.125000000000000000e+02 1.096977476200083727e-02
3.150000000000000000e+02 9.822794922900470599e-03
3.175000000000000000e+02 9.046570828443669873e-03
3.200000000000000000e+02 8.713559209433740377e-03
3.225000000000000000e+02 8.663224322295553712e-03
3.250000000000000000e+02 8.720585240056689252e-03
3.275000000000000000e+02 8.780322021051417680e-03
3.300000000000000000e+02 8.739592808919033340e-03
3.325000000000000000e+02 8.453951067942642311e-03
3.350000000000000000e+02 7.823282071781567648e-03
3.375000000000000000e+02 6.931943799619356278e-03
3.400000000000000000e+02 6.073085935037320776e-03
3.425000000000000000e+02 5.567428158815276168e-03
3.450000000000000000e+02 5.491646041451215925e-03
3.475000000000000000e+02 5.573908957391899080e-03
3.500000000000000000e+02 5.403195425319246362e-03
3.525000000000000000e+02 4.787868015808950314e-03
3.550000000000000000e+02 3.913890890317761086e-03
3.575000000000000000e+02 3.145648541810065583e-03
3.600000000000000000e+02 2.697427874349196415e-03
3.625000000000000000e+02 2.521960256412012890e-03
3.650000000000000000e+02 2.474038161539742538e-03
3.675000000000000000e+02 2.496121662472889930e-03
3.700000000000000000e+02 2.611636475846512446e-03
3.725000000000000000e+02 2.783869338873080218e-03
3.750000000000000000e+02 2.848063906682212452e-03
3.775000000000000000e+02 2.623841335948856428e-03
3.800000000000000000e+02 2.106961461592078439e-03
3.825000000000000000e+02 1.528747679154041387e-03
3.850000000000000000e+02 1.180102832776090422e-03
3.875000000000000000e+02 1.147419341120229285e-03
3.900000000000000000e+02 1.233070967494441289e-03
3.925000000000000000e+02 1.158698971428875815e-03
3.950000000000000000e+02 8.427233400095358005e-04
3.975000000000000000e+02 4.563986817516043379e-04
4.000000000000000000e+02 2.137788701060945682e-04
4.025000000000000000e+02 1.529752680368498140e-04
4.050000000000000000e+02 1.552739265295465150e-04
4.075000000000000000e+02 1.476368630153720367e-04
4.100000000000000000e+02 2.240190026520860950e-04
4.125000000000000000e+02 5.375778177271218214e-04
4.150000000000000000e+02 1.086890283517155144e-03
4.175000000000000000e+02 1.640163777150820514e-03
4.200000000000000000e+02 1.904554851316850924e-03
4.225000000000000000e+02 1.789305130139917004e-03
4.250000000000000000e+02 1.491288871531912296e-03
4.275000000000000000e+02 1.305093137057472801e-03
4.300000000000000000e+02 1.358533200981343640e-03
4.325000000000000000e+02 1.549774924339352745e-03
4.350000000000000000e+02 1.722513698517245083e-03
4.375000000000000000e+02 1.851840663050275922e-03
4.400000000000000000e+02 2.029436274771093812e-03
4.425000000000000000e+02 2.294016107209124241e-03
4.450000000000000000e+02 2.540054937753402197e-03
4.475000000000000000e+02 2.637678889406699402e-03
4.500000000000000000e+02 2.633320605377117551e-03
4.525000000000000000e+02 2.785110408519905767e-03
4.550000000000000000e+02 3.350607043470956673e-03
4.575000000000000000e+02 4.313414710086480724e-03
4.600000000000000000e+02 5.331867845494307062e-03
4.625000000000000000e+02 5.996040826401569795e-03
4.650000000000000000e+02 6.160261660466440428e-03
4.675000000000000000e+02 6.026344688254670588e-03
4.700000000000000000e+02 5.921036581061129948e-03
4.725000000000000000e+02 6.030434341828628218e-03
4.750000000000000000e+02 6.346526306760791152e-03
4.775000000000000000e+02 6.799140707619353262e-03
4.800000000000000000e+02 7.359924003499534323e-03
4.825000000000000000e+02 7.999601720485896919e-03
4.850000000000000000e+02 8.593258470856941431e-03
4.875000000000000000e+02 8.945994039662933175e-03
4.900000000000000000e+02 8.973943742639682239e-03
4.925000000000000000e+02 8.870984986507754119e-03
4.950000000000000000e+02 9.045893497860351198e-03
4.975000000000000000e+02 9.811481494726550026e-03
5.000000000000000000e+02 1.108071682852641675e-02
5.025000000000000000e+02 1.238104357973915035e-02
5.050000000000000000e+02 1.321418639582149467e-02
5.075000000000000000e+02 1.343017929887292336e-02
5.100000000000000000e+02 1.327225648633521132e-02
5.125000000000000000e+02 1.311312306718041137e-02
5.150000000000000000e+02 1.319410585004115663e-02
5.175000000000000000e+02 1.357583874217138317e-02
5.200000000000000000e+02 1.422470366128442999e-02
5.225000000000000000e+02 1.506148228656120983e-02
5.250000000000000000e+02 1.592887338865896577e-02
5.275000000000000000e+02 1.657938494646096078e-02
5.300000000000000000e+02 1.678823861715068866e-02
5.325000000000000000e+02 1.655917340205457708e-02
5.350000000000000000e+02 1.623632021777983089e-02
5.375000000000000000e+02 1.633940497827707922e-02
5.400000000000000000e+02 1.717349072664345680e-02
5.425000000000000000e+02 1.853805280214134918e-02
5.450000000000000000e+02 1.984229397816203444e-02
5.475000000000000000e+02 2.055575910358398845e-02
5.500000000000000000e+02 2.057735949251038310e-02
5.525000000000000000e+02 2.021266124486878132e-02
5.550000000000000000e+02 1.987412023054654572e-02
5.575000000000000000e+02 1.983460495612410918e-02
5.600000000000000000e+02 2.018218824271478251e-02
5.625000000000000000e+02 2.087371517040273461e-02
5.650000000000000000e+02 2.175985857989141611e-02
5.675000000000000000e+02 2.258157344728395702e-02
5.700000000000000000e+02 2.302367070449062164e-02
5.725000000000000000e+02 2.288079846104682652e-02
5.750000000000000000e+02 2.226277339135619357e-02
5.775000000000000000e+02 2.164032410873464873e-02
5.800000000000000000e+02 2.158446899049144135e-02
5.825000000000000000e+02 2.233165023272750890e-02
5.850000000000000000e+02 2.355398100086547944e-02
5.875000000000000000e+02 2.458951074482309748e-02
5.900000000000000000e+02 2.494382508616307254e-02
5.925000000000000000e+02 2.460402678619635908e-02
5.950000000000000000e+02 2.393608192590742506e-02
5.975000000000000000e+02 2.336536213468217230e-02
6.000000000000000000e+02 2.315653188018243838e-02
6.025000000000000000e+02 2.338128277010359524e-02
6.050000000000000000e+02 2.396148004078637109e-02
6.075000000000000000e+02 2.469215209645889836e-02
6.100000000000000000e+02 2.526009270899579051e-02
6.125000000000000000e+02 2.533352523211155477e-02
6.150000000000000000e+02 2.475544670313430465e-02
6.175000000000000000e+02 2.373498002136610954e-02
6.200000000000000000e+02 2.282310663790853428e-02
6.225000000000000000e+02 2.257494880143965862e-02
6.250000000000000000e+02 2.311721170676767773e-02
6.275000000000000000e+02 2.401746404379097310e-02
6.300000000000000000e+02 2.461299542461937301e-02
6.325000000000000000e+02 2.450662138963578818e-02
6.350000000000000000e+02 2.378792592308014500e-02
6.375000000000000000e+02 2.285745694072002093e-02
6.400000000000000000e+02 2.211009563324636482e-02
6.425000000000000000e+02 2.175668355725334652e-02
6.450000000000000000e+02 2.182241073021059727e-02
6.475000000000000000e+02 2.219993610708306114e-02
6.500000000000000000e+02 2.266998843703023001e-02
6.525000000000000000e+02 2.291594306359130695e-02
6.550000000000000000e+02 2.262319626208221177e-02
6.575000000000000000e+02 2.168825350279811326e-02
6.600000000000000000e+02 2.039037725702605441e-02
6.625000000000000000e+02 1.930091061666285718e-02
6.650000000000000000e+02 1.890075408874316090e-02
6.675000000000000000e+02 1.919851261975327739e-02
6.700000000000000000e+02 1.971220173956283669e-02
6.725000000000000000e+02 1.985299210676251189e-02
6.750000000000000000e+02 1.935910172812314173e-02
6.775000000000000000e+02 1.840842998316669782e-02
6.800000000000000000e+02 1.739079555445975644e-02
6.825000000000000000e+02 1.661921757122988147e-02
6.850000000000000000e+02 1.621352791505565119e-02
6.875000000000000000e+02 1.614952638404457824e-02
6.900000000000000000e+02 1.632680106013175217e-02
6.925000000000000000e+02 1.656343467762008692e-02
6.950000000000000000e+02 1.657618502224086215e-02
6.975000000000000000e+02 1.607808802793173411e-02
7.000000000000000000e+02 1.500320797160811272e-02
7.025000000000000000e+02 1.365660897804074105e-02
7.050000000000000000e+02 1.257020119343253001e-02
7.075000000000000000e+02 1.211673775917838924e-02
7.100000000000000000e+02 1.221390564317909565e-02
7.125000000000000000e+02 1.240171483309173567e-02
7.150000000000000000e+02 1.222425453950338504e-02
7.175000000000000000e+02 1.156225995267359981e-02
7.200000000000000000e+02 1.064312813223076970e-02
7.225000000000000000e+02 9.789656400697874933e-03
7.250000000000000000e+02 9.186100974076880782e-03
7.275000000000000000e+02 8.847030943050813306e-03
7.300000000000000000e+02 8.728028496132505393e-03
7.325000000000000000e+02 8.789411216407834807e-03
7.350000000000000000e+02 8.928954510424417373e-03
7.375000000000000000e+02 8.909565538609540147e-03
7.400000000000000000e+02 8.460945135921212751e-03
7.425000000000000000e+02 7.524526526788945062e-03
7.450000000000000000e+02 6.382549465658380293e-03
7.475000000000000000e+02 5.482974481309399288e-03
7.500000000000000000e+02 5.089643117903191148e-03
7.525000000000000000e+02 5.082688076159964756e-03
7.550000000000000000e+02 5.091335574457724229e-03
7.575000000000000000e+02 4.822375868741833951e-03
7.600000000000000000e+02 4.276185620901654799e-03
7.625000000000000000e+02 3.674948415965025375e-03
7.650000000000000000e+02 3.218599467503214465e-03
7.675000000000000000e+02 2.934206828150934948e-03
7.700000000000000000e+02 2.748904711513204622e-03
7.725000000000000000e+02 2.652248183459629278e-03
7.750000000000000000e+02 2.716915466145523091e-03
7.775000000000000000e+02 2.938382239163490027e-03
7.800000000000000000e+02 3.113707693447696680e-03
7.825000000000000000e+02 2.964119906444825751e-03
7.850000000000000000e+02 2.403416736696603693e-03
7.875000000000000000e+02 1.651045523609779306e-03
7.900000000000000000e+02 1.053602706826781404e-03
7.925000000000000000e+02 7.961720637299060568e-04
7.950000000000000000e+02 7.825295328479464456e-04
7.975000000000000000e+02 7.757990286403354139e-04
8.000000000000000000e+02 6.423022577440563267e-04
8.025000000000000000e+02 4.572296141592287048e-04
8.050000000000000000e+02 3.782454833067834640e-04
8.075000000000000000e+02 4.399438703705510620e-04
8.100000000000000000e+02 5.136921373755779820e-04
8.125000000000000000e+02 4.881161547490388600e-04
8.150000000000000000e+02 4.487526662322711361e-04
8.175000000000000000e+02 6.109646056598066772e-04
8.200000000000000000e+02 1.056262925801265164e-03
8.225000000000000000e+02 1.586146364646559559e-03
8.250000000000000000e+02 1.883792224271092818e-03
8.275000000000000000e+02 1.806204994019517361e-03
8.300000000000000000e+02 1.490559679414373527e-03
8.325000000000000000e+02 1.195227089964112210e-03
8.350000000000000000e+02 1.074396037245355920e-03
8.375000000000000000e+02 1.104321940292560733e-03
8.400000000000000000e+02 1.194891633983848934e-03
8.425000000000000000e+02 1.341497992113169701e-03
8.450000000000000000e+02 1.638876272093006377e-03
8.475000000000000000e+02 2.128352739919553167e-03
8.500000000000000000e+02 2.661945121222084650e-03
8.525000000000000000e+02 2.990754431089679560e-03
8.550000000000000000e+02 3.032589682269795812e-03
8.575000000000000000e+02 3.017740690687294343e-03
8.600000000000000000e+02 3.302069123627738613e-03
8.625000000000000000e+02 4.016657844722710050e-03
8.650000000000000000e+02 4.931074307503073920e-03
8.675000000000000000e+02 5.666410195965687450e-03
8.700000000000000000e+02 6.009730860205687517e-03
8.725000000000000000e+02 6.023377741586926314e-03
8.750000000000000000e+02 5.913832273767531157e-03
8.775000000000000000e+02 5.850657623195365531e-03
8.800000000000000000e+02 5.904747424129432216e-03
8.825000000000000000e+02 6.115414668859791777e-03
8.850000000000000000e+02 6.560732682374142977e-03
8.875000000000000000e+02 7.301322557638146443e-03
8.900000000000000000e+02 8.229168200310759546e-03
8.925000000000000000e+02 9.028905937293711659e-03
8.950000000000000000e+02 9.394264956085409887e-03
8.975000000000000000e+02 9.338638545278972816e-03
9.000000000000000000e+02 9.255731623301339042e-03
9.025000000000000000e+02 9.607321858969716799e-03
9.050000000000000000e+02 1.052456414939647797e-02
9.075000000000000000e+02 1.171348741486008711e-02
9.100000000000000000e+02 1.272350742841223993e-02
9.125000000000000000e+02 1.328156717969762070e-02
9.150000000000000000e+02 1.340706672608589153e-02
9.175000000000000000e+02 1.329797983239716132e-02
9.200000000000000000e+02 1.316614551673323322e-02
9.225000000000000000e+02 1.316884959067736623e-02
9.250000000000000000e+02 1.343731710116898709e-02
9.275000000000000000e+02 1.408278735171661356e-02
9.300000000000000000e+02 1.509057035950873288e-02
9.325000000000000000e+02 1.619755356438999649e-02
9.350000000000000000e+02 1.696756305625896424e-02
9.375000000000000000e+02 1.711108722698177070e-02
9.400000000000000000e+02 1.678164113332102775e-02
9.425000000000000000e+02 1.651822968537234801e-02
9.450000000000000000e+02 1.683156901224714536e-02
9.475000000000000000e+02 1.780421944539974446e-02
9.500000000000000000e+02 1.906137753626232362e-02
9.525000000000000000e+02 2.009208501261527599e-02
9.550000000000000000e+02 2.059655230155843161e-02
9.575000000000000000e+02 2.059575636650367789e-02
9.600000000000000000e+02 2.031067561016556069e-02
9.625000000000000000e+02 1.999349277882193562e-02
9.650000000000000000e+02 1.985604906040572618e-02
9.675000000000000000e+02 2.007740760531161531e-02
9.700000000000000000e+02 2.076059731425458632e-02
9.725000000000000000e+02 2.179532918330574082e-02
9.750000000000000000e+02 2.278767587887629495e-02
9.775000000000000000e+02 2.324797956647986844e-02
9.800000000000000000e+02 2.296793173340907004e-02
9.825000000000000000e+02 2.225028635500376703e-02
9.850000000000000000e+02 2.172951646231179729e-02
9.875000000000000000e+02 2.190111579936849726e-02
9.900000000000000000e+02 2.276331342518299328e-02
9.925000000000000000e+02 2.386408797642372917e-02
9.950000000000000000e+02 2.466635028579933914e-02
9.975000000000000000e+02 2.489297309671301486e-02
1.000000000000000000e+03 2.460601949383024387e-02
1.002500000000000000e+03 2.405486745949191041e-02
1.005000000000000000e+03 2.350307824050056407e-02
1.007500000000000000e+03 2.317501622118793916e-02
1.010000000000000000e+03 2.325961967568478464e-02
1.012500000000000000e+03 2.382674708552724729e-02
1.015000000000000000e+03 2.467564942872218364e-02
1.017500000000000000e+03 2.533086157453519685e-02
1.020000000000000000e+03 2.531946252528423022e-02
1.022500000000000000e+03 2.455083995356664023e-02
1.025000000000000000e+03 2.344868186128637108e-02
1.027500000000000000e+03 2.267519952562660132e-02
1.030000000000000000e+03 2.265448986242684162e-02
1.032500000000000000e+03 2.328592291600729142e-02
1.035000000000000000e+03 2.406753963432553892e-02
1.037500000000000000e+03 2.448902277600145325e-02
1.040000000000000000e+03 2.434665104590586632e-02
1.042500000000000000e+03 2.376108405997334402e-02
1.045000000000000000e+03 2.298527613858368165e-02
1.047500000000000000e+03 2.224954614934386565e-02
1.050000000000000000e+03 2.175312208900863006e-02
1.052500000000000000e+03 2.167195591173823668e-02
1.055000000000000000e+03 2.203877391842628403e-02
1.057500000000000000e+03 2.259172181914707520e-02
1.060000000000000000e+03 2.283526199088478301e-02
1.062500000000000000e+03 2.236685781171363421e-02
1.065000000000000000e+03 2.121304405234111443e-02
1.067500000000000000e+03 1.986217083578120310e-02
1.070000000000000000e+03 1.893568817487255654e-02
1.072500000000000000e+03 1.874948068333010670e-02
1.075000000000000000e+03 1.911451752173169705e-02
1.077500000000000000e+03 1.952762479033137016e-02
1.080000000000000000e+03 1.956569532503584993e-02
1.082500000000000000e+03 1.913311062892149306e-02
1.085000000000000000e+03 1.839494175171266580e-02
1.087500000000000000e+03 1.756001286700444725e-02
1.090000000000000000e+03 1.678112351295188084e-02
1.092500000000000000e+03 1.621035906395435974e-02
1.095000000000000000e+03 1.600730450623343015e-02
1.097500000000000000e+03 1.618470549243879175e-02
1.100000000000000000e+03 1.646521079265683696e-02
1.102500000000000000e+03 1.638945226529659946e-02
1.105000000000000000e+03 1.564809978684207625e-02
1.107500000000000000e+03 1.435028340785198669e-02
1.110000000000000000e+03 1.298154428444637555e-02
1.112500000000000000e+03 1.206836179480357159e-02
1.115000000000000000e+03 1.180688061577515359e-02
1.117500000000000000e+03 1.195414468378775373e-02
1.120000000000000000e+03 1.206786916786529822e-02
1.122500000000000000e+03 1.186423286238494183e-02
1.125000000000000000e+03 1.136045217200914136e-02
1.127500000000000000e+03 1.072171721944083396e-02
1.130000000000000000e+03 1.005779981646458439e-02
1.132500000000000000e+03 9.414894485211983480e-03
1.135000000000000000e+03 8.897268786953708639e-03
1.137500000000000000e+03 8.664026586534107760e-03
1.140000000000000000e+03 8.741076648587507020e-03
1.142500000000000000e+03 8.883752618660784028e-03
1.145000000000000000e+03 8.703453420241100483e-03
1.147500000000000000e+03 7.972218995237329714e-03
1.150000000000000000e+03 6.826779474392337746e-03
1.152500000000000000e+03 5.689201488731389193e-03
1.155000000000000000e+03 4.960534571608523485e-03
1.157500000000000000e+03 4.731349167362839010e-03
1.160000000000000000e+03 4.757336741395026131e-03
1.162500000000000000e+03 4.719230604905198453e-03
1.165000000000000000e+03 4.500167134947732038e-03
1.167500000000000000e+03 4.200128567358993141e-03
1.170000000000000000e+03 3.922584627777276137e-03
1.172500000000000000e+03 3.634218304570313671e-03
1.175000000000000000e+03 3.270010885290881245e-03
1.177500000000000000e+03 2.906870255885900343e-03
1.180000000000000000e+03 2.733995919444300558e-03
1.182500000000000000e+03 2.829301029664782127e-03
1.185000000000000000e+03 3.015755593139899781e-03
1.187500000000000000e+03 2.979061431825962870e-03
1.190000000000000000e+03 2.534123787671924317e-03
1.192500000000000000e+03 1.788625356673190399e-03
1.195000000000000000e+03 1.060973099940437864e-03
1.197500000000000000e+03 6.227830629011972888e-04
1.200000000000000000e+03 4.944172640333110904e-04
1.202500000000000000e+03 4.902193907730770543e-04
1.205000000000000000e+03 4.601879878668989907e-04
1.207500000000000000e+03 4.472692630011608104e-04
1.210000000000000000e+03 5.761522115854263940e-04
1.212500000000000000e+03 8.282683174632853203e-04
1.215000000000000000e+03 1.008357646885486023e-03
1.217500000000000000e+03 9.618902019442386424e-04
1.220000000000000000e+03 7.748948197182846083e-04
1.222500000000000000e+03 7.033603620896731199e-04
1.225000000000000000e+03 9.080895755587988080e-04
1.227500000000000000e+03 1.288848242874389210e-03
1.230000000000000000e+03 1.579634454541586344e-03
1.232500000000000000e+03 1.589812362879598024e-03
1.235000000000000000e+03 1.357000813491698616e-03
1.237500000000000000e+03 1.082329221756967537e-03
1.240000000000000000e+03 9.271251429478765153e-04
1.242500000000000000e+03 8.895324885689372130e-04
1.245000000000000000e+03 8.959732830827896264e-04
1.247500000000000000e+03 9.823328203549931779e-04
1.250000000000000000e+03 1.309225059822792785e-03
1.252500000000000000e+03 1.956666826622217858e-03
1.255000000000000000e+03 2.744012079220946310e-03
1.257500000000000000e+03 3.326588082248478542e-03
1.260000000000000000e+03 3.503348129782926472e-03
1.262500000000000000e+03 3.413281408143066867e-03
1.265000000000000000e+03 3.410400735871274569e-03
1.267500000000000000e+03 3.748133996602427600e-03
1.270000000000000000e+03 4.382282108904477815e-03
1.272500000000000000e+03 5.051991059354837485e-03
1.275000000000000000e+03 5.521960123470478869e-03
1.277500000000000000e+03 5.744569240703673724e-03
1.280000000000000000e+03 5.814810625157347014e-03
1.282500000000000000e+03 5.818387440614298037e-03
1.285000000000000000e+03 5.780264010475170446e-03
1.287500000000000000e+03 5.771539954193777820e-03
1.290000000000000000e+03 5.994640810137811734e-03
1.292500000000000000e+03 6.661995754959967354e-03
1.295000000000000000e+03 7.749058235589127708e-03
1.297500000000000000e+03 8.905330398734784270e-03
1.300000000000000000e+03 9.677710084469222374e-03
1.302500000000000000e+03 9.873244146544668531e-03
1.305000000000000000e+03 9.724223929245462417e-03
1.307500000000000000e+03 9.696141997125599238e-03
1.310000000000000000e+03 1.011584677872425474e-02
1.312500000000000000e+03 1.095142946740645766e-02
1.315000000000000000e+03 1.190574039355095717e-02
1.317500000000000000e+03 1.268345866284758747e-02
1.320000000000000000e+03 1.316313524403337626e-02
1.322500000000000000e+03 1.336187302076434665e-02
1.325000000000000000e+03 1.332977997680945964e-02
1.327500000000000000e+03 1.315598771390834310e-02
1.330000000000000000e+03 1.305802336876166550e-02
1.332500000000000000e+03 1.335408990999505975e-02
1.335000000000000000e+03 1.423834604869913742e-02
1.337500000000000000e+03 1.554874900216008521e-02
1.340000000000000000e+03 1.679111169321648861e-02
1.342500000000000000e+03 1.746334504433475279e-02
1.345000000000000000e+03 1.743503737359699060e-02
1.347500000000000000e+03 1.705713067781748984e-02
1.350000000000000000e+03 1.689285465293381694e-02
1.352500000000000000e+03 1.729605926839590871e-02
1.355000000000000000e+03 1.819674702248953377e-02
1.357500000000000000e+03 1.923977705825053591e-02
1.360000000000000000e+03 2.008309949573896733e-02
1.362500000000000000e+03 2.056200517056029631e-02
1.365000000000000000e+03 2.065058840150523628e-02
1.367500000000000000e+03 2.039771725871057997e-02
1.370000000000000000e+03 1.997143267695553059e-02
1.372500000000000000e+03 1.970512860256755372e-02
1.375000000000000000e+03 1.996570265630356888e-02
1.377500000000000000e+03 2.087551902929289313e-02
1.380000000000000000e+03 2.213712069507698180e-02
1.382500000000000000e+03 2.316466844084751411e-02
1.385000000000000000e+03 2.347167033830727459e-02
1.387500000000000000e+03 2.303277010815726195e-02
1.390000000000000000e+03 2.231803547658552794e-02
1.392500000000000000e+03 2.194509233104204732e-02
1.395000000000000000e+03 2.223339963730537605e-02
1.397500000000000000e+03 2.303776109120979007e-02
1.400000000000000000e+03 2.395335563955178215e-02
1.402500000000000000e+03 2.462787371727918201e-02
1.405000000000000000e+03 2.489128032225383300e-02
1.407500000000000000e+03 2.470550508628711894e-02
1.410000000000000000e+03 2.413677770442685180e-02
1.412500000000000000e+03 2.341887830628343325e-02
1.415000000000000000e+03 2.294729711512730197e-02
1.417500000000000000e+03 2.307502357980783375e-02
1.420000000000000000e+03 2.383009085297273233e-02
1.422500000000000000e+03 2.481330895611623399e-02
1.425000000000000000e+03 2.541122872255210247e-02
1.427500000000000000e+03 2.520959919149514186e-02
1.430000000000000000e+03 2.430861693988724606e-02
1.432500000000000000e+03 2.326790568670230805e-02
1.435000000000000000e+03 2.269384926851854972e-02
1.437500000000000000e+03 2.281448130888214659e-02
1.440000000000000000e+03 2.340121290655787153e-02
1.442500000000000000e+03 2.403677867071109947e-02
1.445000000000000000e+03 2.440575787876413452e-02
1.447500000000000000e+03 2.436609394721291760e-02
1.450000000000000000e+03 2.388525036708381843e-02
1.452500000000000000e+03 2.304304125306856632e-02
1.455000000000000000e+03 2.210130600645604515e-02
1.457500000000000000e+03 2.145822433782626493e-02
1.460000000000000000e+03 2.141354254401775861e-02
1.462500000000000000e+03 2.191246653094255925e-02
1.465000000000000000e+03 2.250705154699164309e-02
1.467500000000000000e+03 2.261760207660237776e-02
1.470000000000000000e+03 2.194023713095356182e-02
1.472500000000000000e+03 2.069263996164313543e-02
1.475000000000000000e+03 1.946695762098227256e-02
1.477500000000000000e+03 1.878662841674482928e-02
1.480000000000000000e+03 1.875498434829275460e-02
1.482500000000000000e+03 1.908597273599996202e-02
1.485000000000000000e+03 1.940495580427692435e-02
1.487500000000000000e+03 1.947695881614490768e-02
1.490000000000000000e+03 1.920718621126848644e-02
1.492500000000000000e+03 1.856701196619092720e-02
1.495000000000000000e+03 1.762333959238009465e-02
1.497500000000000000e+03 1.661639316235320740e-02
1.500000000000000000e+03 1.590193061420931697e-02
1.502500000000000000e+03 1.571999037679527172e-02
1.505000000000000000e+03 1.597009736656873971e-02
1.507500000000000000e+03 1.621211288840797640e-02
1.510000000000000000e+03 1.594702765707929279e-02
1.512500000000000000e+03 1.499404421848218004e-02
1.515000000000000000e+03 1.365094166143199748e-02
1.517500000000000000e+03 1.246942028013348254e-02
1.520000000000000000e+03 1.183247864756407398e-02
1.522500000000000000e+03 1.172105705043098925e-02
1.525000000000000000e+03 1.184481713076718755e-02
1.527500000000000000e+03 1.192866332776503467e-02
1.530000000000000000e+03 1.184647973208321874e-02
1.532500000000000000e+03 1.155035180861589163e-02
1.535000000000000000e+03 1.099300060545476201e-02
1.537500000000000000e+03 1.018691338849105066e-02
1.540000000000000000e+03 9.307127512826748189e-03
1.542500000000000000e+03 8.650695824642196455e-03
1.545000000000000000e+03 8.421555138999307563e-03
1.547500000000000000e+03 8.520972812928356496e-03
1.550000000000000000e+03 8.563035612440175054e-03
1.552500000000000000e+03 8.154677108988907241e-03
1.555000000000000000e+03 7.223211955076317727e-03
1.557500000000000000e+03 6.086643671063428872e-03
1.560000000000000000e+03 5.185516674515746466e-03
1.562500000000000000e+03 4.736018571805012886e-03
1.565000000000000000e+03 4.634242253562587815e-03
1.567500000000000000e+03 4.650459173129319924e-03
1.570000000000000000e+03 4.652929938684005617e-03
1.572500000000000000e+03 4.630975768884240847e-03
1.575000000000000000e+03 4.562028874706425437e-03
1.577500000000000000e+03 4.341249042448905651e-03
1.580000000000000000e+03 3.884892565704057416e-03
1.582500000000000000e+03 3.282365052123728706e-03
1.585000000000000000e+03 2.787926619071391405e-03
1.587500000000000000e+03 2.609999600095829365e-03
1.590000000000000000e+03 2.693333787482792094e-03
1.592500000000000000e+03 2.733873851868572156e-03
1.595000000000000000e+03 2.445457937596742706e-03
1.597500000000000000e+03 1.824369157664744272e-03
1.600000000000000000e+03 1.140704500759041418e-03
1.602500000000000000e+03 6.745592927252729801e-04
1.605000000000000000e+03 4.870285370150231885e-04
1.607500000000000000e+03 4.501849884071286163e-04
1.610000000000000000e+03 4.536716817266368937e-04
1.612500000000000000e+03 5.299699773423220163e-04
1.615000000000000000e+03 7.668505680875769984e-04
1.617500000000000000e+03 1.127615773265921778e-03
1.620000000000000000e+03 1.405814278225901541e-03
1.622500000000000000e+03 1.396540040890509446e-03
1.625000000000000000e+03 1.115244038946217172e-03
1.627500000000000000e+03 8.127141420413741850e-04
1.630000000000000000e+03 7.420244145341293356e-04
1.632500000000000000e+03 9.160077682425277939e-04
1.635000000000000000e+03 1.118220991735127462e-03
1.637500000000000000e+03 1.148007291131449177e-03
1.640000000000000000e+03 1.017182258915356758e-03
1.642500000000000000e+03 8.897560395946542801e-04
1.645000000000000000e+03 8.705882941737823864e-04
1.647500000000000000e+03 9.099242845315000296e-04
1.650000000000000000e+03 9.215330340075898090e-04
1.652500000000000000e+03 9.528578214690214829e-04
1.655000000000000000e+03 1.194914995456254148e-03
1.657500000000000000e+03 1.796026782961869430e-03
1.660000000000000000e+03 2.656397509588223193e-03
1.662500000000000000e+03 3.434355534010985651e-03
1.665000000000000000e+03 3.808900147025974341e-03
1.667500000000000000e+03 3.762399183139177473e-03
1.670000000000000000e+03 3.588003363511344489e-03
1.672500000000000000e+03 3.608109865051997885e-03
1.675000000000000000e+03 3.906258200065813868e-03
1.677500000000000000e+03 4.339089419958449059e-03
1.680000000000000000e+03 4.754370607298959335e-03
1.682500000000000000e+03 5.126623562885365346e-03
1.685000000000000000e+03 5.481803818939117411e-03
1.687500000000000000e+03 5.771200115595990880e-03
1.690000000000000000e+03 5.895426926989923676e-03
1.692500000000000000e+03 5.862626595235820824e-03
1.695000000000000000e+03 5.888842067012624651e-03
1.697500000000000000e+03 6.293211369117744126e-03
1.700000000000000000e+03 7.232579013758237002e-03
1.702500000000000000e+03 8.498631156849741075e-03
1.705000000000000000e+03 9.606328951601690591e-03
1.707500000000000000e+03 1.015696805210025352e-02
1.710000000000000000e+03 1.015608863333624517e-02
1.712500000000000000e+03 9.973385858198912518e-03
1.715000000000000000e+03 1.000142541007671519e-02
1.717500000000000000e+03 1.037636563637700862e-02
1.720000000000000000e+03 1.099857791332168981e-02
1.722500000000000000e+03 1.172261750609420762e-02
1.725000000000000000e+03 1.244950536722284028e-02
1.727500000000000000e+03 1.306958656175779242e-02
1.730000000000000000e+03 1.342880190154301968e-02
1.732500000000000000e+03 1.343700481872746148e-02
1.735000000000000000e+03 1.322437951446110878e-02
1.737500000000000000e+03 1.315856006048923312e-02
1.740000000000000000e+03 1.363766304654983816e-02
1.742500000000000000e+03 1.477156934689221116e-02
1.745000000000000000e+03 1.621635420788252596e-02
1.747500000000000000e+03 1.736945423517073303e-02
1.750000000000000000e+03 1.781764432994500588e-02
1.752500000000000000e+03 1.764194227472967724e-02
1.755000000000000000e+03 1.729804830799091045e-02
1.757500000000000000e+03 1.722524573158304775e-02
1.760000000000000000e+03 1.757925822747325936e-02
1.762500000000000000e+03 1.826883803022837441e-02
1.765000000000000000e+03 1.912277983637092685e-02
1.767500000000000000e+03 1.996063154901691478e-02
1.770000000000000000e+03 2.057069891422021873e-02
1.772500000000000000e+03 2.075059716772112081e-02
1.775000000000000000e+03 2.045970103404684895e-02
1.777500000000000000e+03 1.994920495373539437e-02
1.780000000000000000e+03 1.969886769884166347e-02
1.782500000000000000e+03 2.012720859986443997e-02
1.785000000000000000e+03 2.125150139871324895e-02
1.787500000000000000e+03 2.259520871155711041e-02
1.790000000000000000e+03 2.349588374772722255e-02
1.792500000000000000e+03 2.359603105047630711e-02
1.795000000000000000e+03 2.308275476426957171e-02
1.797500000000000000e+03 2.247807450200371357e-02
1.800000000000000000e+03 2.222620836894526053e-02
1.802500000000000000e+03 2.246314652608718404e-02
1.805000000000000000e+03 2.307596336576288321e-02
1.807500000000000000e+03 2.385652491690459093e-02
1.810000000000000000e+03 2.456560200378645961e-02
1.812500000000000000e+03 2.494039035813514285e-02
1.815000000000000000e+03 2.477711855669305005e-02
1.817500000000000000e+03 2.409798162099938482e-02
1.820000000000000000e+03 2.324930438626165649e-02
1.822500000000000000e+03 2.276998603759007589e-02
1.825000000000000000e+03 2.304266699050246808e-02
1.827500000000000000e+03 2.396911046422855324e-02
1.830000000000000000e+03 2.497710006453920592e-02
1.832500000000000000e+03 2.542050006141352222e-02
1.835000000000000000e+03 2.505420388890894010e-02
1.837500000000000000e+03 2.417004251221943276e-02
1.840000000000000000e+03 2.331183718196152763e-02
1.842500000000000000e+03 2.287855065072815983e-02
1.845000000000000000e+03 2.295138080470088618e-02
1.847500000000000000e+03 2.338245753028557819e-02
1.850000000000000000e+03 2.394321135950132698e-02
1.852500000000000000e+03 2.438054084305697408e-02
1.855000000000000000e+03 2.442968594503610105e-02
1.857500000000000000e+03 2.390895584231044965e-02
1.860000000000000000e+03 2.289045315541021058e-02
1.862500000000000000e+03 2.177380556037523257e-02
1.865000000000000000e+03 2.110145794645223311e-02
1.867500000000000000e+03 2.117860806976699928e-02
1.870000000000000000e+03 2.179957459874571485e-02
1.872500000000000000e+03 2.236054525177984947e-02
1.875000000000000000e+03 2.230617309077189206e-02
1.877500000000000000e+03 2.153045145077534320e-02
1.880000000000000000e+03 2.039647182959428845e-02
1.882500000000000000e+03 1.941109202317084156e-02
1.885000000000000000e+03 1.888091432052949395e-02
1.887500000000000000e+03 1.881226784181227324e-02
1.890000000000000000e+03 1.903400844379413495e-02
1.892500000000000000e+03 1.933815589025169451e-02
1.895000000000000000e+03 1.950800897165316794e-02
1.897500000000000000e+03 1.930687988642103628e-02
1.900000000000000000e+03 1.857126293062492939e-02
1.902500000000000000e+03 1.739216563806800231e-02
1.905000000000000000e+03 1.617583268645998718e-02
1.907500000000000000e+03 1.542141222958095560e-02
1.910000000000000000e+03 1.533995238214656311e-02
1.912500000000000000e+03 1.565708985808673612e-02
1.915000000000000000e+03 1.581237086394435623e-02
1.917500000000000000e+03 1.539365604416562811e-02
1.920000000000000000e+03 1.442412692013263394e-02
1.922500000000000000e+03 1.328154643030543015e-02
1.925000000000000000e+03 1.237610943514957061e-02
1.927500000000000000e+03 1.188912471678813497e-02
1.930000000000000000e+03 1.175561383798488964e-02
1.932500000000000000e+03 1.181881281567873088e-02
1.935000000000000000e+03 1.194414567923544716e-02
1.937500000000000000e+03 1.198777318492982510e-02
1.940000000000000000e+03 1.174270734490048297e-02
1.942500000000000000e+03 1.103818191803004195e-02
1.945000000000000000e+03 9.946863295725257015e-03
1.947500000000000000e+03 8.840959495679047084e-03
1.950000000000000000e+03 8.148136119895831378e-03
1.952500000000000000e+03 7.997706501126260539e-03
1.955000000000000000e+03 8.105922133008642075e-03
1.957500000000000000e+03 8.020802758150334666e-03
1.960000000000000000e+03 7.490519019725101063e-03
1.962500000000000000e+03 6.625524087583644153e-03
1.965000000000000000e+03 5.752923213047799952e-03
1.967500000000000000e+03 5.138367677677182187e-03
1.970000000000000000e+03 4.828008695051745278e-03
1.972500000000000000e+03 4.716331702255986691e-03
1.975000000000000000e+03 4.716462842401971355e-03
1.977500000000000000e+03 4.813217984680313692e-03
1.980000000000000000e+03 4.944041485536608029e-03
1.982500000000000000e+03 4.906646259858205884e-03
1.985000000000000000e+03 4.488328147704123867e-03
1.987500000000000000e+03 3.711688747138738777e-03
1.990000000000000000e+03 2.889208059745900815e-03
1.992500000000000000e+03 2.373503466467894590e-03
1.995000000000000000e+03 2.249406438096610873e-03
1.997500000000000000e+03 2.285911648491641742e-03
2.000000000000000000e+03 2.176925964924668506e-03
