0.000000000000000000e+00 0.000000000000000000e+00 1.000000000000000000e+00
2.500000000000000000e+00 1.373925439243745272e-01 8.626074560756323839e-01
5.000000000000000000e+00 4.734907628852121908e-01 5.265092371147949146e-01
7.500000000000000000e+00 8.230401186444336048e-01 1.769598813555704753e-01
1.000000000000000000e+01 9.953942516483045289e-01 4.605748351703624344e-03
1.250000000000000000e+01 8.993274521653151776e-01 1.006725478346899016e-01
1.500000000000000000e+01 5.906583942809167098e-01 4.093416057190842894e-01
1.750000000000000000e+01 2.388567881525295311e-01 7.611432118474696917e-01
2.000000000000000000e+01 3.386052638575703239e-02 9.661394736142359108e-01
2.250000000000000000e+01 8.459831000404025025e-02 9.154016899959506182e-01
2.500000000000000000e+01 3.622252598840976501e-01 6.377747401158940788e-01
2.750000000000000000e+01 7.163458612372084477e-01 2.836541387627835586e-01
3.000000000000000000e+01 9.553017639824902263e-01 4.469823601750073233e-02
3.250000000000000000e+01 9.490783429169717955e-01 5.092165708301934351e-02
3.500000000000000000e+01 7.005136965067213506e-01 2.994863034932676582e-01
3.750000000000000000e+01 3.451859192281511168e-01 6.548140807718390022e-01
4.000000000000000000e+01 7.779718486709724656e-02 9.222028151328969248e-01
4.250000000000000000e+01 4.435302091183674494e-02 9.556469790881522153e-01
4.500000000000000000e+01 2.607869417148052094e-01 7.392130582851841325e-01
4.750000000000000000e+01 6.050302731221928187e-01 3.949697268778005199e-01
5.000000000000000000e+01 8.869503535200274902e-01 1.130496464799654877e-01
5.250000000000000000e+01 9.549360204086021486e-01 4.506397959138781772e-02
5.500000000000000000e+01 7.778700083221450345e-01 2.221299916778444183e-01
5.750000000000000000e+01 4.579759328145960318e-01 5.420240671853927550e-01
6.000000000000000000e+01 1.710206373565930915e-01 8.289793626433943352e-01
6.250000000000000000e+01 6.994525340392188095e-02 9.300547465960656845e-01
6.500000000000000000e+01 2.046305251841917250e-01 7.953694748157952299e-01
6.750000000000000000e+01 4.984512317002023352e-01 5.015487682997842311e-01
7.000000000000000000e+01 7.913518409837859702e-01 2.086481590161962663e-01
7.250000000000000000e+01 9.258191096203194359e-01 7.418089037966087151e-02
7.500000000000000000e+01 8.310404856862454448e-01 1.689595143137365696e-01
7.750000000000000000e+01 5.609108420503463588e-01 4.390891579496349895e-01
8.000000000000000000e+01 2.645584960467614044e-01 7.354415039532208320e-01
8.250000000000000000e+01 1.040818119599004055e-01 8.959181880400775011e-01
8.500000000000000000e+01 1.645372297775365977e-01 8.354627702224437513e-01
8.750000000000000000e+01 4.073917944221808751e-01 5.926082055777973645e-01
9.000000000000000000e+01 6.944614139439565514e-01 3.055385860560212996e-01
9.250000000000000000e+01 8.677667680377536552e-01 1.322332319622251395e-01
9.500000000000000000e+01 8.378270143672867931e-01 1.621729856326914188e-01
9.750000000000000000e+01 6.297465717585468692e-01 3.702534282414307043e-01
1.000000000000000000e+02 3.636653963754682972e-01 6.363346036245063342e-01
1.025000000000000000e+02 1.848375832492653026e-01 8.151624167507082186e-01
1.050000000000000000e+02 1.848752111389407038e-01 8.151247888610297920e-01
1.075000000000000000e+02 3.563353794271132413e-01 6.436646205728592252e-01
1.100000000000000000e+02 6.014715453209277252e-01 3.985284546790471838e-01
1.125000000000000000e+02 7.871233483462987124e-01 2.128766516536764186e-01
1.150000000000000000e+02 8.158617848737240719e-01 1.841382151262507816e-01
1.175000000000000000e+02 6.768234700850512819e-01 3.231765299149244597e-01
1.200000000000000000e+02 4.500285185434471646e-01 5.499714814565281884e-01
1.225000000000000000e+02 2.615172311901909907e-01 7.384827688097886922e-01
1.250000000000000000e+02 2.131179436550086070e-01 7.868820563449695493e-01
1.275000000000000000e+02 3.259805427702471281e-01 6.740194572297346642e-01
1.300000000000000000e+02 5.306338067401454861e-01 4.693661932598336972e-01
1.325000000000000000e+02 7.094483175444427081e-01 2.905516824555378075e-01
1.350000000000000000e+02 7.655086701085498380e-01 2.344913298914313715e-01
1.375000000000000000e+02 6.761627805172374384e-01 3.238372194827429107e-01
1.400000000000000000e+02 5.006600968375037874e-01 4.993399031624761175e-01
1.425000000000000000e+02 3.409119781248224901e-01 6.590880218751555830e-01
1.450000000000000000e+02 2.820219279445770888e-01 7.179780720553992079e-01
1.475000000000000000e+02 3.478128504649299346e-01 6.521871495350455294e-01
1.500000000000000000e+02 4.936659087355088626e-01 5.063340912644659353e-01
1.525000000000000000e+02 6.359414504035597604e-01 3.640585495964165363e-01
1.550000000000000000e+02 6.988352424942149144e-01 3.011647575057589954e-01
1.575000000000000000e+02 6.536467093873679080e-01 3.463532906126060018e-01
1.600000000000000000e+02 5.314873042955006177e-01 4.685126957044727369e-01
1.625000000000000000e+02 4.040114769024215624e-01 5.959885230975522363e-01
1.650000000000000000e+02 3.425613292813157740e-01 6.574386707186593570e-01
1.675000000000000000e+02 3.778214295513929732e-01 6.221785704485857105e-01
1.700000000000000000e+02 4.831313852823415078e-01 5.168686147176355661e-01
1.725000000000000000e+02 5.921025304694779168e-01 4.078974695304995457e-01
1.750000000000000000e+02 6.402777510099438851e-01 3.597222489900325226e-01
1.775000000000000000e+02 6.044131643539462084e-01 3.955868356460284785e-01
1.800000000000000000e+02 5.141116053158537591e-01 4.858883946841212609e-01
1.825000000000000000e+02 4.294155585583626644e-01 5.705844414416114674e-01
1.850000000000000000e+02 4.009705368020448635e-01 5.990294631979292683e-01
1.875000000000000000e+02 4.397678715364892743e-01 5.602321284634841358e-01
1.900000000000000000e+02 5.146949238620449618e-01 4.853050761379253397e-01
1.925000000000000000e+02 5.761163478590503040e-01 4.238836521409201641e-01
1.950000000000000000e+02 5.876781699180936291e-01 4.123218300818773385e-01
1.975000000000000000e+02 5.464806358628564453e-01 4.535193641371139117e-01
2.000000000000000000e+02 4.818579843904616244e-01 5.181420156095077889e-01
2.025000000000000000e+02 4.360768184292751481e-01 5.639231815706940987e-01
2.050000000000000000e+02 4.388389507890972929e-01 5.611610492108736192e-01
2.075000000000000000e+02 4.893354750360959793e-01 5.106645249638741557e-01
2.100000000000000000e+02 5.556620534713681003e-01 4.443379465286028118e-01
2.125000000000000000e+02 5.931568708089117736e-01 4.068431291910575842e-01
2.150000000000000000e+02 5.727391935623191710e-01 4.272608064376507975e-01
2.175000000000000000e+02 5.022872663090816037e-01 4.977127336908877542e-01
2.200000000000000000e+02 4.253429224624649674e-01 5.746570775374996165e-01
2.225000000000000000e+02 3.947334485826279327e-01 6.052665514173364292e-01
2.250000000000000000e+02 4.367368202248266273e-01 5.632631797751388447e-01
2.275000000000000000e+02 5.304042499867445137e-01 4.695957500132217355e-01
2.300000000000000000e+02 6.180320872488805906e-01 3.819679127510852701e-01
2.325000000000000000e+02 6.414787233698624469e-01 3.585212766301032472e-01
2.350000000000000000e+02 5.804828130345135451e-01 4.195171869654527042e-01
2.375000000000000000e+02 4.673502832092583104e-01 5.326497167907073838e-01
2.400000000000000000e+02 3.684952164622115056e-01 6.315047835377508578e-01
2.425000000000000000e+02 3.449213751096404379e-01 6.550786248903227582e-01
2.450000000000000000e+02 4.158502443088167300e-01 5.841497556911454669e-01
2.475000000000000000e+02 5.462514633144037735e-01 4.537485366855585900e-01
2.500000000000000000e+02 6.646201291521172116e-01 3.353798708478448742e-01
2.525000000000000000e+02 7.013751228965944273e-01 2.986248771033671034e-01
2.550000000000000000e+02 6.282320591678087762e-01 3.717679408321525325e-01
2.575000000000000000e+02 4.778137689759693885e-01 5.221862310239916427e-01
2.600000000000000000e+02 3.307966229100967603e-01 6.692033770898652145e-01
2.625000000000000000e+02 2.736330431432966170e-01 7.263669568566633039e-01
2.650000000000000000e+02 3.477042841561220898e-01 6.522957158438387193e-01
2.675000000000000000e+02 5.198747813433143294e-01 4.801252186566458136e-01
2.700000000000000000e+02 6.956603600277062593e-01 3.043396399722507750e-01
2.725000000000000000e+02 7.715084061010262229e-01 2.284915938989310058e-01
2.750000000000000000e+02 6.967676400860485231e-01 3.032323599139093995e-01
2.775000000000000000e+02 5.070410670920605378e-01 4.929589329078970517e-01
2.800000000000000000e+02 3.067706611286479812e-01 6.932293388713086646e-01
2.825000000000000000e+02 2.103202702496827781e-01 7.896797297502735624e-01
2.850000000000000000e+02 2.763511388581291195e-01 7.236488611418288031e-01
2.875000000000000000e+02 4.735909921225235353e-01 5.264090078774332770e-01
2.900000000000000000e+02 6.968193658392384249e-01 3.031806341607181654e-01
2.925000000000000000e+02 8.234293432571253568e-01 1.765706567428293738e-01
2.950000000000000000e+02 7.798317488476961268e-01 2.201682511522597696e-01
2.975000000000000000e+02 5.829387082742031323e-01 4.170612917257512930e-01
3.000000000000000000e+02 3.347118772640643170e-01 6.652881227358895533e-01
3.025000000000000000e+02 1.705750418027410231e-01 8.294249581972114038e-01
3.050000000000000000e+02 1.862185036662132864e-01 8.137814963337415275e-01
3.075000000000000000e+02 3.813802779031862933e-01 6.186197220967658561e-01
3.100000000000000000e+02 6.540695383660428686e-01 3.459304616339095584e-01
3.125000000000000000e+02 8.530709506487954563e-01 1.469290493511566931e-01
3.150000000000000000e+02 8.624936840893075995e-01 1.375063159106454103e-01
3.175000000000000000e+02 6.702711112526356096e-01 3.297288887473177610e-01
3.200000000000000000e+02 3.788344978651561057e-01 6.211655021347959327e-01
3.225000000000000000e+02 1.494257035962049673e-01 8.505742964037488196e-01
3.250000000000000000e+02 1.115136517750989625e-01 8.884863482248553934e-01
3.275000000000000000e+02 2.896861025808118439e-01 7.103138974191467447e-01
3.300000000000000000e+02 5.894311399009105612e-01 4.105688600990476389e-01
3.325000000000000000e+02 8.486953737274627318e-01 1.513046262724957181e-01
3.350000000000000000e+02 9.257092453246744679e-01 7.429075467528534205e-02
3.375000000000000000e+02 7.754956293615420382e-01 2.245043706384173832e-01
3.400000000000000000e+02 4.751382753991919561e-01 5.248617246007661885e-01
3.425000000000000000e+02 1.847271172490111413e-01 8.152728827509474474e-01
3.450000000000000000e+02 6.316471324821176792e-02 9.368352867517450999e-01
3.475000000000000000e+02 1.815951604379993922e-01 8.184048395619605287e-01
3.500000000000000000e+02 4.809859733531699488e-01 5.190140266467888619e-01
3.525000000000000000e+02 7.998982070360340924e-01 2.001017929639243298e-01
3.550000000000000000e+02 9.611318027131392494e-01 3.886819728682048419e-02
3.575000000000000000e+02 8.711099402575560591e-01 1.288900597424031125e-01
3.600000000000000000e+02 5.751653164973258292e-01 4.248346835026334256e-01
3.625000000000000000e+02 2.348108848253137315e-01 7.651891151746459396e-01
3.650000000000000000e+02 3.821524841155410357e-02 9.617847515884060394e-01
3.675000000000000000e+02 9.493681098112753680e-02 9.050631890188334250e-01
3.700000000000000000e+02 3.751253968419477891e-01 6.248746031580105775e-01
3.725000000000000000e+02 7.267257533665729685e-01 2.732742466333843434e-01
3.750000000000000000e+02 9.593180132736731647e-01 4.068198672628458440e-02
3.775000000000000000e+02 9.471978708610608866e-01 5.280212913889854170e-02
3.800000000000000000e+02 6.962635389750514436e-01 3.037364610249073671e-01
3.825000000000000000e+02 3.405833630729611650e-01 6.594166369269941486e-01
3.850000000000000000e+02 7.142993463694681522e-02 9.285700653630076795e-01
3.875000000000000000e+02 3.549404574099081222e-02 9.645059542589691226e-01
3.900000000000000000e+02 2.550031130635406762e-01 7.449968869364166357e-01
3.925000000000000000e+02 6.129715729443109273e-01 3.870284270556454409e-01
3.950000000000000000e+02 9.142353824872427870e-01 8.576461751271462208e-02
3.975000000000000000e+02 9.917860967745724121e-01 8.213903225384323881e-03
4.000000000000000000e+02 8.004686360842979687e-01 1.995313639156562346e-01
4.025000000000000000e+02 4.441587338654472972e-01 5.558412661345069061e-01
4.050000000000000000e+02 1.189393574361013034e-01 8.810606425638544126e-01
4.075000000000000000e+02 3.675523675040775866e-03 9.963244763249156088e-01
4.100000000000000000e+02 1.606249691005777191e-01 8.393750308993785936e-01
4.125000000000000000e+02 5.023919053843792781e-01 4.976080946155747586e-01
4.150000000000000000e+02 8.421872864462874864e-01 1.578127135536672443e-01
4.175000000000000000e+02 9.970088443476703421e-01 2.991155652283409693e-03
4.200000000000000000e+02 8.858670652876465823e-01 1.141329347123056226e-01
4.225000000000000000e+02 5.710478711781603600e-01 4.289521288217928441e-01
4.250000000000000000e+02 2.229315031691254112e-01 7.770684968308285701e-01
4.275000000000000000e+02 2.866598339899835424e-02 9.713340166009521992e-01
4.300000000000000000e+02 9.254436056711881631e-02 9.074556394328279207e-01
4.325000000000000000e+02 3.798074686317001736e-01 6.201925313682430385e-01
4.350000000000000000e+02 7.342366887298561462e-01 2.657633112700876765e-01
4.375000000000000000e+02 9.620277362366507212e-01 3.797226376329258107e-02
4.400000000000000000e+02 9.380234603651865788e-01 6.197653963475786842e-02
4.425000000000000000e+02 6.757261071409526032e-01 3.242738928589934400e-01
4.450000000000000000e+02 3.204565191893285481e-01 6.795434808106158853e-01
4.475000000000000000e+02 6.810139034845802408e-02 9.318986096514847439e-01
4.500000000000000000e+02 5.555041369088915826e-02 9.444495863090498489e-01
4.525000000000000000e+02 2.857205455007138517e-01 7.142794544992281391e-01
4.550000000000000000e+02 6.289982938756970565e-01 3.710017061242427694e-01
4.575000000000000000e+02 8.977594673039130946e-01 1.022405326960282163e-01
4.600000000000000000e+02 9.496950392914781380e-01 5.030496070846451201e-02
4.625000000000000000e+02 7.625067307948962814e-01 2.374932692050438776e-01
4.650000000000000000e+02 4.418202616945591243e-01 5.581797383053783701e-01
4.675000000000000000e+02 1.616652987373401740e-01 8.383347012626012340e-01
4.700000000000000000e+02 7.110782633060939995e-02 9.288921736693322995e-01
4.725000000000000000e+02 2.158195103324381525e-01 7.841804896675029779e-01
4.750000000000000000e+02 5.147159995114912734e-01 4.852840004884476643e-01
4.775000000000000000e+02 8.039912753710132254e-01 1.960087246289262120e-01
4.800000000000000000e+02 9.260645956503787968e-01 7.393540434955934992e-02
4.825000000000000000e+02 8.159919335718224254e-01 1.840080664281154577e-01
4.850000000000000000e+02 5.372804512817723754e-01 4.627195487181638978e-01
4.875000000000000000e+02 2.458197903441827203e-01 7.541802096557514989e-01
4.900000000000000000e+02 1.017060277043056182e-01 8.982939722956273521e-01
4.925000000000000000e+02 1.798014181926943234e-01 8.201985818072405898e-01
4.950000000000000000e+02 4.305627936798816502e-01 5.694372063200556777e-01
4.975000000000000000e+02 7.119845968360265509e-01 2.880154031639104995e-01
5.000000000000000000e+02 8.713766977530486013e-01 1.286233022468887266e-01
5.025000000000000000e+02 8.285982372926147255e-01 1.714017627073239347e-01
5.050000000000000000e+02 6.152223588029606116e-01 3.847776411969766608e-01
5.075000000000000000e+02 3.519794191953571350e-01 6.480205808045795823e-01
5.100000000000000000e+02 1.808673842966724843e-01 8.191326157032582378e-01
5.125000000000000000e+02 1.897735334462316570e-01 8.102264665536984545e-01
5.150000000000000000e+02 3.681654875509290381e-01 6.318345124490033493e-01
5.175000000000000000e+02 6.152179480766418740e-01 3.847820519232910685e-01
5.200000000000000000e+02 7.953860726433896744e-01 2.046139273565415473e-01
5.225000000000000000e+02 8.122412354409276336e-01 1.877587645590028387e-01
5.250000000000000000e+02 6.609071795324419352e-01 3.390928204674862334e-01
5.275000000000000000e+02 4.296143481228095751e-01 5.703856518771208695e-01
5.300000000000000000e+02 2.486355231303173929e-01 7.513644768696128295e-01
5.325000000000000000e+02 2.157474449087303514e-01 7.842525550911974008e-01
5.350000000000000000e+02 3.420621844809196843e-01 6.579378155190076516e-01
5.375000000000000000e+02 5.496573934978531417e-01 4.503426065020731950e-01
5.400000000000000000e+02 7.202726843528324263e-01 2.797273156470932998e-01
5.425000000000000000e+02 7.637709098929594820e-01 2.362290901069661331e-01
5.450000000000000000e+02 6.656693692200930101e-01 3.343306307798313282e-01
5.475000000000000000e+02 4.889523492594065601e-01 5.110476507405167235e-01
5.500000000000000000e+02 3.338847933406252633e-01 6.661152066592950227e-01
5.525000000000000000e+02 2.818512231740215590e-01 7.181487768258960624e-01
5.550000000000000000e+02 3.539870414777772645e-01 6.460129585221384696e-01
5.575000000000000000e+02 5.040409349024016494e-01 4.959590650975151949e-01
5.600000000000000000e+02 6.464483365190092368e-01 3.535516634809057201e-01
5.625000000000000000e+02 7.037696551087316843e-01 2.962303448911813852e-01
5.650000000000000000e+02 6.485866224104774869e-01 3.514133775894351386e-01
5.675000000000000000e+02 5.174308170356428649e-01 4.825691829642696495e-01
5.700000000000000000e+02 3.884998696750671110e-01 6.115001303248449593e-01
5.725000000000000000e+02 3.352427603217309482e-01 6.647572396781793458e-01
5.750000000000000000e+02 3.832459106951258132e-01 6.167540893047849249e-01
5.775000000000000000e+02 4.970511157644881828e-01 5.029488842354229439e-01
5.800000000000000000e+02 6.048436841155967469e-01 3.951563158843125478e-01
5.825000000000000000e+02 6.442321553414562807e-01 3.557678446584524590e-01
5.850000000000000000e+02 5.990952703987257877e-01 4.009047296011836181e-01
5.875000000000000000e+02 5.049712123766232352e-01 4.950287876232874473e-01
5.900000000000000000e+02 4.225377049029708232e-01 5.774622950969380275e-01
5.925000000000000000e+02 3.989978868901235542e-01 6.010021131097875724e-01
5.950000000000000000e+02 4.420434281890739392e-01 5.579565718108356887e-01
5.975000000000000000e+02 5.197406549734689962e-01 4.802593450264404096e-01
6.000000000000000000e+02 5.827347300900878047e-01 4.172652699098228224e-01
6.025000000000000000e+02 5.938743085610731498e-01 4.061256914388365891e-01
6.050000000000000000e+02 5.488710127843645648e-01 4.511289872155451741e-01
6.075000000000000000e+02 4.777707360836911388e-01 5.222292639162191552e-01
6.100000000000000000e+02 4.268116027011098490e-01 5.731883972988016662e-01
6.125000000000000000e+02 4.301396404508596727e-01 5.698603595490501217e-01
6.150000000000000000e+02 4.873294682107693898e-01 5.126705317891391278e-01
6.175000000000000000e+02 5.614920147110833426e-01 4.385079852888251195e-01
6.200000000000000000e+02 6.016721559920693574e-01 3.983278440078395488e-01
6.225000000000000000e+02 5.769269551642920435e-01 4.230730448356159190e-01
6.250000000000000000e+02 4.993322012563264911e-01 5.006677987435811383e-01
6.275000000000000000e+02 4.185933946639182057e-01 5.814066053359905339e-01
6.300000000000000000e+02 3.900202669072644346e-01 6.099797330926421957e-01
6.325000000000000000e+02 4.369905796326310488e-01 5.630094203672741937e-01
6.350000000000000000e+02 5.338222494563941156e-01 4.661777505435123481e-01
6.375000000000000000e+02 6.209994162112162375e-01 3.790005837886901152e-01
6.400000000000000000e+02 6.424731570926156543e-01 3.575268429072900322e-01
6.425000000000000000e+02 5.807432319326885084e-01 4.192567680672166786e-01
6.450000000000000000e+02 4.683174267444530359e-01 5.316825732554519846e-01
6.475000000000000000e+02 3.696729664732724130e-01 6.303270335266328850e-01
6.500000000000000000e+02 3.447944387868672744e-01 6.552055612130378570e-01
6.525000000000000000e+02 4.144493283101760017e-01 5.855506716897292963e-01
6.550000000000000000e+02 5.457554492870313467e-01 4.542445507128749504e-01
6.575000000000000000e+02 6.667216662417603246e-01 3.332783337581453065e-01
6.600000000000000000e+02 7.044160004509680828e-01 2.955839995489363825e-01
6.625000000000000000e+02 6.280201087754866407e-01 3.719798912244170475e-01
6.650000000000000000e+02 4.719902404113978100e-01 5.280097595885067108e-01
6.675000000000000000e+02 3.222145239621431734e-01 6.777854760377604038e-01
6.700000000000000000e+02 2.687000956842769961e-01 7.312999043156221957e-01
6.725000000000000000e+02 3.507213948455660257e-01 6.492786051543334436e-01
6.750000000000000000e+02 5.287485262308693201e-01 4.712514737690280953e-01
6.775000000000000000e+02 7.033834764262362205e-01 2.966165235736604733e-01
6.800000000000000000e+02 7.722016784553373814e-01 2.277983215445551768e-01
6.825000000000000000e+02 6.905354619229427948e-01 3.094645380769485143e-01
6.850000000000000000e+02 4.992826112320763454e-01 5.007173887678146862e-01
6.875000000000000000e+02 3.032573098488556829e-01 6.967426901510345161e-01
6.900000000000000000e+02 2.130484161008732169e-01 7.869515838990159828e-01
6.925000000000000000e+02 2.834370535208255992e-01 7.165629464790621572e-01
6.950000000000000000e+02 4.818988673396134570e-01 5.181011326602739109e-01
6.975000000000000000e+02 7.037544388941257001e-01 2.962455611057621674e-01
7.000000000000000000e+02 8.265425829164712024e-01 1.734574170834162488e-01
7.025000000000000000e+02 7.764409539121700510e-01 2.235590460877177887e-01
7.050000000000000000e+02 5.720697014865174790e-01 4.279302985133701109e-01
7.075000000000000000e+02 3.199723581239847792e-01 6.800276418759025887e-01
7.100000000000000000e+02 1.599505223384017905e-01 8.400494776614824133e-01
7.125000000000000000e+02 1.870723920599016987e-01 8.129276079399857524e-01
7.150000000000000000e+02 3.941179731199674907e-01 6.058820268799181008e-01
7.175000000000000000e+02 6.704208843359095171e-01 3.295791156639756303e-01
7.200000000000000000e+02 8.615675870126109359e-01 1.384324129872729348e-01
7.225000000000000000e+02 8.571201716474183829e-01 1.428798283524665147e-01
7.250000000000000000e+02 6.549667538803101152e-01 3.450332461195717015e-01
7.275000000000000000e+02 3.641906495096585150e-01 6.358093504902236903e-01
7.300000000000000000e+02 1.448713832041141902e-01 8.551286167957681261e-01
7.325000000000000000e+02 1.195585648810625068e-01 8.804414351188213361e-01
7.350000000000000000e+02 3.058591394005812925e-01 6.941408605993011349e-01
7.375000000000000000e+02 6.061792616862673455e-01 3.938207383136164697e-01
7.400000000000000000e+02 8.591382542055674421e-01 1.408617457943158180e-01
7.425000000000000000e+02 9.253682371793032768e-01 7.463176282057909505e-02
7.450000000000000000e+02 7.633149570654914617e-01 2.366850429343894668e-01
7.475000000000000000e+02 4.549822981797256305e-01 5.450177018201567414e-01
7.500000000000000000e+02 1.656461338613570977e-01 8.343538661385281330e-01
7.525000000000000000e+02 5.575407488434007408e-02 9.442459251155452815e-01
7.550000000000000000e+02 1.910983131693650416e-01 8.089016868305235475e-01
7.575000000000000000e+02 5.021783003121398359e-01 4.978216996877477540e-01
7.600000000000000000e+02 8.190656157906625046e-01 1.809343842092228372e-01
7.625000000000000000e+02 9.651354485846987963e-01 3.486455141518562950e-02
7.650000000000000000e+02 8.569433091725506824e-01 1.430566908273333548e-01
7.675000000000000000e+02 5.522109824170299275e-01 4.477890175828557751e-01
7.700000000000000000e+02 2.180133177069201733e-01 7.819866822929629757e-01
7.725000000000000000e+02 3.791104316770946281e-02 9.620889568321744356e-01
7.750000000000000000e+02 1.110654765509258568e-01 8.889345234489545167e-01
7.775000000000000000e+02 3.989154404805360654e-01 6.010845595193441415e-01
7.800000000000000000e+02 7.468138698962192290e-01 2.531861301036612000e-01
7.825000000000000000e+02 9.672063790853616672e-01 3.279362091451991368e-02
7.850000000000000000e+02 9.397446933848555561e-01 6.025530661502893903e-02
7.875000000000000000e+02 6.762640993443121973e-01 3.237359006555714513e-01
7.900000000000000000e+02 3.164626702329310648e-01 6.835373297669559145e-01
7.925000000000000000e+02 5.487245605256325931e-02 9.451275439473227902e-01
7.950000000000000000e+02 3.585323657876440112e-02 9.641467634211217108e-01
7.975000000000000000e+02 2.727493138317181876e-01 7.272506861681669044e-01
8.000000000000000000e+02 6.374539464866030292e-01 3.625460535132854489e-01
8.025000000000000000e+02 9.293391681379203906e-01 7.066083186196929489e-02
8.050000000000000000e+02 9.867995366316966166e-01 1.320046336819167762e-02
8.075000000000000000e+02 7.780702233824801084e-01 2.219297766174074260e-01
8.100000000000000000e+02 4.188315861595407474e-01 5.811684138403456767e-01
8.125000000000000000e+02 1.068708272893408584e-01 8.931291727105470368e-01
8.150000000000000000e+02 1.209482710095318055e-02 9.879051728989381997e-01
8.175000000000000000e+02 1.842817762446962715e-01 8.157182237551967585e-01
8.200000000000000000e+02 5.284165941393481614e-01 4.715834058605444246e-01
8.225000000000000000e+02 8.582770459205391056e-01 1.417229540793507325e-01
8.250000000000000000e+02 9.970242446912883638e-01 2.975755308602290490e-03
8.275000000000000000e+02 8.709517462047114966e-01 1.290482537951778141e-01
8.300000000000000000e+02 5.481472630560750847e-01 4.518527369438126717e-01
8.325000000000000000e+02 2.024269428747610122e-01 7.975730571251309353e-01
8.350000000000000000e+02 2.071153652648563548e-02 9.792884634734033700e-01
8.375000000000000000e+02 1.018402685183910222e-01 8.981597314814984134e-01
8.400000000000000000e+02 4.014048142142909725e-01 5.985951857855985603e-01
8.425000000000000000e+02 7.546586963972166107e-01 2.453413036026705907e-01
8.450000000000000000e+02 9.671454049960105381e-01 3.285459500387565707e-02
8.475000000000000000e+02 9.231053291051982690e-01 7.689467089468846051e-02
8.500000000000000000e+02 6.496892489866008535e-01 3.503107510132861258e-01
8.525000000000000000e+02 3.001173166104518786e-01 6.998826833894328248e-01
8.550000000000000000e+02 6.651030466803485586e-02 9.334896953318512214e-01
8.575000000000000000e+02 7.345556189250443402e-02 9.265444381073864033e-01
8.600000000000000000e+02 3.122312294696050206e-01 6.877687705302849563e-01
8.625000000000000000e+02 6.497707177768277109e-01 3.502292822230627101e-01
8.650000000000000000e+02 9.036815469390173661e-01 9.631845306087442882e-02
8.675000000000000000e+02 9.403170980465452855e-01 5.968290195334651632e-02
8.700000000000000000e+02 7.440126222459544358e-01 2.559873777539355411e-01
8.725000000000000000e+02 4.231168744922409464e-01 5.768831255076483089e-01
8.750000000000000000e+02 1.511523912786855162e-01 8.488476087211993537e-01
8.775000000000000000e+02 7.387433723594681589e-02 9.261256627639381511e-01
8.800000000000000000e+02 2.307746706698767247e-01 7.692253293300097550e-01
8.825000000000000000e+02 5.334659928180318644e-01 4.665340071818532275e-01
8.850000000000000000e+02 8.142562585108514828e-01 1.857437414890354410e-01
8.875000000000000000e+02 9.194240285604966534e-01 8.057597143939068673e-02
8.900000000000000000e+02 7.948331913259177872e-01 2.051668086739671382e-01
8.925000000000000000e+02 5.145572780419254144e-01 4.854427219579580677e-01
8.950000000000000000e+02 2.364687367696696463e-01 7.635312632302130309e-01
8.975000000000000000e+02 1.120068721825460412e-01 8.879931278173349707e-01
9.000000000000000000e+02 2.031598872914979759e-01 7.968401127083846180e-01
9.025000000000000000e+02 4.528025380073633088e-01 5.471974619925190630e-01
9.050000000000000000e+02 7.213682460987642653e-01 2.786317539011174960e-01
9.075000000000000000e+02 8.653712960477856209e-01 1.346287039520965290e-01
9.100000000000000000e+02 8.132589500328628596e-01 1.867410499670172364e-01
9.125000000000000000e+02 5.996797267843099188e-01 4.003202732155703991e-01
9.150000000000000000e+02 3.433628124953567728e-01 6.566371875045240447e-01
9.175000000000000000e+02 1.823000420772441510e-01 8.176999579226361670e-01
9.200000000000000000e+02 2.002356822491053456e-01 7.997643177507740564e-01
9.225000000000000000e+02 3.825754565474128177e-01 6.174245434524671117e-01
9.250000000000000000e+02 6.254177046797863015e-01 3.745822953200947936e-01
9.275000000000000000e+02 7.937823691451543207e-01 2.062176308547254977e-01
9.300000000000000000e+02 7.973319222828010311e-01 2.026680777170790093e-01
9.325000000000000000e+02 6.402729252334901089e-01 3.597270747663905976e-01
9.350000000000000000e+02 4.162234062492901066e-01 5.837765937505914327e-01
9.375000000000000000e+02 2.518466136209575046e-01 7.481533863789227023e-01
9.400000000000000000e+02 2.340009560874194150e-01 7.659990439124590988e-01
9.425000000000000000e+02 3.636735371928210281e-01 6.363264628070581796e-01
9.450000000000000000e+02 5.613602148092698974e-01 4.386397851906084222e-01
9.475000000000000000e+02 7.165225257280285476e-01 2.834774742718519369e-01
9.500000000000000000e+02 7.494791628822210505e-01 2.505208371176572690e-01
9.525000000000000000e+02 6.511321637620040015e-01 3.488678362378747067e-01
9.550000000000000000e+02 4.822839326082304368e-01 5.177160673916492151e-01
9.575000000000000000e+02 3.370792902921940781e-01 6.629207097076873501e-01
9.600000000000000000e+02 2.918437788532930455e-01 7.081562211465883827e-01
9.625000000000000000e+02 3.656238733469527880e-01 6.343761266529280851e-01
9.650000000000000000e+02 5.119978667586131404e-01 4.880021332412673440e-01
9.675000000000000000e+02 6.462696716635651928e-01 3.537303283363150141e-01
9.700000000000000000e+02 6.937846736159714034e-01 3.062153263839086925e-01
9.725000000000000000e+02 6.324088339440094853e-01 3.675911660558706107e-01
9.750000000000000000e+02 5.038737922791582946e-01 4.961262077207204690e-01
9.775000000000000000e+02 3.866607101981581196e-01 6.133392898017200334e-01
9.800000000000000000e+02 3.474400891487610110e-01 6.525599108511177526e-01
9.825000000000000000e+02 4.020313966868004352e-01 5.979686033130781064e-01
9.850000000000000000e+02 5.099261521429468980e-01 4.900738478569311996e-01
9.875000000000000000e+02 6.034986277906918550e-01 3.965013722091885184e-01
9.900000000000000000e+02 6.306968573839056846e-01 3.693031426159743003e-01
9.925000000000000000e+02 5.836518648146623578e-01 4.163481351852185153e-01
9.950000000000000000e+02 4.979427700134171353e-01 5.020572299864639598e-01
9.975000000000000000e+02 4.271937137341654811e-01 5.728062862657152809e-01
1.000000000000000000e+03 4.109137648520586050e-01 5.890862351478192149e-01
1.002500000000000000e+03 4.538236741131297936e-01 5.461763258867494697e-01
1.005000000000000000e+03 5.259454641323255686e-01 4.740545358675530840e-01
1.007500000000000000e+03 5.814911190416456321e-01 4.185088809582346858e-01
1.010000000000000000e+03 5.859898443179359928e-01 4.140101556819421602e-01
1.012500000000000000e+03 5.371889173042241339e-01 4.628110826956542412e-01
1.015000000000000000e+03 4.673546302992233059e-01 5.326453697006562349e-01
1.017500000000000000e+03 4.237451192011916778e-01 5.762548807986868082e-01
1.020000000000000000e+03 4.376283337256023920e-01 5.623716662742777039e-01
1.022500000000000000e+03 5.018291637886116430e-01 4.981708362112672317e-01
1.025000000000000000e+03 5.734658760581774484e-01 4.265341239416995389e-01
1.027500000000000000e+03 6.020425832353498707e-01 3.979574167645260063e-01
1.030000000000000000e+03 5.644863738269226827e-01 4.355136261729504188e-01
1.032500000000000000e+03 4.824501082070560831e-01 5.175498917928144094e-01
1.035000000000000000e+03 4.090847447816234883e-01 5.909152552182469487e-01
1.037500000000000000e+03 3.941412260644957533e-01 6.058587739353725743e-01
1.040000000000000000e+03 4.512212940788468130e-01 5.487787059210209595e-01
1.042500000000000000e+03 5.485192399689875487e-01 4.514807600308790025e-01
1.045000000000000000e+03 6.279071713320575343e-01 3.720928286678084618e-01
1.047500000000000000e+03 6.395536911418304715e-01 3.604463088580340258e-01
1.050000000000000000e+03 5.714858077668977243e-01 4.285141922329659403e-01
1.052500000000000000e+03 4.580150580089142331e-01 5.419849419909495980e-01
1.055000000000000000e+03 3.627286396030260374e-01 6.372713603968376272e-01
1.057500000000000000e+03 3.441850376797189193e-01 6.558149623201416922e-01
1.060000000000000000e+03 4.212980005693363061e-01 5.787019994305266923e-01
1.062500000000000000e+03 5.576993452147980257e-01 4.423006547850639736e-01
1.065000000000000000e+03 6.771214900056170549e-01 3.228785099942437231e-01
1.067500000000000000e+03 7.053347043192456089e-01 2.946652956806145029e-01
1.070000000000000000e+03 6.162625012546738557e-01 3.837374987451862562e-01
1.072500000000000000e+03 4.531921916582665188e-01 5.468078083415915946e-01
1.075000000000000000e+03 3.082417907268428792e-01 6.917582092730159005e-01
1.077500000000000000e+03 2.692145344299712861e-01 7.307854655698859947e-01
1.080000000000000000e+03 3.656354344503163212e-01 6.343645655495446789e-01
1.082500000000000000e+03 5.481841730632555088e-01 4.518158269366040480e-01
1.085000000000000000e+03 7.151892010133262811e-01 2.848107989865341638e-01
1.087500000000000000e+03 7.705113652405785052e-01 2.294886347592835774e-01
1.090000000000000000e+03 6.786278426795383512e-01 3.213721573203237036e-01
1.092500000000000000e+03 4.856665218139464835e-01 5.143334781859156823e-01
1.095000000000000000e+03 2.955000537097179358e-01 7.044999462901434528e-01
1.097500000000000000e+03 2.143379869592987597e-01 7.856620130405661540e-01
1.100000000000000000e+03 2.927923877276846221e-01 7.072076122721805413e-01
1.102500000000000000e+03 4.954569772684658813e-01 5.045430227313980609e-01
1.105000000000000000e+03 7.154119571310735282e-01 2.845880428687920238e-01
1.107500000000000000e+03 8.292854483574678692e-01 1.707145516423968779e-01
1.110000000000000000e+03 7.660348613544937235e-01 2.339651386453716619e-01
1.112500000000000000e+03 5.514294923510538737e-01 4.485705076488094578e-01
1.115000000000000000e+03 2.997131349301511150e-01 7.002868650697116060e-01
1.117500000000000000e+03 1.525484714947374365e-01 8.474515285051238411e-01
1.120000000000000000e+03 1.979031264118672750e-01 8.020968735879916434e-01
1.122500000000000000e+03 4.167024824624179224e-01 5.832975175374391918e-01
1.125000000000000000e+03 6.905347696339760866e-01 3.094652303658817494e-01
1.127500000000000000e+03 8.672793108035727894e-01 1.327206891962851576e-01
1.130000000000000000e+03 8.466973013906361478e-01 1.533026986092232979e-01
1.132500000000000000e+03 6.368218655618944624e-01 3.631781344379644838e-01
1.135000000000000000e+03 3.500417383439616836e-01 6.499582616558976511e-01
1.137500000000000000e+03 1.423067447202314151e-01 8.576932552796283638e-01
1.140000000000000000e+03 1.291160820401240916e-01 8.708839179597382962e-01
1.142500000000000000e+03 3.226542404930411445e-01 6.773457595068240744e-01
1.145000000000000000e+03 6.227798019206262081e-01 3.772201980792418974e-01
1.147500000000000000e+03 8.677259028890289549e-01 1.322740971108382346e-01
1.150000000000000000e+03 9.201561613274017448e-01 7.984383867246497291e-02
1.152500000000000000e+03 7.440762123199173850e-01 2.559237876799499434e-01
1.155000000000000000e+03 4.294862559414447389e-01 5.705137440584235886e-01
1.157500000000000000e+03 1.472712228951956470e-01 8.527287771046729858e-01
1.160000000000000000e+03 5.566644136156757156e-02 9.443335586382958224e-01
1.162500000000000000e+03 2.099693534055865340e-01 7.900306465942770195e-01
1.165000000000000000e+03 5.285450749972768758e-01 4.714549250025870664e-01
1.167500000000000000e+03 8.367194641885811190e-01 1.632805358112812411e-01
1.170000000000000000e+03 9.641802301063002734e-01 3.581976989356307206e-02
1.172500000000000000e+03 8.399504630530529870e-01 1.600495369468095119e-01
1.175000000000000000e+03 5.312602798675295501e-01 4.687397201323327267e-01
1.177500000000000000e+03 2.059360473959515880e-01 7.940639526039087182e-01
1.180000000000000000e+03 4.085109672902172140e-02 9.591489032708386819e-01
1.182500000000000000e+03 1.268058332740405192e-01 8.731941667258229511e-01
1.185000000000000000e+03 4.198261399931337845e-01 5.801738600067284368e-01
1.187500000000000000e+03 7.636261428447753685e-01 2.363738571550869361e-01
1.190000000000000000e+03 9.718504942862498108e-01 2.814950571361047107e-02
1.192500000000000000e+03 9.281893119462356623e-01 7.181068805362295082e-02
1.195000000000000000e+03 6.516003785416160099e-01 3.483996214582414375e-01
1.197500000000000000e+03 2.896562902768347048e-01 7.103437097230237418e-01
1.200000000000000000e+03 4.022187737480885372e-02 9.597781226250479136e-01
1.202500000000000000e+03 4.221015365637279665e-02 9.577898463434869614e-01
1.205000000000000000e+03 2.965872396694775870e-01 7.034127603303824694e-01
1.207500000000000000e+03 6.641251960652284625e-01 3.358748039346330927e-01
1.210000000000000000e+03 9.426644046634375940e-01 5.733559533642000605e-02
1.212500000000000000e+03 9.799059229463902287e-01 2.009407705346751005e-02
1.215000000000000000e+03 7.572392820462607865e-01 2.427607179535970494e-01
1.217500000000000000e+03 3.980960024025095856e-01 6.019039975973501377e-01
1.220000000000000000e+03 9.843041680861465414e-02 9.015695831912460267e-01
1.222500000000000000e+03 1.983949262161274762e-02 9.801605073782454491e-01
1.225000000000000000e+03 2.036649977021151303e-01 7.963350022977427889e-01
1.227500000000000000e+03 5.503504782537708140e-01 4.496495217460910743e-01
1.230000000000000000e+03 8.731335970915947708e-01 1.268664029082653411e-01
1.232500000000000000e+03 9.975306788835881511e-01 2.469321116271326784e-03
1.235000000000000000e+03 8.550301858872624283e-01 1.449698141125983497e-01
1.237500000000000000e+03 5.214066068917475594e-01 4.785933931081155501e-01
1.240000000000000000e+03 1.774816930079924360e-01 8.225183069918704515e-01
1.242500000000000000e+03 1.118397671976822938e-02 9.888160232800924376e-01
1.245000000000000000e+03 1.135164288723034820e-01 8.864835711275567132e-01
1.247500000000000000e+03 4.271884528020440941e-01 5.728115471978125761e-01
1.250000000000000000e+03 7.784331739759515756e-01 2.215668260239083143e-01
1.252500000000000000e+03 9.745471033266323024e-01 2.545289667322609556e-02
1.255000000000000000e+03 9.110725639198811177e-01 8.892743607997591337e-02
1.257500000000000000e+03 6.275960743774344763e-01 3.724039256224233041e-01
1.260000000000000000e+03 2.823912078849037943e-01 7.176087921149540971e-01
1.262500000000000000e+03 6.316674642908633175e-02 9.368332535707695197e-01
1.265000000000000000e+03 8.538095266792844473e-02 9.146190473319267822e-01
1.267500000000000000e+03 3.328586018998036522e-01 6.671413981000494653e-01
1.270000000000000000e+03 6.696690803960558824e-01 3.303309196037932383e-01
1.272500000000000000e+03 9.142855417047031086e-01 8.571445829514638681e-02
1.275000000000000000e+03 9.363178360827093538e-01 6.368216391713972524e-02
1.277500000000000000e+03 7.256612739799231937e-01 2.743387260199241506e-01
1.280000000000000000e+03 3.978036209741976914e-01 6.021963790256485982e-01
1.282500000000000000e+03 1.314782038010501031e-01 8.685217961987952151e-01
1.285000000000000000e+03 7.099461107560264828e-02 9.290053889242424479e-01
1.287500000000000000e+03 2.465473590791776859e-01 7.534526409206694364e-01
1.290000000000000000e+03 5.579053056725358228e-01 4.420946943273068586e-01
1.292500000000000000e+03 8.316580610132109364e-01 1.683419389866329385e-01
1.295000000000000000e+03 9.191927021827401845e-01 8.080729781710377368e-02
1.297500000000000000e+03 7.785786241053709311e-01 2.214213758944737487e-01
1.300000000000000000e+03 4.940727184347906142e-01 5.059272815650559529e-01
1.302500000000000000e+03 2.248583729408248078e-01 7.751416270590185675e-01
1.305000000000000000e+03 1.153567281258477406e-01 8.846432718739936085e-01
1.307500000000000000e+03 2.184801293106000131e-01 7.815198706892383385e-01
1.310000000000000000e+03 4.718563102478205984e-01 5.281436897520168650e-01
1.312500000000000000e+03 7.357305180223131513e-01 2.642694819775223136e-01
1.315000000000000000e+03 8.692826137403947273e-01 1.307173862594407932e-01
1.317500000000000000e+03 8.047258939223701502e-01 1.952741060774683679e-01
1.320000000000000000e+03 5.815149714171103934e-01 4.184850285827269589e-01
1.322500000000000000e+03 3.235581082809631526e-01 6.764418917188731450e-01
1.325000000000000000e+03 1.713194703840635325e-01 8.286805296157714329e-01
1.327500000000000000e+03 2.048506974443505546e-01 7.951493025554841054e-01
1.330000000000000000e+03 4.002059848602783076e-01 5.997940151395563246e-01
1.332500000000000000e+03 6.444996438507186731e-01 3.555003561491185682e-01
1.335000000000000000e+03 8.014018740288526566e-01 1.985981259709838354e-01
1.337500000000000000e+03 7.886376937845479551e-01 2.113623062152887588e-01
1.340000000000000000e+03 6.219215369786539327e-01 3.780784630211815323e-01
1.342500000000000000e+03 4.010414036434659657e-01 5.989585963563694992e-01
1.345000000000000000e+03 2.493798475007653614e-01 7.506201524990722129e-01
1.347500000000000000e+03 2.446512022366939820e-01 7.553487977631461181e-01
1.350000000000000000e+03 3.802259431183636629e-01 6.197740568814762430e-01
1.352500000000000000e+03 5.750493059768748694e-01 4.249506940229609842e-01
1.355000000000000000e+03 7.219118218794763342e-01 2.780881781203602965e-01
1.357500000000000000e+03 7.454525790910552230e-01 2.545474209087816853e-01
1.360000000000000000e+03 6.397832048514648928e-01 3.602167951483705721e-01
1.362500000000000000e+03 4.682114732654138467e-01 5.317885267344208966e-01
1.365000000000000000e+03 3.268255698566702172e-01 6.731744301431645816e-01
1.367500000000000000e+03 2.914544947278179254e-01 7.085455052720192048e-01
1.370000000000000000e+03 3.763244500878110133e-01 6.236755499120235635e-01
1.372500000000000000e+03 5.275524678142408108e-01 4.724475321855952092e-01
1.375000000000000000e+03 6.559077066023535352e-01 3.440922933974820963e-01
1.377500000000000000e+03 6.899067031108969683e-01 3.100932968889401620e-01
1.380000000000000000e+03 6.169719085869256325e-01 3.830280914129101100e-01
1.382500000000000000e+03 4.874934467216548994e-01 5.125065532781805100e-01
1.385000000000000000e+03 3.806577128436956503e-01 6.193422871561402587e-01
1.387500000000000000e+03 3.554149376701337681e-01 6.445850623297018078e-01
1.390000000000000000e+03 4.179043706305237693e-01 5.820956293693153594e-01
1.392500000000000000e+03 5.234425981776053005e-01 4.765574018222338282e-01
1.395000000000000000e+03 6.077576606632180134e-01 3.922423393366208377e-01
1.397500000000000000e+03 6.254936892866889142e-01 3.745063107131504365e-01
1.400000000000000000e+03 5.734311076440093968e-01 4.265688923558292323e-01
1.402500000000000000e+03 4.880027608665434280e-01 5.119972391332954231e-01
1.405000000000000000e+03 4.216500024775395317e-01 5.783499975222979872e-01
1.407500000000000000e+03 4.123539231816606421e-01 5.876460768181749339e-01
1.410000000000000000e+03 4.625295949759373193e-01 5.374704050238946484e-01
1.412500000000000000e+03 5.383092470631627435e-01 4.616907529366665042e-01
1.415000000000000000e+03 5.901599337924767763e-01 4.098400662073513612e-01
1.417500000000000000e+03 5.839386798809941270e-01 4.160613201188342325e-01
1.420000000000000000e+03 5.236610421194470844e-01 4.763389578803812752e-01
1.422500000000000000e+03 4.501484354922413167e-01 5.498515645075874314e-01
1.425000000000000000e+03 4.144639562036160907e-01 5.855360437962109366e-01
1.427500000000000000e+03 4.429286079938533627e-01 5.570713920059719992e-01
1.430000000000000000e+03 5.179962827744323262e-01 4.820037172253922586e-01
1.432500000000000000e+03 5.892030415697799839e-01 4.107969584300454335e-01
1.435000000000000000e+03 6.071533543841555192e-01 3.928466456156696762e-01
1.437500000000000000e+03 5.570034872635889478e-01 4.429965127362351929e-01
1.440000000000000000e+03 4.687035737753107445e-01 5.312964262245106761e-01
1.442500000000000000e+03 3.979543287657989481e-01 6.020456712340228611e-01
1.445000000000000000e+03 3.912255348807714417e-01 6.087744651190500900e-01
1.447500000000000000e+03 4.570214312685140223e-01 5.429785687313087861e-01
1.450000000000000000e+03 5.599914857152799019e-01 4.400085142845430730e-01
1.452500000000000000e+03 6.403292279418224542e-01 3.596707720580017420e-01
1.455000000000000000e+03 6.474063988583500517e-01 3.525936011414720905e-01
1.457500000000000000e+03 5.698660717788199825e-01 4.301339282210000503e-01
1.460000000000000000e+03 4.458036965331493295e-01 5.541963034666697041e-01
1.462500000000000000e+03 3.453537905073092440e-01 6.546462094925084019e-01
1.465000000000000000e+03 3.320134697371853738e-01 6.679865302626308843e-01
1.467500000000000000e+03 4.228961764552421898e-01 5.771038235445754561e-01
1.470000000000000000e+03 5.727320004366435180e-01 4.272679995631724070e-01
1.472500000000000000e+03 6.954054777789893116e-01 3.045945222208274461e-01
1.475000000000000000e+03 7.138970923849774497e-01 2.861029076148394745e-01
1.477500000000000000e+03 6.090615240487355919e-01 3.909384759510846075e-01
1.480000000000000000e+03 4.354248155436968859e-01 5.645751844561242017e-01
1.482500000000000000e+03 2.919107658406787653e-01 7.080892341591413786e-01
1.485000000000000000e+03 2.642638796808021162e-01 7.357361203190192489e-01
1.487500000000000000e+03 3.740080325035117226e-01 6.259919674963092540e-01
1.490000000000000000e+03 5.643796851449855989e-01 4.356203148548352111e-01
1.492500000000000000e+03 7.309874020652143978e-01 2.690125979346064122e-01
1.495000000000000000e+03 7.792586873697089356e-01 2.207413126301140394e-01
1.497500000000000000e+03 6.769758746003985417e-01 3.230241253994249329e-01
1.500000000000000000e+03 4.740372799479681265e-01 5.259627200518530721e-01
1.502500000000000000e+03 2.786691821031019312e-01 7.213308178967173800e-01
1.505000000000000000e+03 2.008727284760185583e-01 7.991272715238040281e-01
1.507500000000000000e+03 2.911812030476990665e-01 7.088187969521264620e-01
1.510000000000000000e+03 5.079755510700383336e-01 4.920244489297883050e-01
1.512500000000000000e+03 7.346776111062010006e-01 2.653223888936268038e-01
1.515000000000000000e+03 8.418957635903823178e-01 1.581042364094448760e-01
1.517500000000000000e+03 7.619576993632777295e-01 2.380423006365492145e-01
1.520000000000000000e+03 5.319770397769152392e-01 4.680229602229100672e-01
1.522500000000000000e+03 2.771551465644935819e-01 7.228448534353343335e-01
1.525000000000000000e+03 1.413331666432171008e-01 8.586668333566099820e-01
1.527500000000000000e+03 2.046396736248453641e-01 7.953603263749838836e-01
1.530000000000000000e+03 4.366202929451086234e-01 5.633797070547210684e-01
1.532500000000000000e+03 7.120496231333289794e-01 2.879503768664971042e-01
1.535000000000000000e+03 8.798343595588486998e-01 1.201656404409772727e-01
1.537500000000000000e+03 8.458680388247152848e-01 1.541319611751116592e-01
1.540000000000000000e+03 6.246562987225522390e-01 3.753437012772717907e-01
1.542500000000000000e+03 3.328285912245318445e-01 6.671714087752916855e-01
1.545000000000000000e+03 1.282317808703545003e-01 8.717682191294650051e-01
1.547500000000000000e+03 1.256886043579134027e-01 8.743113956419054089e-01
1.550000000000000000e+03 3.329388465195874947e-01 6.670611534802342035e-01
1.552500000000000000e+03 6.419832877819281469e-01 3.580167122178937733e-01
1.555000000000000000e+03 8.839607805842993882e-01 1.160392194155228235e-01
1.557500000000000000e+03 9.211978009501901044e-01 7.880219904963094157e-02
1.560000000000000000e+03 7.264205133724396246e-01 2.735794866273824621e-01
1.562500000000000000e+03 4.023784964264570108e-01 5.976215035733656311e-01
1.565000000000000000e+03 1.273039430921924231e-01 8.726960569076298579e-01
1.567500000000000000e+03 5.538103018860378313e-02 9.446189698112201771e-01
1.570000000000000000e+03 2.293080652994527457e-01 7.706919347003713394e-01
1.572500000000000000e+03 5.556027746392391276e-01 4.443972253605844580e-01
1.575000000000000000e+03 8.564264369038494529e-01 1.435735630959714404e-01
1.577500000000000000e+03 9.676643063336255457e-01 3.233569366619548635e-02
1.580000000000000000e+03 8.281781798904168657e-01 1.718218201094033615e-01
1.582500000000000000e+03 5.122868327565075486e-01 4.877131672433105969e-01
1.585000000000000000e+03 1.897122705378874175e-01 8.102877294619317272e-01
1.587500000000000000e+03 3.518694199574416703e-02 9.648130580040757964e-01
1.590000000000000000e+03 1.348806919452184561e-01 8.651193080545971359e-01
1.592500000000000000e+03 4.384045537692275452e-01 5.615954462305873252e-01
1.595000000000000000e+03 7.829648308926711042e-01 2.170351691071431555e-01
1.597500000000000000e+03 9.795235524618576273e-01 2.047644753795687528e-02
1.600000000000000000e+03 9.166211956611185485e-01 8.337880433869483687e-02
1.602500000000000000e+03 6.246293399519990963e-01 3.753706600478112776e-01
1.605000000000000000e+03 2.620331541012033139e-01 7.379668458986058388e-01
1.607500000000000000e+03 2.863784899929240624e-02 9.713621510005220339e-01
1.610000000000000000e+03 5.386650977872921991e-02 9.461334902210868369e-01
1.612500000000000000e+03 3.241934267183736451e-01 6.758065732814422244e-01
1.615000000000000000e+03 6.912209194548908364e-01 3.087790805449258102e-01
1.617500000000000000e+03 9.548004568248367185e-01 4.519954317497972690e-02
1.620000000000000000e+03 9.730871158601991366e-01 2.691288413961625756e-02
1.622500000000000000e+03 7.383236364335634683e-01 2.616763635662520127e-01
1.625000000000000000e+03 3.787964719030836869e-01 6.212035280967327378e-01
1.627500000000000000e+03 8.857339345114081941e-02 9.114266065486757995e-01
1.630000000000000000e+03 2.375472319135492685e-02 9.762452768084606269e-01
1.632500000000000000e+03 2.194892214236199846e-01 7.805107785761931094e-01
1.635000000000000000e+03 5.706617706817481706e-01 4.293382293180700859e-01
1.637500000000000000e+03 8.870670123741510871e-01 1.129329876256666698e-01
1.640000000000000000e+03 9.955195266078362692e-01 4.480473391980360071e-03
1.642500000000000000e+03 8.350838712616419635e-01 1.649161287381762930e-01
1.645000000000000000e+03 4.924838014540872666e-01 5.075161985457288250e-01
1.647500000000000000e+03 1.556455043577183728e-01 8.443544956420964143e-01
1.650000000000000000e+03 9.529476333724196113e-03 9.904705236660895640e-01
1.652500000000000000e+03 1.329643190140857023e-01 8.670356809857300284e-01
1.655000000000000000e+03 4.556279273668898400e-01 5.443720726329268622e-01
1.657500000000000000e+03 7.991558061231655019e-01 2.008441938766530321e-01
1.660000000000000000e+03 9.773358367813889114e-01 2.266416321842671527e-02
1.662500000000000000e+03 8.976276809310493876e-01 1.023723190687657325e-01
1.665000000000000000e+03 6.083300132098041768e-01 3.916699867900110266e-01
1.667500000000000000e+03 2.686570550837695248e-01 7.313429449160465667e-01
1.670000000000000000e+03 6.129287018063928061e-02 9.387071298191782542e-01
1.672500000000000000e+03 9.531875133764983188e-02 9.046812486621624849e-01
1.675000000000000000e+03 3.497055734563119800e-01 6.502944265435006699e-01
1.677500000000000000e+03 6.856075027811432410e-01 3.143924972186699085e-01
1.680000000000000000e+03 9.208465072663926110e-01 7.915349273341899805e-02
1.682500000000000000e+03 9.280844711307512096e-01 7.191552886905902553e-02
1.685000000000000000e+03 7.044891172051909178e-01 2.955108827946182348e-01
1.687500000000000000e+03 3.738686352628910470e-01 6.261313647369185498e-01
1.690000000000000000e+03 1.182549427213272497e-01 8.817450572784795160e-01
1.692500000000000000e+03 7.636624282691936716e-02 9.236337571728876483e-01
1.695000000000000000e+03 2.668338569723896492e-01 7.331661430274201141e-01
1.697500000000000000e+03 5.801935009878591565e-01 4.198064990119484419e-01
1.700000000000000000e+03 8.429558504088149329e-01 1.570441495909921659e-01
1.702500000000000000e+03 9.150800832280451269e-01 8.491991677176059794e-02
1.705000000000000000e+03 7.647710607151398943e-01 2.352289392846660387e-01
1.707500000000000000e+03 4.807327155389662932e-01 5.192672844608391403e-01
1.710000000000000000e+03 2.193499559023358580e-01 7.806500440974692978e-01
1.712500000000000000e+03 1.190909534966320543e-01 8.809090465031734762e-01
1.715000000000000000e+03 2.284734867171542838e-01 7.715265132826527594e-01
1.717500000000000000e+03 4.835429686895991730e-01 5.164570313102085919e-01
1.720000000000000000e+03 7.443215023830060950e-01 2.556784976168016144e-01
1.722500000000000000e+03 8.703540223989487679e-01 1.296459776008583586e-01
1.725000000000000000e+03 7.960264414849582693e-01 2.039735585148497732e-01
1.727500000000000000e+03 5.656521922094221999e-01 4.343478077903877299e-01
1.730000000000000000e+03 3.083789537918457668e-01 6.916210462079639409e-01
1.732500000000000000e+03 1.656735923554768508e-01 8.343264076443324129e-01
1.735000000000000000e+03 2.120714014036689798e-01 7.879285985961377303e-01
1.737500000000000000e+03 4.150339941054962400e-01 5.849660058943115803e-01
1.740000000000000000e+03 6.568389311552331744e-01 3.431610688445742019e-01
1.742500000000000000e+03 8.040376510484409378e-01 1.959623489513677153e-01
1.745000000000000000e+03 7.822477092601556325e-01 2.177522907396507446e-01
1.747500000000000000e+03 6.132905171289291246e-01 3.867094828708779741e-01
1.750000000000000000e+03 3.967537255423698728e-01 6.032462744574331737e-01
1.752500000000000000e+03 2.510832793159463172e-01 7.489167206838527324e-01
1.755000000000000000e+03 2.495933309496088104e-01 7.504066690501890458e-01
1.757500000000000000e+03 3.851005992227359287e-01 6.148994007770611780e-01
1.760000000000000000e+03 5.785136133793937763e-01 4.214863866204027198e-01
1.762500000000000000e+03 7.237945528801927875e-01 2.762054471196025984e-01
1.765000000000000000e+03 7.449161638987744638e-01 2.550838361010215882e-01
1.767500000000000000e+03 6.355887075622208560e-01 3.644112924375758622e-01
1.770000000000000000e+03 4.610556355868467016e-01 5.389443644129499056e-01
1.772500000000000000e+03 3.204609625656645311e-01 6.795390374341327977e-01
1.775000000000000000e+03 2.901841309701155835e-01 7.098158690296796358e-01
1.777500000000000000e+03 3.808328213789486938e-01 6.191671786208479134e-01
1.780000000000000000e+03 5.336672218013692737e-01 4.663327781984269449e-01
1.782500000000000000e+03 6.582130680297059167e-01 3.417869319700885811e-01
1.785000000000000000e+03 6.868844832506375564e-01 3.131155167491557756e-01
1.787500000000000000e+03 6.124265456915580774e-01 3.875734543082350880e-01
1.790000000000000000e+03 4.866763353529622860e-01 5.133236646468289921e-01
1.792500000000000000e+03 3.849868142568194096e-01 6.150131857429714799e-01
1.795000000000000000e+03 3.611846026595295078e-01 6.388153973402627139e-01
1.797500000000000000e+03 4.201648617562133703e-01 5.798351382435786849e-01
1.800000000000000000e+03 5.208374821574768276e-01 4.791625178423145615e-01
1.802500000000000000e+03 6.034039817067901046e-01 3.965960182930026168e-01
1.805000000000000000e+03 6.234452878243352814e-01 3.765547121754568849e-01
1.807500000000000000e+03 5.747915954435001140e-01 4.252084045562926073e-01
1.810000000000000000e+03 4.906387565372121728e-01 5.093612434625780505e-01
1.812500000000000000e+03 4.231809015727503454e-01 5.768190984270391564e-01
1.815000000000000000e+03 4.125560878306281376e-01 5.874439121691614751e-01
1.817500000000000000e+03 4.624654801581330466e-01 5.375345198416550119e-01
1.820000000000000000e+03 5.378311057260745098e-01 4.621688942737110506e-01
1.822500000000000000e+03 5.875232475711589242e-01 4.124767524286270803e-01
1.825000000000000000e+03 5.784612283459198423e-01 4.215387716538642193e-01
1.827500000000000000e+03 5.181730807122293392e-01 4.818269192875542228e-01
1.830000000000000000e+03 4.495981594033420237e-01 5.504018405964381522e-01
1.832500000000000000e+03 4.211908092898034028e-01 5.788091907099767175e-01
1.835000000000000000e+03 4.533136998039717369e-01 5.466863001958064405e-01
1.837500000000000000e+03 5.245413292234064606e-01 4.754586707763694964e-01
1.840000000000000000e+03 5.867356403858459135e-01 4.132643596139290998e-01
1.842500000000000000e+03 5.974140663180215194e-01 4.025859336817534384e-01
1.845000000000000000e+03 5.472501888012912818e-01 4.527498111984837870e-01
1.847500000000000000e+03 4.657383112909722067e-01 5.342616887088025290e-01
1.850000000000000000e+03 4.031376485208595373e-01 5.968623514789139772e-01
1.852500000000000000e+03 4.005729158391466704e-01 5.994270841606267330e-01
1.855000000000000000e+03 4.652530313438895671e-01 5.347469686558871116e-01
1.857500000000000000e+03 5.640136866327848386e-01 4.359863133669927282e-01
1.860000000000000000e+03 6.394106911805350624e-01 3.605893088192392293e-01
1.862500000000000000e+03 6.416698008633494599e-01 3.583301991364248318e-01
1.865000000000000000e+03 5.602011109424624991e-01 4.397988890573122922e-01
1.867500000000000000e+03 4.353912026380230005e-01 5.646087973617515132e-01
1.870000000000000000e+03 3.398053375387200536e-01 6.601946624610530723e-01
1.872500000000000000e+03 3.360108649817566961e-01 6.639891350180165963e-01
1.875000000000000000e+03 4.354861010715003200e-01 5.645138989282724173e-01
1.877500000000000000e+03 5.862091048216815370e-01 4.137908951780916444e-01
1.880000000000000000e+03 7.002126759755926688e-01 2.997873240241811787e-01
1.882500000000000000e+03 7.060843557153547723e-01 2.939156442844189088e-01
1.885000000000000000e+03 5.937504093969679930e-01 4.062495906028067427e-01
1.887500000000000000e+03 4.230333268788714629e-01 5.769666731209036614e-01
1.890000000000000000e+03 2.904152773185958436e-01 7.095847226811767827e-01
1.892500000000000000e+03 2.740503791471750605e-01 7.259496208525981764e-01
1.895000000000000000e+03 3.889483535119179769e-01 6.110516464878543719e-01
1.897500000000000000e+03 5.769430590964496064e-01 4.230569409033204664e-01
1.900000000000000000e+03 7.363767935163927358e-01 2.636232064833770594e-01
1.902500000000000000e+03 7.761026708906610949e-01 2.238973291091089779e-01
1.905000000000000000e+03 6.663491302284965112e-01 3.336508697712728955e-01
1.907500000000000000e+03 4.593562749515088806e-01 5.406437250482613033e-01
1.910000000000000000e+03 2.660395677656605673e-01 7.339604322341106712e-01
1.912500000000000000e+03 1.972972002734162678e-01 8.027027997263543879e-01
1.915000000000000000e+03 2.999587955675974138e-01 7.000412044321765448e-01
1.917500000000000000e+03 5.247065891588645892e-01 4.752934108409086478e-01
1.920000000000000000e+03 7.485443212848872374e-01 2.514556787148832240e-01
1.922500000000000000e+03 8.428327850540846544e-01 1.571672149456877499e-01
1.925000000000000000e+03 7.484290531875552599e-01 2.515709468122171999e-01
1.927500000000000000e+03 5.126268058266535421e-01 4.873731941731201944e-01
1.930000000000000000e+03 2.646438164005274207e-01 7.353561835992454832e-01
1.932500000000000000e+03 1.434425765007229236e-01 8.565574234990493974e-01
1.935000000000000000e+03 2.197213905993856964e-01 7.802786094003869577e-01
1.937500000000000000e+03 4.561071157329176229e-01 5.438928842668542263e-01
1.940000000000000000e+03 7.266490134845843274e-01 2.733509865151877438e-01
1.942500000000000000e+03 8.840590671782317944e-01 1.159409328215419976e-01
1.945000000000000000e+03 8.388660985846333462e-01 1.611339014151418891e-01
1.947500000000000000e+03 6.093018983578100123e-01 3.906981016419641684e-01
1.950000000000000000e+03 3.151412368393452512e-01 6.848587631604281523e-01
1.952500000000000000e+03 1.163539296941075440e-01 8.836460703056667754e-01
1.955000000000000000e+03 1.264998135347586150e-01 8.735001864650142611e-01
1.957500000000000000e+03 3.470300558853895989e-01 6.529699441143850258e-01
1.960000000000000000e+03 6.612028049370549665e-01 3.387971950627197693e-01
1.962500000000000000e+03 8.953478525171489899e-01 1.046521474826258152e-01
1.965000000000000000e+03 9.158633799786046747e-01 8.413662002116900629e-02
1.967500000000000000e+03 7.066193533906426349e-01 2.933806466091330445e-01
1.970000000000000000e+03 3.805461320713147688e-01 6.194538679284572469e-01
1.972500000000000000e+03 1.174218425905172447e-01 8.825781574092542714e-01
1.975000000000000000e+03 6.352196942275964431e-02 9.364780305770091795e-01
1.977500000000000000e+03 2.505066422094855971e-01 7.494933577902852528e-01
1.980000000000000000e+03 5.783907775848229349e-01 4.216092224149464718e-01
1.982500000000000000e+03 8.702697428954658809e-01 1.297302571043030261e-01
1.985000000000000000e+03 9.676663886156713357e-01 3.233361138409653751e-02
1.987500000000000000e+03 8.155271165366521080e-01 1.844728834631156333e-01
1.990000000000000000e+03 4.926962565893805435e-01 5.073037434103864207e-01
1.992500000000000000e+03 1.717250799273581374e-01 8.282749200724067729e-01
1.995000000000000000e+03 2.765599727416501522e-02 9.723440027255970675e-01
1.997500000000000000e+03 1.426159903298359066e-01 8.573840096699272273e-01
2.000000000000000000e+03 4.578518304333402122e-01 5.421481695664175371e-01
