0.000000000000000000e+00 0.000000000000000000e+00
2.500000000000000000e+00 8.887382826626364756e-06
5.000000000000000000e+00 1.215070189945672451e-04
7.500000000000000000e+00 4.729922852779760880e-04
1.000000000000000000e+01 1.033502429374911439e-03
1.250000000000000000e+01 1.568815637616395326e-03
1.500000000000000000e+01 1.831494372964649750e-03
1.750000000000000000e+01 1.784675356242024485e-03
2.000000000000000000e+01 1.641958353488670629e-03
2.250000000000000000e+01 1.692241433393191054e-03
2.500000000000000000e+01 2.061325900058748155e-03
2.750000000000000000e+01 2.606637125558235440e-03
3.000000000000000000e+01 3.034660015215034749e-03
3.250000000000000000e+01 3.145811101829441674e-03
3.500000000000000000e+01 2.989950393265155149e-03
3.750000000000000000e+01 2.786749426602630648e-03
4.000000000000000000e+01 2.695957106214339968e-03
4.250000000000000000e+01 2.686112080315433172e-03
4.500000000000000000e+01 2.642897434936382003e-03
4.750000000000000000e+01 2.575675750536803206e-03
5.000000000000000000e+01 2.659283911758871227e-03
5.250000000000000000e+01 3.049209604174175740e-03
5.500000000000000000e+01 3.683311705748047553e-03
5.750000000000000000e+01 4.295951746231691133e-03
6.000000000000000000e+01 4.633665209678187492e-03
6.250000000000000000e+01 4.667332362807172924e-03
6.500000000000000000e+01 4.617146680710498309e-03
6.750000000000000000e+01 4.771015569089183742e-03
7.000000000000000000e+01 5.242856723628545705e-03
7.250000000000000000e+01 5.877163119658772826e-03
7.500000000000000000e+01 6.392137449020969704e-03
7.750000000000000000e+01 6.628418683695722936e-03
8.000000000000000000e+01 6.656005301992269294e-03
8.250000000000000000e+01 6.639785066645995625e-03
8.500000000000000000e+01 6.629214289094377370e-03
8.750000000000000000e+01 6.517115452375736237e-03
9.000000000000000000e+01 6.209193992622782585e-03
9.250000000000000000e+01 5.796615041559325179e-03
9.500000000000000000e+01 5.520153096164963878e-03
9.750000000000000000e+01 5.552721621648026504e-03
1.000000000000000000e+02 5.824731150272165897e-03
1.025000000000000000e+02 6.065618667161662772e-03
1.050000000000000000e+02 6.024164771877791973e-03
1.075000000000000000e+02 5.679013567598332167e-03
1.100000000000000000e+02 5.262253874139238147e-03
1.125000000000000000e+02 5.066101218636611357e-03
1.150000000000000000e+02 5.193804651586132054e-03
1.175000000000000000e+02 5.489351708368180038e-03
1.200000000000000000e+02 5.715965374951138649e-03
1.225000000000000000e+02 5.786807841854710657e-03
1.250000000000000000e+02 5.795575567471738729e-03
1.275000000000000000e+02 5.834747120087030101e-03
1.300000000000000000e+02 5.835196181144371164e-03
1.325000000000000000e+02 5.620241770724458859e-03
1.350000000000000000e+02 5.110306532577878723e-03
1.375000000000000000e+02 4.449314306788053515e-03
1.400000000000000000e+02 3.913711020254722651e-03
1.425000000000000000e+02 3.684757726486922579e-03
1.450000000000000000e+02 3.689860385497249675e-03
1.475000000000000000e+02 3.654448015455592346e-03
1.500000000000000000e+02 3.328696634419007257e-03
1.525000000000000000e+02 2.703707052729587695e-03
1.550000000000000000e+02 2.023683730496725688e-03
1.575000000000000000e+02 1.570155799373921168e-03
1.600000000000000000e+02 1.421697243123826821e-03
1.625000000000000000e+02 1.434096183162783924e-03
1.650000000000000000e+02 1.447828160239829397e-03
1.675000000000000000e+02 1.468890412398938822e-03
1.700000000000000000e+02 1.613942293391594594e-03
1.725000000000000000e+02 1.906704912532141598e-03
1.750000000000000000e+02 2.182661194833281689e-03
1.775000000000000000e+02 2.215640526304066792e-03
1.800000000000000000e+02 1.931493981173824752e-03
1.825000000000000000e+02 1.497350555236951408e-03
1.850000000000000000e+02 1.201723238856840367e-03
1.875000000000000000e+02 1.221566119578936915e-03
1.900000000000000000e+02 1.468571721985070366e-03
1.925000000000000000e+02 1.654401680423355251e-03
1.950000000000000000e+02 1.534929085597559403e-03
1.975000000000000000e+02 1.120643538245714652e-03
2.000000000000000000e+02 6.513335611379237038e-04
2.025000000000000000e+02 3.597580672613295968e-04
2.050000000000000000e+02 2.746799021960288803e-04
2.075000000000000000e+02 2.700571466187390475e-04
2.100000000000000000e+02 2.790499037257175422e-04
2.125000000000000000e+02 4.014530569518744976e-04
2.150000000000000000e+02 7.774769391981185091e-04
2.175000000000000000e+02 1.387548037871983060e-03
2.200000000000000000e+02 2.012302270666629402e-03
2.225000000000000000e+02 2.397994085401038752e-03
2.250000000000000000e+02 2.469750136806611769e-03
2.275000000000000000e+02 2.404851798588969643e-03
2.300000000000000000e+02 2.497026243964437908e-03
2.325000000000000000e+02 2.910177405348725408e-03
2.350000000000000000e+02 3.529581872369232359e-03
2.375000000000000000e+02 4.057750672708514486e-03
2.400000000000000000e+02 4.276962270357499013e-03
2.425000000000000000e+02 4.223385253967066634e-03
2.450000000000000000e+02 4.103118416730420354e-03
2.475000000000000000e+02 4.057748045599020997e-03
2.500000000000000000e+02 4.045585400401652786e-03
2.525000000000000000e+02 3.958432495201016053e-03
2.550000000000000000e+02 3.815690419059372326e-03
2.575000000000000000e+02 3.796507797841042111e-03
2.600000000000000000e+02 4.068894207448382240e-03
2.625000000000000000e+02 4.602173966384888112e-03
2.650000000000000000e+02 5.156710598190160713e-03
2.675000000000000000e+02 5.465755033250051242e-03
2.700000000000000000e+02 5.456510479953537336e-03
2.725000000000000000e+02 5.322043984412214331e-03
2.750000000000000000e+02 5.364998326697813062e-03
2.775000000000000000e+02 5.732547984036785380e-03
2.800000000000000000e+02 6.288788005499650231e-03
2.825000000000000000e+02 6.755718276348008679e-03
2.850000000000000000e+02 6.974268439403880950e-03
2.875000000000000000e+02 7.008782373364805945e-03
2.900000000000000000e+02 7.005139687119042724e-03
2.925000000000000000e+02 6.990655229434057823e-03
2.950000000000000000e+02 6.848056682283098009e-03
2.975000000000000000e+02 6.479673614457521352e-03
3.000000000000000000e+02 5.967019395356353180e-03
3.025000000000000000e+02 5.545904429584586591e-03
3.050000000000000000e+02 5.412731898097416366e-03
3.075000000000000000e+02 5.541909589298251934e-03
3.100000000000000000e+02 5.685050629600500727e-03
3.125000000000000000e+02 5.568385084304475208e-03
3.150000000000000000e+02 5.131361718301981345e-03
3.175000000000000000e+02 4.590987467160059267e-03
3.200000000000000000e+02 4.253228336606590214e-03
3.225000000000000000e+02 4.241614932549761692e-03
3.250000000000000000e+02 4.416354491320763527e-03
3.275000000000000000e+02 4.557371695328286433e-03
3.300000000000000000e+02 4.590566394089593341e-03
3.325000000000000000e+02 4.606461791466256311e-03
3.350000000000000000e+02 4.682651545563567760e-03
3.375000000000000000e+02 4.739759124443136858e-03
3.400000000000000000e+02 4.594552516549426507e-03
3.425000000000000000e+02 4.147352765241823884e-03
3.450000000000000000e+02 3.512005292597319972e-03
3.475000000000000000e+02 2.957770160579530332e-03
3.500000000000000000e+02 2.698639922007571492e-03
3.525000000000000000e+02 2.704181065977728868e-03
3.550000000000000000e+02 2.708968367870629758e-03
3.575000000000000000e+02 2.437425421016620880e-03
3.600000000000000000e+02 1.852504761598677396e-03
3.625000000000000000e+02 1.187645534723562497e-03
3.650000000000000000e+02 7.243321108594150213e-04
3.675000000000000000e+02 5.462649766176884934e-04
3.700000000000000000e+02 5.254677201474512770e-04
3.725000000000000000e+02 5.258605211997282973e-04
3.750000000000000000e+02 5.665141872984583767e-04
3.775000000000000000e+02 7.630485609300918749e-04
3.800000000000000000e+02 1.141235455586472403e-03
3.825000000000000000e+02 1.546476428103200429e-03
3.850000000000000000e+02 1.746456771177115185e-03
3.875000000000000000e+02 1.629879292257568066e-03
3.900000000000000000e+02 1.324248234577859616e-03
3.925000000000000000e+02 1.117098096632340113e-03
3.950000000000000000e+02 1.221236389089191965e-03
3.975000000000000000e+02 1.579526449190042517e-03
4.000000000000000000e+02 1.903947431462186309e-03
4.025000000000000000e+02 1.932636680708065598e-03
4.050000000000000000e+02 1.659333294016561563e-03
4.075000000000000000e+02 1.307662277110148213e-03
4.100000000000000000e+02 1.093202815203020038e-03
4.125000000000000000e+02 1.039950751455537324e-03
4.150000000000000000e+02 1.036440601779414945e-03
4.175000000000000000e+02 1.032844895266934798e-03
4.200000000000000000e+02 1.133782063056255375e-03
4.225000000000000000e+02 1.486224098551907485e-03
4.250000000000000000e+02 2.096409484563717309e-03
4.275000000000000000e+02 2.770623920879086363e-03
4.300000000000000000e+02 3.244080766632924124e-03
4.325000000000000000e+02 3.396338764638197859e-03
4.350000000000000000e+02 3.370264685599806947e-03
4.375000000000000000e+02 3.467439774906446847e-03
4.400000000000000000e+02 3.883356956378057612e-03
4.425000000000000000e+02 4.524657174034302232e-03
4.450000000000000000e+02 5.098247018994710514e-03
4.475000000000000000e+02 5.384406980865309549e-03
4.500000000000000000e+02 5.409469620709313892e-03
4.525000000000000000e+02 5.355808736225527687e-03
4.550000000000000000e+02 5.340144986617293733e-03
4.575000000000000000e+02 5.313726851085892253e-03
4.600000000000000000e+02 5.173852070830163401e-03
4.625000000000000000e+02 4.938436482571038726e-03
4.650000000000000000e+02 4.782715932615225381e-03
4.675000000000000000e+02 4.894583747144977924e-03
4.700000000000000000e+02 5.287337154768254228e-03
4.725000000000000000e+02 5.749314222786464784e-03
4.750000000000000000e+02 5.995800338595363467e-03
4.775000000000000000e+02 5.911979980879708552e-03
4.800000000000000000e+02 5.668715082536342730e-03
4.825000000000000000e+02 5.578432330325653471e-03
4.850000000000000000e+02 5.809859705363689016e-03
4.875000000000000000e+02 6.245964617353133574e-03
4.900000000000000000e+02 6.626205659115640134e-03
4.925000000000000000e+02 6.802562943120545914e-03
4.950000000000000000e+02 6.831400294910740419e-03
4.975000000000000000e+02 6.835713828438625198e-03
5.000000000000000000e+02 6.825764927946901400e-03
5.025000000000000000e+02 6.678359000598586316e-03
5.050000000000000000e+02 6.283335428912588741e-03
5.075000000000000000e+02 5.698581056308855454e-03
5.100000000000000000e+02 5.152830529684927600e-03
5.125000000000000000e+02 4.873978899541815332e-03
5.150000000000000000e+02 4.883348833183644502e-03
5.175000000000000000e+02 4.950758079361653081e-03
5.200000000000000000e+02 4.781554542881252465e-03
5.225000000000000000e+02 4.284387421990650500e-03
5.250000000000000000e+02 3.661013297386208395e-03
5.275000000000000000e+02 3.217416578791686306e-03
5.300000000000000000e+02 3.086920014454163502e-03
5.325000000000000000e+02 3.151559375914970984e-03
5.350000000000000000e+02 3.218597425986860928e-03
5.375000000000000000e+02 3.227224131153513722e-03
5.400000000000000000e+02 3.261262001292693832e-03
5.425000000000000000e+02 3.390082057256533273e-03
5.450000000000000000e+02 3.535961444857763265e-03
5.475000000000000000e+02 3.508784557857548819e-03
5.500000000000000000e+02 3.175764577675788906e-03
5.525000000000000000e+02 2.612629617283011591e-03
5.550000000000000000e+02 2.085081947420100619e-03
5.575000000000000000e+02 1.842259973420517973e-03
5.600000000000000000e+02 1.890116652971676357e-03
5.625000000000000000e+02 1.970575386766191574e-03
5.650000000000000000e+02 1.792667885194340746e-03
5.675000000000000000e+02 1.299747432678669337e-03
5.700000000000000000e+02 7.061212892053661278e-04
5.725000000000000000e+02 2.773463043460711692e-04
5.750000000000000000e+02 9.839362435937738208e-05
5.775000000000000000e+02 6.456337929682961997e-05
5.800000000000000000e+02 6.414516813226339123e-05
5.825000000000000000e+02 1.222588125305129863e-04
5.850000000000000000e+02 3.548393968442991979e-04
5.875000000000000000e+02 8.040389056503860401e-04
5.900000000000000000e+02 1.335279986366506898e-03
5.925000000000000000e+02 1.704670497967771111e-03
5.950000000000000000e+02 1.754968848077531141e-03
5.975000000000000000e+02 1.575336845217429347e-03
6.000000000000000000e+02 1.456187000205441196e-03
6.025000000000000000e+02 1.640510694359177549e-03
6.050000000000000000e+02 2.095007989099529136e-03
6.075000000000000000e+02 2.538529575454962633e-03
6.100000000000000000e+02 2.706542387571910912e-03
6.125000000000000000e+02 2.579160605059316498e-03
6.150000000000000000e+02 2.351729539300645693e-03
6.175000000000000000e+02 2.213464458612395946e-03
6.200000000000000000e+02 2.186428583045406469e-03
6.225000000000000000e+02 2.175460020397546653e-03
6.250000000000000000e+02 2.138682288295460678e-03
6.275000000000000000e+02 2.178116126826899149e-03
6.300000000000000000e+02 2.455207719692609810e-03
6.325000000000000000e+02 3.015629216779278261e-03
6.350000000000000000e+02 3.693863219060545666e-03
6.375000000000000000e+02 4.208174987621312278e-03
6.400000000000000000e+02 4.392976607569049584e-03
6.425000000000000000e+02 4.362814855086858540e-03
6.450000000000000000e+02 4.424698236392598551e-03
6.475000000000000000e+02 4.794835717855592573e-03
6.500000000000000000e+02 5.399496881740942569e-03
6.525000000000000000e+02 5.963467266081261264e-03
6.550000000000000000e+02 6.276878248286320815e-03
6.575000000000000000e+02 6.353284194091562975e-03
6.600000000000000000e+02 6.343843412830077466e-03
6.625000000000000000e+02 6.342121407550388446e-03
6.650000000000000000e+02 6.296578908889614336e-03
6.675000000000000000e+02 6.103079752133661745e-03
6.700000000000000000e+02 5.765092631290261692e-03
6.725000000000000000e+02 5.451799309900156112e-03
6.750000000000000000e+02 5.380250922918659515e-03
6.775000000000000000e+02 5.612758651561700236e-03
6.800000000000000000e+02 5.961745237670985388e-03
6.825000000000000000e+02 6.124160643614627760e-03
6.850000000000000000e+02 5.950990105824944046e-03
6.875000000000000000e+02 5.593323930769119635e-03
6.900000000000000000e+02 5.362538570002064672e-03
6.925000000000000000e+02 5.438941176724475420e-03
6.950000000000000000e+02 5.729866794728913013e-03
6.975000000000000000e+02 6.004762615858057553e-03
7.000000000000000000e+02 6.129483446264709021e-03
7.025000000000000000e+02 6.147902471645288157e-03
7.050000000000000000e+02 6.162948322087296628e-03
7.075000000000000000e+02 6.177129588003820934e-03
7.100000000000000000e+02 6.061353164993692547e-03
7.125000000000000000e+02 5.680752328818892971e-03
7.150000000000000000e+02 5.060936156569563124e-03
7.175000000000000000e+02 4.426907482680205591e-03
7.200000000000000000e+02 4.041928961581012919e-03
7.225000000000000000e+02 3.969500095336218892e-03
7.250000000000000000e+02 3.994172525392111588e-03
7.275000000000000000e+02 3.808204260341493518e-03
7.300000000000000000e+02 3.297907741227882553e-03
7.325000000000000000e+02 2.643584604294021978e-03
7.350000000000000000e+02 2.136729235770039748e-03
7.375000000000000000e+02 1.916570519907203046e-03
7.400000000000000000e+02 1.895062028464334280e-03
7.425000000000000000e+02 1.910589015463509243e-03
7.450000000000000000e+02 1.910409730367980570e-03
7.475000000000000000e+02 1.971676715241565524e-03
7.500000000000000000e+02 2.167339279763637935e-03
7.525000000000000000e+02 2.430410595633480941e-03
7.550000000000000000e+02 2.558542870497009999e-03
7.575000000000000000e+02 2.376400821891298375e-03
7.600000000000000000e+02 1.921873790748047060e-03
7.625000000000000000e+02 1.461207112337125453e-03
7.650000000000000000e+02 1.273849858155448904e-03
7.675000000000000000e+02 1.393911216537936518e-03
7.700000000000000000e+02 1.574513775229081274e-03
7.725000000000000000e+02 1.522337295783675239e-03
7.750000000000000000e+02 1.164058142586979483e-03
7.775000000000000000e+02 6.827678410202417609e-04
7.800000000000000000e+02 3.181541029405087818e-04
7.825000000000000000e+02 1.592498205409482905e-04
7.850000000000000000e+02 1.282786102295413032e-04
7.875000000000000000e+02 1.311834832938366937e-04
7.900000000000000000e+02 1.923540142307182156e-04
7.925000000000000000e+02 4.350835751477260573e-04
7.950000000000000000e+02 9.312599218807451722e-04
7.975000000000000000e+02 1.569011971661676613e-03
8.000000000000000000e+02 2.086385736637606011e-03
8.025000000000000000e+02 2.279829970108018366e-03
8.050000000000000000e+02 2.206819816701531978e-03
8.075000000000000000e+02 2.159665614117941244e-03
8.100000000000000000e+02 2.400740156983905641e-03
8.125000000000000000e+02 2.917059363117663166e-03
8.150000000000000000e+02 3.446256898869088942e-03
8.175000000000000000e+02 3.732664855461112225e-03
8.200000000000000000e+02 3.739086317777905958e-03
8.225000000000000000e+02 3.622789552227327625e-03
8.250000000000000000e+02 3.546431442090072078e-03
8.275000000000000000e+02 3.535056799289392881e-03
8.300000000000000000e+02 3.504892409599536050e-03
8.325000000000000000e+02 3.409946607991805410e-03
8.350000000000000000e+02 3.347422624511297781e-03
8.375000000000000000e+02 3.503350256492402965e-03
8.400000000000000000e+02 3.969358800733433640e-03
8.425000000000000000e+02 4.604243197745058226e-03
8.450000000000000000e+02 5.107660046973479771e-03
8.475000000000000000e+02 5.276991905213014762e-03
8.500000000000000000e+02 5.203662189381109276e-03
8.525000000000000000e+02 5.191547679086034282e-03
8.550000000000000000e+02 5.467214959420992060e-03
8.575000000000000000e+02 5.981039135352175275e-03
8.600000000000000000e+02 6.489091817613850538e-03
8.625000000000000000e+02 6.795438276259902974e-03
8.650000000000000000e+02 6.894906001024363879e-03
8.675000000000000000e+02 6.906896524058333230e-03
8.700000000000000000e+02 6.909586333016210641e-03
8.725000000000000000e+02 6.849841828387342839e-03
8.750000000000000000e+02 6.610820189148797210e-03
8.775000000000000000e+02 6.172177454511609818e-03
8.800000000000000000e+02 5.700262995660517786e-03
8.825000000000000000e+02 5.446969235017784169e-03
8.850000000000000000e+02 5.520114859518527109e-03
8.875000000000000000e+02 5.751266987770647932e-03
8.900000000000000000e+02 5.825064460982803602e-03
8.925000000000000000e+02 5.568153328459956447e-03
8.950000000000000000e+02 5.109122983773761902e-03
8.975000000000000000e+02 4.745443883364474681e-03
9.000000000000000000e+02 4.664530453481176286e-03
9.025000000000000000e+02 4.806682646311323526e-03
9.050000000000000000e+02 4.977706840630487239e-03
9.075000000000000000e+02 5.053460015921021516e-03
9.100000000000000000e+02 5.063357079850105795e-03
9.125000000000000000e+02 5.099359323960518491e-03
9.150000000000000000e+02 5.165003391088372232e-03
9.175000000000000000e+02 5.120875963670092935e-03
9.200000000000000000e+02 4.797341823186789672e-03
9.225000000000000000e+02 4.186493650526667588e-03
9.250000000000000000e+02 3.513902802759879575e-03
9.275000000000000000e+02 3.074696329318281005e-03
9.300000000000000000e+02 2.965588310068345904e-03
9.325000000000000000e+02 2.986678289483409021e-03
9.350000000000000000e+02 2.828427446681539090e-03
9.375000000000000000e+02 2.359154838823141614e-03
9.400000000000000000e+02 1.727625408753082591e-03
9.425000000000000000e+02 1.200935104047879884e-03
9.450000000000000000e+02 9.265818816387961458e-04
9.475000000000000000e+02 8.516714453544293583e-04
9.500000000000000000e+02 8.414448558074486733e-04
9.525000000000000000e+02 8.447782406948208672e-04
9.550000000000000000e+02 9.375039416835817107e-04
9.575000000000000000e+02 1.208576570895385921e-03
9.600000000000000000e+02 1.605071711929863384e-03
9.625000000000000000e+02 1.906128087000271993e-03
9.650000000000000000e+02 1.892414829556699190e-03
9.675000000000000000e+02 1.570033777297261688e-03
9.700000000000000000e+02 1.205502784726828662e-03
9.725000000000000000e+02 1.097749368345804022e-03
9.750000000000000000e+02 1.303176790847760400e-03
9.775000000000000000e+02 1.595156171116837414e-03
9.800000000000000000e+02 1.688596373869406678e-03
9.825000000000000000e+02 1.490157164249870415e-03
9.850000000000000000e+02 1.141473213212645292e-03
9.875000000000000000e+02 8.551253793014901555e-04
9.900000000000000000e+02 7.293897319028726104e-04
9.925000000000000000e+02 7.101149069006950287e-04
9.950000000000000000e+02 7.097890975910831676e-04
9.975000000000000000e+02 7.494858943972534547e-04
1.000000000000000000e+03 9.698188525738027930e-04
1.002500000000000000e+03 1.479764667551040002e-03
1.005000000000000000e+03 2.186816460278777179e-03
1.007500000000000000e+03 2.808954619204890278e-03
1.010000000000000000e+03 3.104685244444500489e-03
1.012500000000000000e+03 3.106623485503088450e-03
1.015000000000000000e+03 3.101571472003500970e-03
1.017500000000000000e+03 3.359855067206431092e-03
1.020000000000000000e+03 3.891291633581017359e-03
1.022500000000000000e+03 4.465050986856464524e-03
1.025000000000000000e+03 4.838631843835808875e-03
1.027500000000000000e+03 4.950572548216186294e-03
1.030000000000000000e+03 4.917511608029161152e-03
1.032500000000000000e+03 4.882601020657243579e-03
1.035000000000000000e+03 4.876034659450468635e-03
1.037500000000000000e+03 4.814667199138038430e-03
1.040000000000000000e+03 4.638269283385277469e-03
1.042500000000000000e+03 4.442344352511084539e-03
1.045000000000000000e+03 4.444732308075655981e-03
1.047500000000000000e+03 4.780689801570973084e-03
1.050000000000000000e+03 5.327714849839720185e-03
1.052500000000000000e+03 5.772460047509027185e-03
1.055000000000000000e+03 5.887385485864574455e-03
1.057500000000000000e+03 5.741347310295233895e-03
1.060000000000000000e+03 5.623135352421287925e-03
1.062500000000000000e+03 5.763938088966954164e-03
1.065000000000000000e+03 6.146708620867315752e-03
1.067500000000000000e+03 6.566921933300596398e-03
1.070000000000000000e+03 6.839336969401764270e-03
1.072500000000000000e+03 6.936154614388640588e-03
1.075000000000000000e+03 6.952299967198004305e-03
1.077500000000000000e+03 6.959874080734329387e-03
1.080000000000000000e+03 6.900654372654639775e-03
1.082500000000000000e+03 6.633829171447558348e-03
1.085000000000000000e+03 6.112200396336205099e-03
1.087500000000000000e+03 5.504085159931980560e-03
1.090000000000000000e+03 5.094470002503975574e-03
1.092500000000000000e+03 5.027288959148025309e-03
1.095000000000000000e+03 5.151704716466883223e-03
1.097500000000000000e+03 5.151065954359248557e-03
1.100000000000000000e+03 4.835155252641269719e-03
1.102500000000000000e+03 4.302847148732100689e-03
1.105000000000000000e+03 3.827622733556766254e-03
1.107500000000000000e+03 3.605499551741444923e-03
1.110000000000000000e+03 3.616506335158622010e-03
1.112500000000000000e+03 3.700951188226381597e-03
1.115000000000000000e+03 3.738145200812369347e-03
1.117500000000000000e+03 3.746389995777409023e-03
1.120000000000000000e+03 3.818681768714596303e-03
1.122500000000000000e+03 3.964442210573336858e-03
1.125000000000000000e+03 4.027909493933006999e-03
1.127500000000000000e+03 3.801114771460050324e-03
1.130000000000000000e+03 3.247138187470389147e-03
1.132500000000000000e+03 2.592574606521774478e-03
1.135000000000000000e+03 2.153887241621800421e-03
1.137500000000000000e+03 2.052567713252134371e-03
1.140000000000000000e+03 2.110158520581370978e-03
1.142500000000000000e+03 2.025795017032947041e-03
1.145000000000000000e+03 1.648659144801705367e-03
1.147500000000000000e+03 1.086601108859786826e-03
1.150000000000000000e+03 5.799794492694319847e-04
1.152500000000000000e+03 2.895318413292451393e-04
1.155000000000000000e+03 1.959634236283308540e-04
1.157500000000000000e+03 1.814854902483837196e-04
1.160000000000000000e+03 1.931575729355895494e-04
1.162500000000000000e+03 3.145612675637249594e-04
1.165000000000000000e+03 6.590478611397252362e-04
1.167500000000000000e+03 1.185956956383348547e-03
1.170000000000000000e+03 1.653773014366170021e-03
1.172500000000000000e+03 1.806492136900359792e-03
1.175000000000000000e+03 1.625323039935523553e-03
1.177500000000000000e+03 1.370186629242262479e-03
1.180000000000000000e+03 1.346718837554041533e-03
1.182500000000000000e+03 1.633052708435330435e-03
1.185000000000000000e+03 2.033561243419653494e-03
1.187500000000000000e+03 2.275823601681168165e-03
1.190000000000000000e+03 2.239884625180666063e-03
1.192500000000000000e+03 2.022521492460096354e-03
1.195000000000000000e+03 1.815387155571444519e-03
1.197500000000000000e+03 1.728466576613115879e-03
1.200000000000000000e+03 1.720954324247742388e-03
1.202500000000000000e+03 1.701274145865180843e-03
1.205000000000000000e+03 1.689815422242266869e-03
1.207500000000000000e+03 1.852619298582195220e-03
1.210000000000000000e+03 2.334920689662562179e-03
1.212500000000000000e+03 3.058622549551228299e-03
1.215000000000000000e+03 3.727606835995276539e-03
1.217500000000000000e+03 4.076045419883668128e-03
1.220000000000000000e+03 4.114132144534439484e-03
1.222500000000000000e+03 4.111265672042234594e-03
1.225000000000000000e+03 4.338197754720834673e-03
1.227500000000000000e+03 4.834754805328442089e-03
1.230000000000000000e+03 5.410062344664564454e-03
1.232500000000000000e+03 5.831750755744435910e-03
1.235000000000000000e+03 6.009180773297931148e-03
1.237500000000000000e+03 6.024790889090286990e-03
1.240000000000000000e+03 6.011928399596979354e-03
1.242500000000000000e+03 6.002551520361497882e-03
1.245000000000000000e+03 5.901322473164590486e-03
1.247500000000000000e+03 5.629153540214986914e-03
1.250000000000000000e+03 5.285261724429305037e-03
1.252500000000000000e+03 5.119297476774633746e-03
1.255000000000000000e+03 5.301024285913419343e-03
1.257500000000000000e+03 5.724383926790761745e-03
1.260000000000000000e+03 6.075358729942037690e-03
1.262500000000000000e+03 6.112519500200044864e-03
1.265000000000000000e+03 5.877243736761569165e-03
1.267500000000000000e+03 5.632406913200121816e-03
1.270000000000000000e+03 5.614215607306616111e-03
1.272500000000000000e+03 5.846100857102853009e-03
1.275000000000000000e+03 6.162799929199663448e-03
1.277500000000000000e+03 6.382843338134937608e-03
1.280000000000000000e+03 6.457818913425508560e-03
1.282500000000000000e+03 6.470731023270150095e-03
1.285000000000000000e+03 6.494101593470628063e-03
1.287500000000000000e+03 6.457886276011326129e-03
1.290000000000000000e+03 6.190626300806748722e-03
1.292500000000000000e+03 5.621069248064279426e-03
1.295000000000000000e+03 4.921106624510770099e-03
1.297500000000000000e+03 4.398986111314283874e-03
1.300000000000000000e+03 4.224261383268119487e-03
1.302500000000000000e+03 4.267692854228714687e-03
1.305000000000000000e+03 4.223556384802887309e-03
1.307500000000000000e+03 3.887178535135311745e-03
1.310000000000000000e+03 3.319366669400324911e-03
1.312500000000000000e+03 2.765778316976234743e-03
1.315000000000000000e+03 2.435814166764971311e-03
1.317500000000000000e+03 2.349786265057531021e-03
1.320000000000000000e+03 2.373830743951864039e-03
1.322500000000000000e+03 2.386115201085193052e-03
1.325000000000000000e+03 2.402265665608172961e-03
1.327500000000000000e+03 2.526715879156936611e-03
1.330000000000000000e+03 2.774978483140817277e-03
1.332500000000000000e+03 2.971619447041135443e-03
1.335000000000000000e+03 2.874847919237005778e-03
1.337500000000000000e+03 2.424763893312041878e-03
1.340000000000000000e+03 1.842753070046648095e-03
1.342500000000000000e+03 1.452506597158198000e-03
1.345000000000000000e+03 1.396190875063673493e-03
1.347500000000000000e+03 1.525592945561753556e-03
1.350000000000000000e+03 1.554367907082890429e-03
1.352500000000000000e+03 1.307769726073500661e-03
1.355000000000000000e+03 8.487536915881393465e-04
1.357500000000000000e+03 3.956359031902982430e-04
1.360000000000000000e+03 1.250566430520264397e-04
1.362500000000000000e+03 4.214204785948289428e-05
1.365000000000000000e+03 3.518116884377639052e-05
1.367500000000000000e+03 5.099893684073420939e-05
1.370000000000000000e+03 1.897721272960826359e-04
1.372500000000000000e+03 5.909273192894375429e-04
1.375000000000000000e+03 1.222687916156300425e-03
1.377500000000000000e+03 1.828443890216208383e-03
1.380000000000000000e+03 2.128615743633056976e-03
1.382500000000000000e+03 2.082415473469086207e-03
1.385000000000000000e+03 1.930978644754057730e-03
1.387500000000000000e+03 1.976762681007703751e-03
1.390000000000000000e+03 2.324172893335506480e-03
1.392500000000000000e+03 2.816324355633769219e-03
1.395000000000000000e+03 3.191184503254247858e-03
1.397500000000000000e+03 3.297389691627050732e-03
1.400000000000000000e+03 3.192479995788196929e-03
1.402500000000000000e+03 3.056294781703788703e-03
1.405000000000000000e+03 3.006797330787296715e-03
1.407500000000000000e+03 3.002665096942563200e-03
1.410000000000000000e+03 2.942374559182097098e-03
1.412500000000000000e+03 2.851220953439829488e-03
1.415000000000000000e+03 2.922403823453719775e-03
1.417500000000000000e+03 3.329920197701274724e-03
1.420000000000000000e+03 4.008746751227595419e-03
1.422500000000000000e+03 4.662436690717034621e-03
1.425000000000000000e+03 5.014063444425856386e-03
1.427500000000000000e+03 5.047600011466413066e-03
1.430000000000000000e+03 5.003147473341794035e-03
1.432500000000000000e+03 5.150714224413124182e-03
1.435000000000000000e+03 5.567909981071538471e-03
1.437500000000000000e+03 6.104377445115452550e-03
1.440000000000000000e+03 6.530949179263785542e-03
1.442500000000000000e+03 6.729552645178354074e-03
1.445000000000000000e+03 6.761658925870101325e-03
1.447500000000000000e+03 6.757852862378424703e-03
1.450000000000000000e+03 6.743442696712280415e-03
1.452500000000000000e+03 6.601130438284600645e-03
1.455000000000000000e+03 6.234471316029116181e-03
1.457500000000000000e+03 5.749277381200774625e-03
1.460000000000000000e+03 5.418305473772431005e-03
1.462500000000000000e+03 5.434835780251516882e-03
1.465000000000000000e+03 5.713507196622371644e-03
1.467500000000000000e+03 5.954828562613433823e-03
1.470000000000000000e+03 5.909241120884309480e-03
1.472500000000000000e+03 5.582692723200327958e-03
1.475000000000000000e+03 5.206729569495800562e-03
1.477500000000000000e+03 5.027311992066083382e-03
1.480000000000000000e+03 5.110711761560141758e-03
1.482500000000000000e+03 5.323046051749946890e-03
1.485000000000000000e+03 5.481212185687192248e-03
1.487500000000000000e+03 5.525064335188345499e-03
1.490000000000000000e+03 5.538649315522858364e-03
1.492500000000000000e+03 5.596264280511058925e-03
1.495000000000000000e+03 5.609951693591928856e-03
1.497500000000000000e+03 5.378349165456174086e-03
1.500000000000000000e+03 4.811362781190263969e-03
1.502500000000000000e+03 4.079243938594992284e-03
1.505000000000000000e+03 3.498444215878414830e-03
1.507500000000000000e+03 3.257395623880637858e-03
1.510000000000000000e+03 3.256992830797111882e-03
1.512500000000000000e+03 3.211336269557952747e-03
1.515000000000000000e+03 2.898855087941679207e-03
1.517500000000000000e+03 2.337327891598977962e-03
1.520000000000000000e+03 1.747627444993849789e-03
1.522500000000000000e+03 1.355945685917308739e-03
1.525000000000000000e+03 1.215327521230416888e-03
1.527500000000000000e+03 1.206507480969331745e-03
1.530000000000000000e+03 1.207050441675229470e-03
1.532500000000000000e+03 1.240310926407309482e-03
1.535000000000000000e+03 1.427289104489360945e-03
1.537500000000000000e+03 1.787341828378003145e-03
1.540000000000000000e+03 2.128542003528426443e-03
1.542500000000000000e+03 2.185964086692040141e-03
1.545000000000000000e+03 1.879470929681716432e-03
1.547500000000000000e+03 1.412803622449559145e-03
1.550000000000000000e+03 1.104265211667239399e-03
1.552500000000000000e+03 1.118124717653224678e-03
1.555000000000000000e+03 1.343999387550094248e-03
1.557500000000000000e+03 1.509782237386574901e-03
1.560000000000000000e+03 1.412608851282735585e-03
1.562500000000000000e+03 1.074602961623152657e-03
1.565000000000000000e+03 6.999399239297196323e-04
1.567500000000000000e+03 4.776336199449690979e-04
1.570000000000000000e+03 4.231861411474070050e-04
1.572500000000000000e+03 4.237806273005901734e-04
1.575000000000000000e+03 4.313843799052176787e-04
1.577500000000000000e+03 5.668887473515106306e-04
1.580000000000000000e+03 9.913376929257785089e-04
1.582500000000000000e+03 1.681645182175498703e-03
1.585000000000000000e+03 2.379565469245986404e-03
1.587500000000000000e+03 2.795291162185568890e-03
1.590000000000000000e+03 2.862526393466778042e-03
1.592500000000000000e+03 2.790479206330956016e-03
1.595000000000000000e+03 2.874741939403127004e-03
1.597500000000000000e+03 3.252275207061598988e-03
1.600000000000000000e+03 3.805955095518234570e-03
1.602500000000000000e+03 4.278111857178868056e-03
1.605000000000000000e+03 4.487768046014029878e-03
1.607500000000000000e+03 4.466005970376788793e-03
1.610000000000000000e+03 4.387255997104883530e-03
1.612500000000000000e+03 4.367554889772649711e-03
1.615000000000000000e+03 4.353063846717147682e-03
1.617500000000000000e+03 4.232620256803882285e-03
1.620000000000000000e+03 4.040316890325738007e-03
1.622500000000000000e+03 3.989853644222511944e-03
1.625000000000000000e+03 4.274568047701409086e-03
1.627500000000000000e+03 4.848248744376615349e-03
1.630000000000000000e+03 5.431555409097834838e-03
1.632500000000000000e+03 5.744127804363985054e-03
1.635000000000000000e+03 5.735663648350514988e-03
1.637500000000000000e+03 5.610078304389359317e-03
1.640000000000000000e+03 5.640740455679320656e-03
1.642500000000000000e+03 5.946110156192283176e-03
1.645000000000000000e+03 6.409072727698723361e-03
1.647500000000000000e+03 6.798443689450858751e-03
1.650000000000000000e+03 6.978654708599415189e-03
1.652500000000000000e+03 7.004822478524659959e-03
1.655000000000000000e+03 7.005738279475827099e-03
1.657500000000000000e+03 6.990586561178019874e-03
1.660000000000000000e+03 6.817429408325539029e-03
1.662500000000000000e+03 6.377162890181874849e-03
1.665000000000000000e+03 5.778204928512892767e-03
1.667500000000000000e+03 5.301518744615586060e-03
1.670000000000000000e+03 5.156719514790592679e-03
1.672500000000000000e+03 5.289353135270109460e-03
1.675000000000000000e+03 5.426842696493075317e-03
1.677500000000000000e+03 5.310810923117304828e-03
1.680000000000000000e+03 4.905563484667233368e-03
1.682500000000000000e+03 4.413105897920654996e-03
1.685000000000000000e+03 4.093588482825900356e-03
1.687500000000000000e+03 4.050023600835284988e-03
1.690000000000000000e+03 4.168448180403645092e-03
1.692500000000000000e+03 4.264554732295421612e-03
1.695000000000000000e+03 4.279395545063053793e-03
1.697500000000000000e+03 4.306368941718474556e-03
1.700000000000000000e+03 4.418840972683140030e-03
1.702500000000000000e+03 4.510093846146622128e-03
1.705000000000000000e+03 4.356470587442253135e-03
1.707500000000000000e+03 3.851717286579808656e-03
1.710000000000000000e+03 3.152008540393348972e-03
1.712500000000000000e+03 2.567180328689236488e-03
1.715000000000000000e+03 2.304128095664521782e-03
1.717500000000000000e+03 2.302953019106401301e-03
1.720000000000000000e+03 2.300155786605551436e-03
1.722500000000000000e+03 2.053315011897466520e-03
1.725000000000000000e+03 1.539100245842628433e-03
1.727500000000000000e+03 9.605855676701419241e-04
1.730000000000000000e+03 5.583247575597342525e-04
1.732500000000000000e+03 4.043452613108118750e-04
1.735000000000000000e+03 3.855015886405580169e-04
1.737500000000000000e+03 3.843920429114352035e-04
1.740000000000000000e+03 4.396993240883198669e-04
1.742500000000000000e+03 6.879376387488973180e-04
1.745000000000000000e+03 1.151824442147048651e-03
1.747500000000000000e+03 1.633755975307901254e-03
1.750000000000000000e+03 1.857683426486071666e-03
1.752500000000000000e+03 1.719761910693279458e-03
1.755000000000000000e+03 1.391504863526249859e-03
1.757500000000000000e+03 1.179016980094414876e-03
1.760000000000000000e+03 1.273353342403640669e-03
1.762500000000000000e+03 1.604294541101221154e-03
1.765000000000000000e+03 1.909486910120300474e-03
1.767500000000000000e+03 1.959032961105234335e-03
1.770000000000000000e+03 1.745229664448180338e-03
1.772500000000000000e+03 1.463749829483115307e-03
1.775000000000000000e+03 1.305682265158232677e-03
1.777500000000000000e+03 1.283383328348101883e-03
1.780000000000000000e+03 1.281796298952785030e-03
1.782500000000000000e+03 1.263072554793082634e-03
1.785000000000000000e+03 1.365571333002919179e-03
1.787500000000000000e+03 1.765257310282821032e-03
1.790000000000000000e+03 2.454137561783350640e-03
1.792500000000000000e+03 3.189818045952378701e-03
1.795000000000000000e+03 3.680417583858836342e-03
1.797500000000000000e+03 3.825859065603647111e-03
1.800000000000000000e+03 3.794768646535314014e-03
1.802500000000000000e+03 3.878163649257716609e-03
1.805000000000000000e+03 4.248532468066254335e-03
1.807500000000000000e+03 4.822393388369062943e-03
1.810000000000000000e+03 5.342072360802722561e-03
1.812500000000000000e+03 5.607109574562117379e-03
1.815000000000000000e+03 5.636599122042865347e-03
1.817500000000000000e+03 5.599452254498769703e-03
1.820000000000000000e+03 5.597725321391806841e-03
1.822500000000000000e+03 5.559666160337391368e-03
1.825000000000000000e+03 5.368507397120057985e-03
1.827500000000000000e+03 5.064695907973731925e-03
1.830000000000000000e+03 4.869508640824536487e-03
1.832500000000000000e+03 4.990022802093516813e-03
1.835000000000000000e+03 5.411005633228122697e-03
1.837500000000000000e+03 5.884860725786052356e-03
1.840000000000000000e+03 6.128015518630653725e-03
1.842500000000000000e+03 6.048703779535840284e-03
1.845000000000000000e+03 5.815379359333298220e-03
1.847500000000000000e+03 5.709581558153042045e-03
1.850000000000000000e+03 5.885515594284798473e-03
1.852500000000000000e+03 6.248356278307674698e-03
1.855000000000000000e+03 6.566247362482968003e-03
1.857500000000000000e+03 6.701285302891647061e-03
1.860000000000000000e+03 6.712137786607413718e-03
1.862500000000000000e+03 6.721365586952021687e-03
1.865000000000000000e+03 6.717043866133923929e-03
1.867500000000000000e+03 6.537420795558916871e-03
1.870000000000000000e+03 6.063422737593833836e-03
1.872500000000000000e+03 5.394174952680291270e-03
1.875000000000000000e+03 4.803574818314871285e-03
1.877500000000000000e+03 4.517503301746085553e-03
1.880000000000000000e+03 4.524059043103616576e-03
1.882500000000000000e+03 4.582678808969391226e-03
1.885000000000000000e+03 4.421914701091473818e-03
1.887500000000000000e+03 3.964463747174947449e-03
1.890000000000000000e+03 3.389523765679578957e-03
1.892500000000000000e+03 2.970415295017708301e-03
1.895000000000000000e+03 2.833596749805693954e-03
1.897500000000000000e+03 2.875972423588142070e-03
1.900000000000000000e+03 2.919043013450650387e-03
1.902500000000000000e+03 2.916511768082739441e-03
1.905000000000000000e+03 2.972413128925279445e-03
1.907500000000000000e+03 3.156610267633337165e-03
1.910000000000000000e+03 3.350525806579929614e-03
1.912500000000000000e+03 3.318491029494669096e-03
1.915000000000000000e+03 2.934639058877862392e-03
1.917500000000000000e+03 2.325186461277131428e-03
1.920000000000000000e+03 1.784151810231347605e-03
1.922500000000000000e+03 1.541341140031784237e-03
1.925000000000000000e+03 1.580744750091163039e-03
1.927500000000000000e+03 1.658090326421176198e-03
1.930000000000000000e+03 1.509458930780058043e-03
1.932500000000000000e+03 1.079257475750145358e-03
1.935000000000000000e+03 5.584050478096532540e-04
1.937500000000000000e+03 1.921015934513054001e-04
1.940000000000000000e+03 5.667259056897943671e-05
1.942500000000000000e+03 4.276690827537461310e-05
1.945000000000000000e+03 4.510137616672165345e-05
1.947500000000000000e+03 1.187543530824135485e-04
1.950000000000000000e+03 4.112525401398357166e-04
1.952500000000000000e+03 9.536832431519690284e-04
1.955000000000000000e+03 1.558349547962087052e-03
1.957500000000000000e+03 1.946034732763348178e-03
1.960000000000000000e+03 1.980598345666853295e-03
1.962500000000000000e+03 1.790384754164116689e-03
1.965000000000000000e+03 1.669238312436977737e-03
1.967500000000000000e+03 1.838248938418688902e-03
1.970000000000000000e+03 2.263128489927497978e-03
1.972500000000000000e+03 2.687284630041929072e-03
1.975000000000000000e+03 2.862333261595208928e-03
1.977500000000000000e+03 2.763858753527146175e-03
1.980000000000000000e+03 2.578408108659479333e-03
1.982500000000000000e+03 2.485706451421768742e-03
1.985000000000000000e+03 2.487141500071562723e-03
1.987500000000000000e+03 2.468662184688036072e-03
1.990000000000000000e+03 2.402597512844936462e-03
1.992500000000000000e+03 2.435392870895896830e-03
1.995000000000000000e+03 2.754194562260225097e-03
1.997500000000000000e+03 3.378611681741717880e-03
2.000000000000000000e+03 4.097261742587909178e-03
