0.000000000000000000e+00 0.000000000000000000e+00 1.000000000000000000e+00
2.500000000000000000e+00 1.373923475569515384e-01 8.626076524430484893e-01
5.000000000000000000e+00 4.734811567166243296e-01 5.265188432833736165e-01
7.500000000000000000e+00 8.229745942333523967e-01 1.770254057666414971e-01
1.000000000000000000e+01 9.952608730998907527e-01 4.739126900102999702e-03
1.250000000000000000e+01 8.994743947091966563e-01 1.005256052907978481e-01
1.500000000000000000e+01 5.921049820147852305e-01 4.078950179852114943e-01
1.750000000000000000e+01 2.429066023773450989e-01 7.570933976226505990e-01
2.000000000000000000e+01 4.079754328950518927e-02 9.592024567104883159e-01
2.250000000000000000e+01 9.254420318832970449e-02 9.074557968116618856e-01
2.500000000000000000e+01 3.678560094919726686e-01 6.321439905080175059e-01
2.750000000000000000e+01 7.176897530719250629e-01 2.823102469280637239e-01
3.000000000000000000e+01 9.542491723629705769e-01 4.575082763701562860e-02
3.250000000000000000e+01 9.505817826749476396e-01 4.941821732503911407e-02
3.500000000000000000e+01 7.083117888209786717e-01 2.916882111790068954e-01
3.750000000000000000e+01 3.577763576742724050e-01 6.422236423257108306e-01
4.000000000000000000e+01 8.900357635027279779e-02 9.109964236497147816e-01
4.250000000000000000e+01 4.874581938620102528e-02 9.512541806137821965e-01
4.500000000000000000e+01 2.589441677925151120e-01 7.410558322074657367e-01
4.750000000000000000e+01 6.028653930175429387e-01 3.971346069824379099e-01
5.000000000000000000e+01 8.890287737033604198e-01 1.109712262966203039e-01
5.250000000000000000e+01 9.585023249994852890e-01 4.149767500049304086e-02
5.500000000000000000e+01 7.745241813431393840e-01 2.254758186568379119e-01
5.750000000000000000e+01 4.425058958025115396e-01 5.574941041974645906e-01
6.000000000000000000e+01 1.490812640388641808e-01 8.509187359611135593e-01
6.250000000000000000e+01 5.623900838025475135e-02 9.437609916197192694e-01
6.500000000000000000e+01 2.117753779836917261e-01 7.882246220162812955e-01
6.750000000000000000e+01 5.258979481549242996e-01 4.741020518450506094e-01
7.000000000000000000e+01 8.243340542894972423e-01 1.756659457104781386e-01
7.250000000000000000e+01 9.454460449960743196e-01 5.455395500390342045e-02
7.500000000000000000e+01 8.270038908257091315e-01 1.729961091742669155e-01
7.750000000000000000e+01 5.371195237052890370e-01 4.628804762946867601e-01
8.000000000000000000e+01 2.353648632344129410e-01 7.646351367655619402e-01
8.250000000000000000e+01 8.629870602283271075e-02 9.137012939771423925e-01
8.500000000000000000e+01 1.710807698468081728e-01 8.289192301531642659e-01
8.750000000000000000e+01 4.433610352356575635e-01 5.566389647643167349e-01
9.000000000000000000e+01 7.532280559548758525e-01 2.467719440450987511e-01
9.250000000000000000e+01 9.279884846262382858e-01 7.201151537373604028e-02
9.500000000000000000e+01 8.676838884271074193e-01 1.323161115728699877e-01
9.750000000000000000e+01 6.028613976537653407e-01 3.971386023462097903e-01
1.000000000000000000e+02 2.802128892804377491e-01 7.197871107195377149e-01
1.025000000000000000e+02 8.133562368777469409e-02 9.186643763121967732e-01
1.050000000000000000e+02 1.194574642374596901e-01 8.805425357625105143e-01
1.075000000000000000e+02 3.738857492846804353e-01 6.261142507152931413e-01
1.100000000000000000e+02 7.011759710583803651e-01 2.988240289415914908e-01
1.125000000000000000e+02 9.170176385533608254e-01 8.298236144661252922e-02
1.150000000000000000e+02 9.010468505651980653e-01 9.895314943477306890e-02
1.175000000000000000e+02 6.639358252895634083e-01 3.360641747104080590e-01
1.200000000000000000e+02 3.394452065754350323e-01 6.605547934245358244e-01
1.225000000000000000e+02 1.082192171664992930e-01 8.917807828334733955e-01
1.250000000000000000e+02 9.782570224008337034e-02 9.021742977598885549e-01
1.275000000000000000e+02 3.141315185167240509e-01 6.858684814832449739e-01
1.300000000000000000e+02 6.395563156845631703e-01 3.604436843154065206e-01
1.325000000000000000e+02 8.971697572894532513e-01 1.028302427105151351e-01
1.350000000000000000e+02 9.457218526559709737e-01 5.427814734399579594e-02
1.375000000000000000e+02 7.557770435447074275e-01 2.442229564552581000e-01
1.400000000000000000e+02 4.271645954615576057e-01 5.728354045384056459e-01
1.425000000000000000e+02 1.375025537091982553e-01 8.624974462907653017e-01
1.450000000000000000e+02 4.703380541445284502e-02 9.529661945855094629e-01
1.475000000000000000e+02 2.096070937679008761e-01 7.903929062320653731e-01
1.500000000000000000e+02 5.394188423955169620e-01 4.605811576044483990e-01
1.525000000000000000e+02 8.550503912562793518e-01 1.449496087436832892e-01
1.550000000000000000e+02 9.792915063926919128e-01 2.070849360727160943e-02
1.575000000000000000e+02 8.395428790533685515e-01 1.604571209465933124e-01
1.600000000000000000e+02 5.107334397210617771e-01 4.892665602788988100e-01
1.625000000000000000e+02 1.745737547132417133e-01 8.254262452867142663e-01
1.650000000000000000e+02 1.767690859633595096e-02 9.823230914036195083e-01
1.675000000000000000e+02 1.270705732014707490e-01 8.729294267984878397e-01
1.700000000000000000e+02 4.426168793325735984e-01 5.573831206673804939e-01
1.725000000000000000e+02 7.918945451810254221e-01 2.081054548189281705e-01
1.750000000000000000e+02 9.859106068248271182e-01 1.408939317512408924e-02
1.775000000000000000e+02 9.214865341972505730e-01 7.851346580270152087e-02
1.800000000000000000e+02 6.351364402320021085e-01 3.648635597679508180e-01
1.825000000000000000e+02 2.816151811747192868e-01 7.183848188252309752e-01
1.850000000000000000e+02 5.066549086258961831e-02 9.493345091373615041e-01
1.875000000000000000e+02 6.644962577560428740e-02 9.335503742243431713e-01
1.900000000000000000e+02 3.216281001613364166e-01 6.783718998386087939e-01
1.925000000000000000e+02 6.801492872686129010e-01 3.198507127313309772e-01
1.950000000000000000e+02 9.483665841167723265e-01 5.163341588316942149e-02
1.975000000000000000e+02 9.787189787129921825e-01 2.128102128695213632e-02
2.000000000000000000e+02 7.512484993231234309e-01 2.487515006768184489e-01
2.025000000000000000e+02 3.873458273877592450e-01 6.126541726121808029e-01
2.050000000000000000e+02 8.534275849190225971e-02 9.146572415080372886e-01
2.075000000000000000e+02 1.134715213131484712e-02 9.886528478686185117e-01
2.100000000000000000e+02 2.060518089057311042e-01 7.939481910942028930e-01
2.125000000000000000e+02 5.613009050830876090e-01 4.386990949168459997e-01
2.150000000000000000e+02 8.807679910236698717e-01 1.192320089762640700e-01
2.175000000000000000e+02 9.900523277340269601e-01 9.947672265907399683e-03
2.200000000000000000e+02 8.330006869620895094e-01 1.669993130378451540e-01
2.225000000000000000e+02 5.002546744466607187e-01 4.997453255532732230e-01
2.250000000000000000e+02 1.761527979227146823e-01 8.238472020772192872e-01
2.275000000000000000e+02 3.622879158933602073e-02 9.637712084105988231e-01
2.300000000000000000e+02 1.529826784065180245e-01 8.470173215934173605e-01
2.325000000000000000e+02 4.598867404368265355e-01 5.401132595631078503e-01
2.350000000000000000e+02 7.900028109279977340e-01 2.099971890719361522e-01
2.375000000000000000e+02 9.662326498326512247e-01 3.376735016728520805e-02
2.400000000000000000e+02 8.951622745044977014e-01 1.048377254954392102e-01
2.425000000000000000e+02 6.161524351587118753e-01 3.838475648412270624e-01
2.450000000000000000e+02 2.803992351802194749e-01 7.196007648197203510e-01
2.475000000000000000e+02 7.023157237351175530e-02 9.297684276264304160e-01
2.500000000000000000e+02 1.003433781820179671e-01 8.996566218179260499e-01
2.525000000000000000e+02 3.539155206507068607e-01 6.460844793492381832e-01
2.550000000000000000e+02 6.900612744447299773e-01 3.099387255552131792e-01
2.575000000000000000e+02 9.210332699430403558e-01 7.896673005690015013e-02
2.600000000000000000e+02 9.175782916024051161e-01 8.242170839753465428e-02
2.625000000000000000e+02 6.824944211293899610e-01 3.175055788705498094e-01
2.650000000000000000e+02 3.491481700093462259e-01 6.508518299905937665e-01
2.675000000000000000e+02 1.052187667689988837e-01 8.947812332309427186e-01
2.700000000000000000e+02 8.602575439226334275e-02 9.139742456076808130e-01
2.725000000000000000e+02 2.992378211049193659e-01 7.007621788950245678e-01
2.750000000000000000e+02 6.232320235689476906e-01 3.767679764309943558e-01
2.775000000000000000e+02 8.777375264110642838e-01 1.222624735888799552e-01
2.800000000000000000e+02 9.246111754463368637e-01 7.538882455360543244e-02
2.825000000000000000e+02 7.420983068735468313e-01 2.579016931263946599e-01
2.850000000000000000e+02 4.336697170387764921e-01 5.663302829611647216e-01
2.875000000000000000e+02 1.695656548919652340e-01 8.304343451079768679e-01
2.900000000000000000e+02 9.423088403288901183e-02 9.057691159670521186e-01
2.925000000000000000e+02 2.488565432899556007e-01 7.511434567099870563e-01
2.950000000000000000e+02 5.491983858405169450e-01 4.508016141594235471e-01
2.975000000000000000e+02 8.302709332290172384e-01 1.697290667709223100e-01
3.000000000000000000e+02 9.352550208065816273e-01 6.474497919335844842e-02
3.025000000000000000e+02 8.021884398124798921e-01 1.978115601874594343e-01
3.050000000000000000e+02 5.009623048796015832e-01 4.990376951203344680e-01
3.075000000000000000e+02 1.976588881420916488e-01 8.023411118578440693e-01
3.100000000000000000e+02 6.299740696091148118e-02 9.370025930390237789e-01
3.125000000000000000e+02 1.751530370545249515e-01 8.248469629454120433e-01
3.150000000000000000e+02 4.732600523163723039e-01 5.267399476835638028e-01
3.175000000000000000e+02 7.902506677404750324e-01 2.097493322594581044e-01
3.200000000000000000e+02 9.473971468576867228e-01 5.260285314224807940e-02
3.225000000000000000e+02 8.560478747146649248e-01 1.439521252852706823e-01
3.250000000000000000e+02 5.675857179364229843e-01 4.324142820635120121e-01
3.275000000000000000e+02 2.434556185745210544e-01 7.565443814254140253e-01
3.300000000000000000e+02 6.390158836608114679e-02 9.360984116338545435e-01
3.325000000000000000e+02 1.281766978676205371e-01 8.718233021323134047e-01
3.350000000000000000e+02 4.013943689208098187e-01 5.986056310791278978e-01
3.375000000000000000e+02 7.351697233276220933e-01 2.648302766723152901e-01
3.400000000000000000e+02 9.486264865644710165e-01 5.137351343546664451e-02
3.425000000000000000e+02 9.254290333722554607e-01 7.457096662768306072e-02
3.450000000000000000e+02 6.759372887241084094e-01 3.240627112758274198e-01
3.475000000000000000e+02 3.325848301915313998e-01 6.674151698084045403e-01
3.500000000000000000e+02 8.056650110040293467e-02 9.194334988995312985e-01
3.525000000000000000e+02 5.886876447240679128e-02 9.411312355275263108e-01
3.550000000000000000e+02 2.833276137622310342e-01 7.166723862376997989e-01
3.575000000000000000e+02 6.344114005520522515e-01 3.655885994478785816e-01
3.600000000000000000e+02 9.195978573704433057e-01 8.040214262948651436e-02
3.625000000000000000e+02 9.789002260140878819e-01 2.109977398584052255e-02
3.650000000000000000e+02 7.754818680861893521e-01 2.245181319137376508e-01
3.675000000000000000e+02 4.188812437277927847e-01 5.811187562721326083e-01
3.700000000000000000e+02 1.054607712091892996e-01 8.945392287907373285e-01
3.725000000000000000e+02 8.733783201155087550e-03 9.912662167987712492e-01
3.750000000000000000e+02 1.822045606567458675e-01 8.177954393431769997e-01
3.775000000000000000e+02 5.302299616994240461e-01 4.697700383004974611e-01
3.800000000000000000e+02 8.624566643374835806e-01 1.375433356624413406e-01
3.825000000000000000e+02 9.994883992252580063e-01 5.116007746677482104e-04
3.850000000000000000e+02 8.700177018567316622e-01 1.299822981431926761e-01
3.875000000000000000e+02 5.469926953895565269e-01 4.530073046103685330e-01
3.900000000000000000e+02 2.057907380962543664e-01 7.942092619036705825e-01
3.925000000000000000e+02 2.936993153237379625e-02 9.706300684675535084e-01
3.950000000000000000e+02 1.114860824834276731e-01 8.885139175165037706e-01
3.975000000000000000e+02 4.078489902394470401e-01 5.921510097604845146e-01
4.000000000000000000e+02 7.596286627114389178e-01 2.403713372884929145e-01
4.025000000000000000e+02 9.772428452586547909e-01 2.275715474127731897e-02
4.050000000000000000e+02 9.416113545712102573e-01 5.838864542872169994e-02
4.075000000000000000e+02 6.696535983588239871e-01 3.303464016411071791e-01
4.100000000000000000e+02 3.074897860582874731e-01 6.925102139416448033e-01
4.125000000000000000e+02 5.239788257088917600e-02 9.476021174290416571e-01
4.150000000000000000e+02 4.435163493610633223e-02 9.556483650638252225e-01
4.175000000000000000e+02 2.873268708556451223e-01 7.126731291442891525e-01
4.200000000000000000e+02 6.461112787071070507e-01 3.538887212928288339e-01
4.225000000000000000e+02 9.219060785850506923e-01 7.809392141488330497e-02
4.250000000000000000e+02 9.639226360244947944e-01 3.607736397543961915e-02
4.275000000000000000e+02 7.529234230918165904e-01 2.470765769081180174e-01
4.300000000000000000e+02 4.095536863303829156e-01 5.904463136695519143e-01
4.325000000000000000e+02 1.245656830786641966e-01 8.754343169212679410e-01
4.350000000000000000e+02 5.241400945700924741e-02 9.475859905429253605e-01
4.375000000000000000e+02 2.283094955949787896e-01 7.716905044049597873e-01
4.400000000000000000e+02 5.527485324364658226e-01 4.472514675634711723e-01
4.425000000000000000e+02 8.486128843876977745e-01 1.513871156122393036e-01
4.450000000000000000e+02 9.574227097307836942e-01 4.257729026915411941e-02
4.475000000000000000e+02 8.231019476021845804e-01 1.768980523977531083e-01
4.500000000000000000e+02 5.203847955294205185e-01 4.796152044705166428e-01
4.525000000000000000e+02 2.141421795081439594e-01 7.858578204917925358e-01
4.550000000000000000e+02 7.096282971203668466e-02 9.290371702879006710e-01
4.575000000000000000e+02 1.689866157737742458e-01 8.310133842261629988e-01
4.600000000000000000e+02 4.541253302905458034e-01 5.458746697093925793e-01
4.625000000000000000e+02 7.679705957762279489e-01 2.320294042237096566e-01
4.650000000000000000e+02 9.346014191264877535e-01 6.539858087344974091e-02
4.675000000000000000e+02 8.595056147134439994e-01 1.404943852864931064e-01
4.700000000000000000e+02 5.842696361620740575e-01 4.157303638378625488e-01
4.725000000000000000e+02 2.640679482041477510e-01 7.359320517957891328e-01
4.750000000000000000e+02 7.955739862184357802e-02 9.204426013780917515e-01
4.775000000000000000e+02 1.338945235950994572e-01 8.661054764048299326e-01
4.800000000000000000e+02 3.947212824194761271e-01 6.052787175804511532e-01
4.825000000000000000e+02 7.141792092942108594e-01 2.858207907057169206e-01
4.850000000000000000e+02 9.139617020497252664e-01 8.603829795020018212e-02
4.875000000000000000e+02 8.853382213734743988e-01 1.146617786264487876e-01
4.900000000000000000e+02 6.476387607091145249e-01 3.523612392908097579e-01
4.925000000000000000e+02 3.346749754163045876e-01 6.653250245836208610e-01
4.950000000000000000e+02 1.195125296684425575e-01 8.804874703314844453e-01
4.975000000000000000e+02 1.201796026723174898e-01 8.798203973276077505e-01
5.000000000000000000e+02 3.366318877701433565e-01 6.633681122297805377e-01
5.025000000000000000e+02 6.511911393964924244e-01 3.488088606034323025e-01
5.050000000000000000e+02 8.915151967588352822e-01 1.084848032410906105e-01
5.075000000000000000e+02 9.233735607238329202e-01 7.662643927609133487e-02
5.100000000000000000e+02 7.247865916253259932e-01 2.752134083745967907e-01
5.125000000000000000e+02 4.011001207933130308e-01 5.988998792066120291e-01
5.150000000000000000e+02 1.301211394546372413e-01 8.698788605452887346e-01
5.175000000000000000e+02 6.448441072602605073e-02 9.355155892738987733e-01
5.200000000000000000e+02 2.445979210499331646e-01 7.554020789499902300e-01
5.225000000000000000e+02 5.727501943716837296e-01 4.272498056282388323e-01
5.250000000000000000e+02 8.657931108459039349e-01 1.342068891540179054e-01
5.275000000000000000e+02 9.581599515608023587e-01 4.184004843911963423e-02
5.300000000000000000e+02 7.963229528858690731e-01 2.036770471140532390e-01
5.325000000000000000e+02 4.697181222905381648e-01 5.302818777093842861e-01
5.350000000000000000e+02 1.601892036079893555e-01 8.398107963919327901e-01
5.375000000000000000e+02 3.966433346894206874e-02 9.603356665309799034e-01
5.400000000000000000e+02 1.749054480217474838e-01 8.250945519781746063e-01
5.425000000000000000e+02 4.921705680326616816e-01 5.078294319672589374e-01
5.450000000000000000e+02 8.192347297909595705e-01 1.807652702089624364e-01
5.475000000000000000e+02 9.794985154949202855e-01 2.050148450500133279e-02
5.500000000000000000e+02 8.865173326295359146e-01 1.134826673703863559e-01
5.525000000000000000e+02 5.894481615590059231e-01 4.105518384409152510e-01
5.550000000000000000e+02 2.468783526968952868e-01 7.531216473030244440e-01
5.575000000000000000e+02 4.316148658781757130e-02 9.568385134121032420e-01
5.600000000000000000e+02 9.021403217864178148e-02 9.097859678212812939e-01
5.625000000000000000e+02 3.658454178887021735e-01 6.341545821112204440e-01
5.650000000000000000e+02 7.226407092303732682e-01 2.773592907695512921e-01
5.675000000000000000e+02 9.655159000926660795e-01 3.448409990725882779e-02
5.700000000000000000e+02 9.582678877362081904e-01 4.173211226371696669e-02
5.725000000000000000e+02 7.007848193618605448e-01 2.992151806380661805e-01
5.750000000000000000e+02 3.320307889807799784e-01 6.679692110191446375e-01
5.775000000000000000e+02 5.451736446181922741e-02 9.454826355381021896e-01
5.800000000000000000e+02 2.148196180373310171e-02 9.785180381961883223e-01
5.825000000000000000e+02 2.509700569053466279e-01 7.490299430945763781e-01
5.850000000000000000e+02 6.161884049830883558e-01 3.838115950168329849e-01
5.875000000000000000e+02 9.171183446598966116e-01 8.288165534002392421e-02
5.900000000000000000e+02 9.916319238438783268e-01 8.368076156042111857e-03
5.925000000000000000e+02 8.032006609447734924e-01 1.967993390551472932e-01
5.950000000000000000e+02 4.577972529370349930e-01 5.422027470628864032e-01
5.975000000000000000e+02 1.435872686502412399e-01 8.564127313496843197e-01
6.000000000000000000e+02 2.876583632503720150e-02 9.712341636748871299e-01
6.025000000000000000e+02 1.728834689940441371e-01 8.271165310058804510e-01
6.050000000000000000e+02 4.971085613746203391e-01 5.028914386253027224e-01
6.075000000000000000e+02 8.271130301271998331e-01 1.728869698727245607e-01
6.100000000000000000e+02 9.855669973704542786e-01 1.443300262947030607e-02
6.125000000000000000e+02 8.865211773520195182e-01 1.134788226479046397e-01
6.150000000000000000e+02 5.823658805673104233e-01 4.176341194326129713e-01
6.175000000000000000e+02 2.372684564611284297e-01 7.627315435387940212e-01
6.200000000000000000e+02 3.915146864149512268e-02 9.608485313584284038e-01
6.225000000000000000e+02 9.646957608275091856e-02 9.035304239171719765e-01
6.250000000000000000e+02 3.769379884999650709e-01 6.230620114999594339e-01
6.275000000000000000e+02 7.242902600041907224e-01 2.757097399957337824e-01
6.300000000000000000e+02 9.454670659624242468e-01 5.453293403749865514e-02
6.325000000000000000e+02 9.191971686727206103e-01 8.080283132720164629e-02
6.350000000000000000e+02 6.635560021742076264e-01 3.364439978257147690e-01
6.375000000000000000e+02 3.239344122648847302e-01 6.760655877350347787e-01
6.400000000000000000e+02 8.953116607720523756e-02 9.104688339227161586e-01
6.425000000000000000e+02 8.743491350362223025e-02 9.125650864962935316e-01
6.450000000000000000e+02 3.143819307977586686e-01 6.856180692021546230e-01
6.475000000000000000e+02 6.424004079544003432e-01 3.575995920455132260e-01
6.500000000000000000e+02 8.918596911563356766e-01 1.081403088435787807e-01
6.525000000000000000e+02 9.294933708081052348e-01 7.050662919180866739e-02
6.550000000000000000e+02 7.384924572923039499e-01 2.615075427076123393e-01
6.575000000000000000e+02 4.252298677026060125e-01 5.747701322973111093e-01
6.600000000000000000e+02 1.609611864135379322e-01 8.390388135863733332e-01
6.625000000000000000e+02 8.971573360885093384e-02 9.102842663910604148e-01
6.650000000000000000e+02 2.504652682979975897e-01 7.495347317019133149e-01
6.675000000000000000e+02 5.548564587266847647e-01 4.451435412732236974e-01
6.700000000000000000e+02 8.338997929004996479e-01 1.661002070994102575e-01
6.725000000000000000e+02 9.305133174034962984e-01 6.948668259641252454e-02
6.750000000000000000e+02 7.880993504749049805e-01 2.119006495250045918e-01
6.775000000000000000e+02 4.846015202634583741e-01 5.153984797364501436e-01
6.800000000000000000e+02 1.903447477651769582e-01 8.096552522347315595e-01
6.825000000000000000e+02 7.181720531071396352e-02 9.281827946891919590e-01
6.850000000000000000e+02 1.963613878413117686e-01 8.036386121585961106e-01
6.875000000000000000e+02 4.934492944538604320e-01 5.065507055460467534e-01
6.900000000000000000e+02 7.953005386564906409e-01 2.046994613434182653e-01
6.925000000000000000e+02 9.328262440737434824e-01 6.717375592616479929e-02
6.950000000000000000e+02 8.308662856389656959e-01 1.691337143609431826e-01
6.975000000000000000e+02 5.485826472028925149e-01 4.514173527970161692e-01
7.000000000000000000e+02 2.441641812161458869e-01 7.558358187837626030e-01
7.025000000000000000e+02 8.615451336906711222e-02 9.138454866308423075e-01
7.050000000000000000e+02 1.615274071678528822e-01 8.384725928320559962e-01
7.075000000000000000e+02 4.296526830699078370e-01 5.703473169299994039e-01
7.100000000000000000e+02 7.450049676886779659e-01 2.549950323112300521e-01
7.125000000000000000e+02 9.353440623104224416e-01 6.465593768948497966e-02
7.150000000000000000e+02 8.942529674547539109e-01 1.057470325451536075e-01
7.175000000000000000e+02 6.398091532738678922e-01 3.601908467260410140e-01
7.200000000000000000e+02 3.076220562680490045e-01 6.923779437318584584e-01
7.225000000000000000e+02 7.957169002734928998e-02 9.204283099725570905e-01
7.250000000000000000e+02 8.432213808382438280e-02 9.156778619160816923e-01
7.275000000000000000e+02 3.236940856154030821e-01 6.763059143845000509e-01
7.300000000000000000e+02 6.678802408889015219e-01 3.321197591110028324e-01
7.325000000000000000e+02 9.253781749837286519e-01 7.462182501617628527e-02
7.350000000000000000e+02 9.502298144497036692e-01 4.977018555019993573e-02
7.375000000000000000e+02 7.256321519967521283e-01 2.743678480031526146e-01
7.400000000000000000e+02 3.749076711602170597e-01 6.250923288396849076e-01
7.425000000000000000e+02 9.261065942459556499e-02 9.073893405753082897e-01
7.450000000000000000e+02 3.534865644759702802e-02 9.646513435523065283e-01
7.475000000000000000e+02 2.349373744549504983e-01 7.650626255449514135e-01
7.500000000000000000e+02 5.822592708059378674e-01 4.177407291939601586e-01
7.525000000000000000e+02 8.887870584156040143e-01 1.112129415842933872e-01
7.550000000000000000e+02 9.896885476537783388e-01 1.031145234611797155e-02
7.575000000000000000e+02 8.317776246795278716e-01 1.682223753203682115e-01
7.600000000000000000e+02 5.004206412961096362e-01 4.995793587037850036e-01
7.625000000000000000e+02 1.732015610362759861e-01 8.267984389636149345e-01
7.650000000000000000e+02 2.575818773457888566e-02 9.742418122653135892e-01
7.675000000000000000e+02 1.386065261270698346e-01 8.613934738728226126e-01
7.700000000000000000e+02 4.531211021535987427e-01 5.468788978462930661e-01
7.725000000000000000e+02 8.006925975552470209e-01 1.993074024446481185e-01
7.750000000000000000e+02 9.918403237265598360e-01 8.159676273334175861e-03
7.775000000000000000e+02 9.193321984830338245e-01 8.066780151686189781e-02
7.800000000000000000e+02 6.191496795960454991e-01 3.808503204038498624e-01
7.825000000000000000e+02 2.535655153537686446e-01 7.464344846461262728e-01
7.850000000000000000e+02 2.296201718050812704e-02 9.770379828193865857e-01
7.875000000000000000e+02 5.435849871491817142e-02 9.456415012849795909e-01
7.900000000000000000e+02 3.299581424266405660e-01 6.700418575732575155e-01
7.925000000000000000e+02 6.971893527482547759e-01 3.028106472516438608e-01
7.950000000000000000e+02 9.545607421072321852e-01 4.543925789266694409e-02
7.975000000000000000e+02 9.637676757546669304e-01 3.623232424523249728e-02
8.000000000000000000e+02 7.244366358414945362e-01 2.755633641584054883e-01
8.025000000000000000e+02 3.710623341547598097e-01 6.289376658451376612e-01
8.050000000000000000e+02 9.671306027673817751e-02 9.032869397231582109e-01
8.075000000000000000e+02 4.785090174650447753e-02 9.521490982533933334e-01
8.100000000000000000e+02 2.475193016680475866e-01 7.524806983318490516e-01
8.125000000000000000e+02 5.859085583600022185e-01 4.140914416398918108e-01
8.150000000000000000e+02 8.806511162564600870e-01 1.193488837434343447e-01
8.175000000000000000e+02 9.739695999650346270e-01 2.603040003485895815e-02
8.200000000000000000e+02 8.162407777054528912e-01 1.837592222944430809e-01
8.225000000000000000e+02 4.927086700634702998e-01 5.072913299364258943e-01
8.250000000000000000e+02 1.786112838837435324e-01 8.213887161161519401e-01
8.275000000000000000e+02 4.499905994939795012e-02 9.550009400505001800e-01
8.300000000000000000e+02 1.648467114894442420e-01 8.351532885104552273e-01
8.325000000000000000e+02 4.713309861892042707e-01 5.286690138106951986e-01
8.350000000000000000e+02 7.935353427552788164e-01 2.064646572446203199e-01
8.375000000000000000e+02 9.516687541825101793e-01 4.833124581739135089e-02
8.400000000000000000e+02 8.584970575473979126e-01 1.415029424525015844e-01
8.425000000000000000e+02 5.684858272335758800e-01 4.315141727663218685e-01
8.450000000000000000e+02 2.459855284583558066e-01 7.540144715415438847e-01
8.475000000000000000e+02 7.122696945574311100e-02 9.287730305441587175e-01
8.500000000000000000e+02 1.389782955278081600e-01 8.610217044720926971e-01
8.525000000000000000e+02 4.076974642638771518e-01 5.923025357360214294e-01
8.550000000000000000e+02 7.261180039043125811e-01 2.738819960955873878e-01
8.575000000000000000e+02 9.193395297218452944e-01 8.066047027805242631e-02
8.600000000000000000e+02 8.846183050950795490e-01 1.153816949048175056e-01
8.625000000000000000e+02 6.449062012312958281e-01 3.550937987686019204e-01
8.650000000000000000e+02 3.336898212227950022e-01 6.663101787771007478e-01
8.675000000000000000e+02 1.216076579464710761e-01 8.783923420534229809e-01
8.700000000000000000e+02 1.245187876041194963e-01 8.754812123957769199e-01
8.725000000000000000e+02 3.410870114912670226e-01 6.589129885086312255e-01
8.750000000000000000e+02 6.526389334729310043e-01 3.473610665269698528e-01
8.775000000000000000e+02 8.864344908112267163e-01 1.135655091886756118e-01
8.800000000000000000e+02 9.101331167215789275e-01 8.986688327832106915e-02
8.825000000000000000e+02 7.067179374900145472e-01 2.932820625098855327e-01
8.850000000000000000e+02 3.869831179102366514e-01 6.130168820896638726e-01
8.875000000000000000e+02 1.296916763719209720e-01 8.703083236279801627e-01
8.900000000000000000e+02 8.100214752019466169e-02 9.189978524797095538e-01
8.925000000000000000e+02 2.702714463320991523e-01 7.297285536678067563e-01
8.950000000000000000e+02 5.918331530604215018e-01 4.081668469394809096e-01
8.975000000000000000e+02 8.645421300784814633e-01 1.354578699214211146e-01
9.000000000000000000e+02 9.349623043645962639e-01 6.503769563530656383e-02
9.025000000000000000e+02 7.642174902613857457e-01 2.357825097385153335e-01
9.050000000000000000e+02 4.487588237865341445e-01 5.512411762133655468e-01
9.075000000000000000e+02 1.647579375694176451e-01 8.352420624304868202e-01
9.100000000000000000e+02 6.955147048819479427e-02 9.304485295117095323e-01
9.125000000000000000e+02 2.158040574152703672e-01 7.841959425846347642e-01
9.150000000000000000e+02 5.242935599252201984e-01 4.757064400746846555e-01
9.175000000000000000e+02 8.278216026966845886e-01 1.721783973032214032e-01
9.200000000000000000e+02 9.612394902699283872e-01 3.876050972997888144e-02
9.225000000000000000e+02 8.499056635519004477e-01 1.500943364480051279e-01
9.250000000000000000e+02 5.506536307524843021e-01 4.493463692474226612e-01
9.275000000000000000e+02 2.234207367647324527e-01 7.765792632351764535e-01
9.300000000000000000e+02 4.680121872525230819e-02 9.531987812746545163e-01
9.325000000000000000e+02 1.207672377124686391e-01 8.792327622874415161e-01
9.350000000000000000e+02 4.091183323178731457e-01 5.908816676820366487e-01
9.375000000000000000e+02 7.555476334526822768e-01 2.444523665472261298e-01
9.400000000000000000e+02 9.677860162620124385e-01 3.221398373789653713e-02
9.425000000000000000e+02 9.249058773134181122e-01 7.509412268649115485e-02
9.450000000000000000e+02 6.470807576332368027e-01 3.529192423666723810e-01
9.475000000000000000e+02 2.864026699062272030e-01 7.135973300936833130e-01
9.500000000000000000e+02 4.240142019413152552e-02 9.575985798057817799e-01
9.525000000000000000e+02 5.023808063234262017e-02 9.497619193675657101e-01
9.550000000000000000e+02 3.056478372218800477e-01 6.943521627780282479e-01
9.575000000000000000e+02 6.686498398918925279e-01 3.313501601080168779e-01
9.600000000000000000e+02 9.421331041564899866e-01 5.786689584341803833e-02
9.625000000000000000e+02 9.797704611170411360e-01 2.022953888286486979e-02
9.650000000000000000e+02 7.637446152333140503e-01 2.362553847665913864e-01
9.675000000000000000e+02 4.119707593906782872e-01 5.880292406092257895e-01
9.700000000000000000e+02 1.135576563016645751e-01 8.864423436982417082e-01
9.725000000000000000e+02 2.815875354762483948e-02 9.718412464522816485e-01
9.750000000000000000e+02 2.017550126471501226e-01 7.982449873527535100e-01
9.775000000000000000e+02 5.420097135608509253e-01 4.579902864390514305e-01
9.800000000000000000e+02 8.662534576408736919e-01 1.337465423590279423e-01
9.825000000000000000e+02 9.982936129097959022e-01 1.706387090105652288e-03
9.850000000000000000e+02 8.639280665092802236e-01 1.360719334906209665e-01
9.875000000000000000e+02 5.334530965018070559e-01 4.665469034980932461e-01
9.900000000000000000e+02 1.857919705189504112e-01 8.142080294809532770e-01
9.925000000000000000e+02 1.126359880274880633e-02 9.887364011971558897e-01
9.950000000000000000e+02 1.057548755962132297e-01 8.942451244036951907e-01
9.975000000000000000e+02 4.163914192143584603e-01 5.836085807855518892e-01
1.000000000000000000e+03 7.708385923608391810e-01 2.291614076390698362e-01
1.002500000000000000e+03 9.741130443982852771e-01 2.588695560162280335e-02
1.005000000000000000e+03 9.173405880569218684e-01 8.265941194298317973e-02
1.007500000000000000e+03 6.365193263847940264e-01 3.634806736151097728e-01
1.010000000000000000e+03 2.894307556619656885e-01 7.105692443379378886e-01
1.012500000000000000e+03 6.625237129201706765e-02 9.337476287078866344e-01
1.015000000000000000e+03 8.560029418450258720e-02 9.143997058153965352e-01
1.017500000000000000e+03 3.328560567169557283e-01 6.671439432829461280e-01
1.020000000000000000e+03 6.716058791980928921e-01 3.283941208018086311e-01
1.022500000000000000e+03 9.189363052103902696e-01 8.106369478951218344e-02
1.025000000000000000e+03 9.431663528525039419e-01 5.683364714740065521e-02
1.027500000000000000e+03 7.330645593083692235e-01 2.669354406915351863e-01
1.030000000000000000e+03 4.032305475569780695e-01 5.967694524429264513e-01
1.032500000000000000e+03 1.328499419291390149e-01 8.671500580707657280e-01
1.035000000000000000e+03 6.925396082915567797e-02 9.307460391707451652e-01
1.037500000000000000e+03 2.470911792922126371e-01 7.529088207076852779e-01
1.040000000000000000e+03 5.676653191429510414e-01 4.323346808569455968e-01
1.042500000000000000e+03 8.520682570899422714e-01 1.479317429099551995e-01
1.045000000000000000e+03 9.407358643092470496e-01 5.926413569065083764e-02
1.047500000000000000e+03 7.839106670856470505e-01 2.160893329142518637e-01
1.050000000000000000e+03 4.705234488601306442e-01 5.294765511397647728e-01
1.052500000000000000e+03 1.777148197175392463e-01 8.222851802823583078e-01
1.055000000000000000e+03 6.977640710783733491e-02 9.302235928920605801e-01
1.057500000000000000e+03 2.052351920233851934e-01 7.947648079765154971e-01
1.060000000000000000e+03 5.055305476949514265e-01 4.944694523049479873e-01
1.062500000000000000e+03 8.017841154609528509e-01 1.982158845389451751e-01
1.065000000000000000e+03 9.307407387970578760e-01 6.925926120284027487e-02
1.067500000000000000e+03 8.245021647472253745e-01 1.754978352526742336e-01
1.070000000000000000e+03 5.451703304782529180e-01 4.548296695216445529e-01
1.072500000000000000e+03 2.481977874365600967e-01 7.518022125633390118e-01
1.075000000000000000e+03 9.679680400223665548e-02 9.032031959976642987e-01
1.077500000000000000e+03 1.739514706184129289e-01 8.260485293814860963e-01
1.080000000000000000e+03 4.380165351848695487e-01 5.619834648150303646e-01
1.082500000000000000e+03 7.447026664200773194e-01 2.552973335798203181e-01
1.085000000000000000e+03 9.243126617962380553e-01 7.568733820366180254e-02
1.087500000000000000e+03 8.743312761944012079e-01 1.256687238054974842e-01
1.090000000000000000e+03 6.178369892173398714e-01 3.821630107825570999e-01
1.092500000000000000e+03 2.941139846927148249e-01 7.058860153071815358e-01
1.095000000000000000e+03 8.355213668445647668e-02 9.164478633154410359e-01
1.097500000000000000e+03 1.065146587268397532e-01 8.934853412730572320e-01
1.100000000000000000e+03 3.533107428190289112e-01 6.466892571808708912e-01
1.102500000000000000e+03 6.871005621171607514e-01 3.128994378827395506e-01
1.105000000000000000e+03 9.201917278881339701e-01 7.980827211176895475e-02
1.107500000000000000e+03 9.206779237492421775e-01 7.932207625065977596e-02
1.110000000000000000e+03 6.875981988903987485e-01 3.124018011095044955e-01
1.112500000000000000e+03 3.511314121401247212e-01 6.488685878597771906e-01
1.115000000000000000e+03 9.864024381786877516e-02 9.013597561820345661e-01
1.117500000000000000e+03 7.000285017798871245e-02 9.299971498219146149e-01
1.120000000000000000e+03 2.813360908273874750e-01 7.186639091725178785e-01
1.122500000000000000e+03 6.178668493951107177e-01 3.821331506047947468e-01
1.125000000000000000e+03 8.974213619066900849e-01 1.025786380932127428e-01
1.127500000000000000e+03 9.686575197948693594e-01 3.134248020503258014e-02
1.130000000000000000e+03 7.917446061413865310e-01 2.082553938585159636e-01
1.132500000000000000e+03 4.598909629759611040e-01 5.401090370239428617e-01
1.135000000000000000e+03 1.507861743773570296e-01 8.492138256225469917e-01
1.137500000000000000e+03 3.253683250294687329e-02 9.674631674969593753e-01
1.140000000000000000e+03 1.725635360717169831e-01 8.274364639281939215e-01
1.142500000000000000e+03 4.982937863320786587e-01 5.017062136678324125e-01
1.145000000000000000e+03 8.332313421044971191e-01 1.667686578954132026e-01
1.147500000000000000e+03 9.918971207079910757e-01 8.102879291918767268e-03
1.150000000000000000e+03 8.830650770983403675e-01 1.169349229015672620e-01
1.152500000000000000e+03 5.630683998227008491e-01 4.369316001772065583e-01
1.155000000000000000e+03 2.068364734711584663e-01 7.931635265287472203e-01
1.157500000000000000e+03 1.102354624279301004e-02 9.889764537571140712e-01
1.160000000000000000e+03 8.387198240242173253e-02 9.161280175974820805e-01
1.162500000000000000e+03 3.849659132080557322e-01 6.150340867918462351e-01
1.165000000000000000e+03 7.488580044774373334e-01 2.511419955224633016e-01
1.167500000000000000e+03 9.777945757028081442e-01 2.220542429709295579e-02
1.170000000000000000e+03 9.501374878523172196e-01 4.986251214758427586e-02
1.172500000000000000e+03 6.845233184327258469e-01 3.154766815671742886e-01
1.175000000000000000e+03 3.268108061301361333e-01 6.731891938697647237e-01
1.177500000000000000e+03 6.980754986386591976e-02 9.301924501360321340e-01
1.180000000000000000e+03 5.035244131715183036e-02 9.496475586827476389e-01
1.182500000000000000e+03 2.777605654999299456e-01 7.222394344999689686e-01
1.185000000000000000e+03 6.297284115501984303e-01 3.702715884497000398e-01
1.187500000000000000e+03 9.171342151643162577e-01 8.286578483558285080e-02
1.190000000000000000e+03 9.844248117435430157e-01 1.557518825635686999e-02
1.192500000000000000e+03 7.935343482974984708e-01 2.064656517024032467e-01
1.195000000000000000e+03 4.462462497032918529e-01 5.537537502966090042e-01
1.197500000000000000e+03 1.308975195020330995e-01 8.691024804978644269e-01
1.200000000000000000e+03 2.001098085795498249e-02 9.799890191419454721e-01
1.202500000000000000e+03 1.743023535352103415e-01 8.256976464646875735e-01
1.205000000000000000e+03 5.076643215469900383e-01 4.923356784529072661e-01
1.207500000000000000e+03 8.347097251939307183e-01 1.652902748059667803e-01
1.210000000000000000e+03 9.748687771656466827e-01 2.513122283425254372e-02
1.212500000000000000e+03 8.534937752574750514e-01 1.465062247424234187e-01
1.215000000000000000e+03 5.420634617785340392e-01 4.579365382213655411e-01
1.217500000000000000e+03 2.156107058715605318e-01 7.843892941283391318e-01
1.220000000000000000e+03 5.357193238731233764e-02 9.464280676125860214e-01
1.222500000000000000e+03 1.413232543363069638e-01 8.586767456635924223e-01
1.225000000000000000e+03 4.265388175486879430e-01 5.734611824512121370e-01
1.227500000000000000e+03 7.514755430222691546e-01 2.485244569776297041e-01
1.230000000000000000e+03 9.403667354755380625e-01 5.963326452435982472e-02
1.232500000000000000e+03 8.935539530037786005e-01 1.064460469961185374e-01
1.235000000000000000e+03 6.391592908652354854e-01 3.608407091346619855e-01
1.237500000000000000e+03 3.166514453091857084e-01 6.833485546907120955e-01
1.240000000000000000e+03 1.017141267868735266e-01 8.982858732130214463e-01
1.242500000000000000e+03 1.116335210411982942e-01 8.883664789586966926e-01
1.245000000000000000e+03 3.409739200861460762e-01 6.590260799137468428e-01
1.247500000000000000e+03 6.628944403469609892e-01 3.371055596529323739e-01
1.250000000000000000e+03 8.976133953493170559e-01 1.023866046505758354e-01
1.252500000000000000e+03 9.123570077998562899e-01 8.764299220003529678e-02
1.255000000000000000e+03 6.972437675463108997e-01 3.027562324535797988e-01
1.257500000000000000e+03 3.726140986264009358e-01 6.273859013734892631e-01
1.260000000000000000e+03 1.216163703224090870e-01 8.783836296774831798e-01
1.262500000000000000e+03 8.587571981434788393e-02 9.141242801855428146e-01
1.265000000000000000e+03 2.847361412183070373e-01 7.152638587815831617e-01
1.267500000000000000e+03 6.050642062019710998e-01 3.949357937979180999e-01
1.270000000000000000e+03 8.667981735912720920e-01 1.332018264086162473e-01
1.272500000000000000e+03 9.251385167749529570e-01 7.486148322493683949e-02
1.275000000000000000e+03 7.504552054259939764e-01 2.495447945738953899e-01
1.277500000000000000e+03 4.421797480522136614e-01 5.578202519476775922e-01
1.280000000000000000e+03 1.717127562307628752e-01 8.282872437691271017e-01
1.282500000000000000e+03 8.797060501529253840e-02 9.120293949845986736e-01
1.285000000000000000e+03 2.371504516986874256e-01 7.628495483012011080e-01
1.287500000000000000e+03 5.385256422696924616e-01 4.614743577301955169e-01
1.290000000000000000e+03 8.278944196596844662e-01 1.721055803402019024e-01
1.292500000000000000e+03 9.456163206909373731e-01 5.438367930894999480e-02
1.295000000000000000e+03 8.234054440867780711e-01 1.765945559131089082e-01
1.297500000000000000e+03 5.237474898210330299e-01 4.762525101788564474e-01
1.300000000000000000e+03 2.089879809185604953e-01 7.910120190813261232e-01
1.302500000000000000e+03 5.396873614819984455e-02 9.460312638516878980e-01
1.305000000000000000e+03 1.483200689723709609e-01 8.516799310275167123e-01
1.307500000000000000e+03 4.433780058390021650e-01 5.566219941608869792e-01
1.310000000000000000e+03 7.762308100718223747e-01 2.237691899280669638e-01
1.312500000000000000e+03 9.599738405114743856e-01 4.002615948841511950e-02
1.315000000000000000e+03 8.897148086603182682e-01 1.102851913395710703e-01
1.317500000000000000e+03 6.029467682073239576e-01 3.970532317925655197e-01
1.320000000000000000e+03 2.588261778861162821e-01 7.411738221137724736e-01
1.322500000000000000e+03 4.848295518748713118e-02 9.515170448124017355e-01
1.325000000000000000e+03 8.834553983082554796e-02 9.116544601690637073e-01
1.327500000000000000e+03 3.567464396870808074e-01 6.432535603128077817e-01
1.330000000000000000e+03 7.076033954514481250e-01 2.923966045484410747e-01
1.332500000000000000e+03 9.512156606859971664e-01 4.878433931389178357e-02
1.335000000000000000e+03 9.566498940169716469e-01 4.335010598291796913e-02
1.337500000000000000e+03 7.209972865939753284e-01 2.790027134059150371e-01
1.340000000000000000e+03 3.702328343443933578e-01 6.297671656554961750e-01
1.342500000000000000e+03 9.238330519299642329e-02 9.076166948068943308e-01
1.345000000000000000e+03 3.788490672470328641e-02 9.621150932751876272e-01
1.347500000000000000e+03 2.386062957865912604e-01 7.613937042132989941e-01
1.350000000000000000e+03 5.884701091812972740e-01 4.115298908185910376e-01
1.352500000000000000e+03 8.980109206279618395e-01 1.019890793719256117e-01
1.355000000000000000e+03 9.962036214177084625e-01 3.796378582181396833e-03
1.357500000000000000e+03 8.254350023442993400e-01 1.745649976555883054e-01
1.360000000000000000e+03 4.761589907094249119e-01 5.238410092904610682e-01
1.362500000000000000e+03 1.391961692723774624e-01 8.608038307275087675e-01
1.365000000000000000e+03 2.399280586105908923e-04 9.997600719412739201e-01
1.367500000000000000e+03 1.358266750501561371e-01 8.641733249497287606e-01
1.370000000000000000e+03 4.705425723364389801e-01 5.294574276634480547e-01
1.372500000000000000e+03 8.199523558062049577e-01 1.800476441936801342e-01
1.375000000000000000e+03 9.939424222929647001e-01 6.057577706922059706e-03
1.377500000000000000e+03 9.011578178575587739e-01 9.884218214232684541e-02
1.380000000000000000e+03 5.965665248220695105e-01 4.034334751778161365e-01
1.382500000000000000e+03 2.481941384211177049e-01 7.518058615787703847e-01
1.385000000000000000e+03 4.423706444032768359e-02 9.557629355595570475e-01
1.387500000000000000e+03 9.238200776209601339e-02 9.076179922377979326e-01
1.390000000000000000e+03 3.643611077128141584e-01 6.356388922870763736e-01
1.392500000000000000e+03 7.129130547544922925e-01 2.870869452453961301e-01
1.395000000000000000e+03 9.506814459765126069e-01 4.931855402337588512e-02
1.397500000000000000e+03 9.497173756723240601e-01 5.028262432756326616e-02
1.400000000000000000e+03 7.100235779815030623e-01 2.899764220183844166e-01
1.402500000000000000e+03 3.607226915814433776e-01 6.392773084184444343e-01
1.405000000000000000e+03 9.158419968340542061e-02 9.084158003164805040e-01
1.407500000000000000e+03 4.985024364299636690e-02 9.501497563568866989e-01
1.410000000000000000e+03 2.581483733686864013e-01 7.418516266311993013e-01
1.412500000000000000e+03 6.003725543869372627e-01 3.996274456129468300e-01
1.415000000000000000e+03 8.856835550383669320e-01 1.143164449615175493e-01
1.417500000000000000e+03 9.557187095867927251e-01 4.428129041309206843e-02
1.420000000000000000e+03 7.737851909066549849e-01 2.262148090932299960e-01
1.422500000000000000e+03 4.445043615956681404e-01 5.554956384042181172e-01
1.425000000000000000e+03 1.530900943736142328e-01 8.469099056262709979e-01
1.427500000000000000e+03 6.033634205987024879e-02 9.396636579400150513e-01
1.430000000000000000e+03 2.139591527991603348e-01 7.860408472007243130e-01
1.432500000000000000e+03 5.253612702469065976e-01 4.746387297529776061e-01
1.435000000000000000e+03 8.219277605408468190e-01 1.780722394590384394e-01
1.437500000000000000e+03 9.429587738038216482e-01 5.704122619606490086e-02
1.440000000000000000e+03 8.258760951189447752e-01 1.741239048809419820e-01
1.442500000000000000e+03 5.376149278061986836e-01 4.623850721936869634e-01
1.445000000000000000e+03 2.367123110503440153e-01 7.632876889495421313e-01
1.447500000000000000e+03 8.750451875747493335e-02 9.124954812424058703e-01
1.450000000000000000e+03 1.716581903446041668e-01 8.283418096552768173e-01
1.452500000000000000e+03 4.433926304381213823e-01 5.566073695617586026e-01
1.455000000000000000e+03 7.528817598870780614e-01 2.471182401128020345e-01
1.457500000000000000e+03 9.271719468199596248e-01 7.282805317991963845e-02
1.460000000000000000e+03 8.662560371666134795e-01 1.337439628332669772e-01
1.462500000000000000e+03 6.010776010912913803e-01 3.989223989085894373e-01
1.465000000000000000e+03 2.787941355947490263e-01 7.212058644051299039e-01
1.467500000000000000e+03 8.099063069147599547e-02 9.190093693084022686e-01
1.470000000000000000e+03 1.202976502524665536e-01 8.797023497474121267e-01
1.472500000000000000e+03 3.753139525808516508e-01 6.246860474190263357e-01
1.475000000000000000e+03 7.023899656040647477e-01 2.976100343958127947e-01
1.477500000000000000e+03 9.176709413549223315e-01 8.232905864495196346e-02
1.480000000000000000e+03 9.014102250982851672e-01 9.858977490158890578e-02
1.482500000000000000e+03 6.643955237307441752e-01 3.356044762691297034e-01
1.485000000000000000e+03 3.399206343421668497e-01 6.600793656577079727e-01
1.487500000000000000e+03 1.081839205021140615e-01 8.918160794977626482e-01
1.490000000000000000e+03 9.693701565386572683e-02 9.030629843460139528e-01
1.492500000000000000e+03 3.128232846367545728e-01 6.871767153631249681e-01
1.495000000000000000e+03 6.389337067832765449e-01 3.610662932166022188e-01
1.497500000000000000e+03 8.981392745920003806e-01 1.018607254078796875e-01
1.500000000000000000e+03 9.480582158592979480e-01 5.194178414058327198e-02
1.502500000000000000e+03 7.580380550031466935e-01 2.419619449967341795e-01
1.505000000000000000e+03 4.276562278785948079e-01 5.723437721212869533e-01
1.507500000000000000e+03 1.355258795785903581e-01 8.644741204212899044e-01
1.510000000000000000e+03 4.339604527111821236e-02 9.566039547287623623e-01
1.512500000000000000e+03 2.060464114903214350e-01 7.939535885095583279e-01
1.515000000000000000e+03 5.374780279418833739e-01 4.625219720579960558e-01
1.517500000000000000e+03 8.552613006600437995e-01 1.447386993398366850e-01
1.520000000000000000e+03 9.811530723515737851e-01 1.884692764830663697e-02
1.522500000000000000e+03 8.420836508886689886e-01 1.579163491112106354e-01
1.525000000000000000e+03 5.130285086281966000e-01 4.869714913716822746e-01
1.527500000000000000e+03 1.758698817199196296e-01 8.241301182799591896e-01
1.530000000000000000e+03 1.741197217957188986e-02 9.825880278203048546e-01
1.532500000000000000e+03 1.251604215700192757e-01 8.748395784298612643e-01
1.535000000000000000e+03 4.398406354435991372e-01 5.601593645562822354e-01
1.537500000000000000e+03 7.898367588196846256e-01 2.101632411801961364e-01
1.540000000000000000e+03 9.861770641642868540e-01 1.382293583559301292e-02
1.542500000000000000e+03 9.245654340572879715e-01 7.543456594259119463e-02
1.545000000000000000e+03 6.397725301827955624e-01 3.602274698170855327e-01
1.547500000000000000e+03 2.853614791836522890e-01 7.146385208162286951e-01
1.550000000000000000e+03 5.138403883094570801e-02 9.486159611689329862e-01
1.552500000000000000e+03 6.369964159335841924e-02 9.363003584065225926e-01
1.555000000000000000e+03 3.169106684856360934e-01 6.830893315142435585e-01
1.557500000000000000e+03 6.758797076260985026e-01 3.241202923737824815e-01
1.560000000000000000e+03 9.463900696388192202e-01 5.360993036106420639e-02
1.562500000000000000e+03 9.793982574990954815e-01 2.060174250078715061e-02
1.565000000000000000e+03 7.536088617669149947e-01 2.463911382329690425e-01
1.567500000000000000e+03 3.899414902473397060e-01 6.100585097525453859e-01
1.570000000000000000e+03 8.704187703960003519e-02 9.129581229602825587e-01
1.572500000000000000e+03 1.157231281365639873e-02 9.884276871862283098e-01
1.575000000000000000e+03 2.047226783737388645e-01 7.952773216261430633e-01
1.577500000000000000e+03 5.588708650824326662e-01 4.411291349174482068e-01
1.580000000000000000e+03 8.782857721667287620e-01 1.217142278331504318e-01
1.582500000000000000e+03 9.888891691807261131e-01 1.111083081915372785e-02
1.585000000000000000e+03 8.341413716317034321e-01 1.658586283681797169e-01
1.587500000000000000e+03 5.035547377722593421e-01 4.964452622276228633e-01
1.590000000000000000e+03 1.801950244796052814e-01 8.198049755202778677e-01
1.592500000000000000e+03 3.906878640777422529e-02 9.609312135921105336e-01
1.595000000000000000e+03 1.533612310464001760e-01 8.466387689534848882e-01
1.597500000000000000e+03 4.580130122004058557e-01 5.419869877994826224e-01
1.600000000000000000e+03 7.872905805998281492e-01 2.127094194000584138e-01
1.602500000000000000e+03 9.642365742828687969e-01 3.576342571701892487e-02
1.605000000000000000e+03 8.945865273984604515e-01 1.054134726014251816e-01
1.607500000000000000e+03 6.166404490347527911e-01 3.833595509651317457e-01
1.610000000000000000e+03 2.811251741518956959e-01 7.188748258479915609e-01
1.612500000000000000e+03 7.067144286047702395e-02 9.293285571394092059e-01
1.615000000000000000e+03 1.005084155590323380e-01 8.994915844408574168e-01
1.617500000000000000e+03 3.539584583489121528e-01 6.460415416509783793e-01
1.620000000000000000e+03 6.898665574538820344e-01 3.101334425460091637e-01
1.622500000000000000e+03 9.203173492429503888e-01 7.968265075694154487e-02
1.625000000000000000e+03 9.163385666137053853e-01 8.366143338618614589e-02
1.627500000000000000e+03 6.812427058619651143e-01 3.187572941379255287e-01
1.630000000000000000e+03 3.486237362195511724e-01 6.513762637803394151e-01
1.632500000000000000e+03 1.058271054810188960e-01 8.941728945188723854e-01
1.635000000000000000e+03 8.752528739755646714e-02 9.124747126023369237e-01
1.637500000000000000e+03 3.009659141260395687e-01 6.990340858738510743e-01
1.640000000000000000e+03 6.246480599900443575e-01 3.753519400098454528e-01
1.642500000000000000e+03 8.787339937128902934e-01 1.212660062869977406e-01
1.645000000000000000e+03 9.252943136712373784e-01 7.470568632865096093e-02
1.647500000000000000e+03 7.423628221135920580e-01 2.576371778862946993e-01
1.650000000000000000e+03 4.331364947016648204e-01 5.668635052982221589e-01
1.652500000000000000e+03 1.680299538542197046e-01 8.319700461456682739e-01
1.655000000000000000e+03 9.219114183641503868e-02 9.078088581634708998e-01
1.657500000000000000e+03 2.475016430944330381e-01 7.524983569054521926e-01
1.660000000000000000e+03 5.496267294867365205e-01 4.503732705131451297e-01
1.662500000000000000e+03 8.324915413725970659e-01 1.675084586272842790e-01
1.665000000000000000e+03 9.379136027989158908e-01 6.208639720096663372e-02
1.667500000000000000e+03 8.033981313041187455e-01 1.966018686957627937e-01
1.670000000000000000e+03 4.996198341320298164e-01 5.003801658678517228e-01
1.672500000000000000e+03 1.942100597161612319e-01 8.057899402837190861e-01
1.675000000000000000e+03 5.911759642193430142e-02 9.408824035779452810e-01
1.677500000000000000e+03 1.726775311185300144e-01 8.273224688813511918e-01
1.680000000000000000e+03 4.731785179476279968e-01 5.268214820522540975e-01
1.682500000000000000e+03 7.923867166259168648e-01 2.076132833739655625e-01
1.685000000000000000e+03 9.507744645641293957e-01 4.922553543575297619e-02
1.687500000000000000e+03 8.594371542073329096e-01 1.405628457925476027e-01
1.690000000000000000e+03 5.698280307542331613e-01 4.301719692456479338e-01
1.692500000000000000e+03 2.436713691897341438e-01 7.563286308101488942e-01
1.695000000000000000e+03 6.185087752979265274e-02 9.381491224700908571e-01
1.697500000000000000e+03 1.246522042141608999e-01 8.753477957857157543e-01
1.700000000000000000e+03 3.981879364179196634e-01 6.018120635819543818e-01
1.702500000000000000e+03 7.342938205967732834e-01 2.657061794031025936e-01
1.705000000000000000e+03 9.510475281167246608e-01 4.895247188315166725e-02
1.707500000000000000e+03 9.301735546620975015e-01 6.982644533777890294e-02
1.710000000000000000e+03 6.804158246570344293e-01 3.195841753428405596e-01
1.712500000000000000e+03 3.341178178665398235e-01 6.658821821333342772e-01
1.715000000000000000e+03 7.808565788799368135e-02 9.219143421118796144e-01
1.717500000000000000e+03 5.356723447995956344e-02 9.464327655199139544e-01
1.720000000000000000e+03 2.778436964637351347e-01 7.221563035361392435e-01
1.722500000000000000e+03 6.312108465910998278e-01 3.687891534087714973e-01
1.725000000000000000e+03 9.196864028783133804e-01 8.031359712155677899e-02
1.727500000000000000e+03 9.816097970653938631e-01 1.839020293447638649e-02
1.730000000000000000e+03 7.792074943248848973e-01 2.207925056749834580e-01
1.732500000000000000e+03 4.220059328601478144e-01 5.779940671397209018e-01
1.735000000000000000e+03 1.068697739424980808e-01 8.931302260573706908e-01
1.737500000000000000e+03 7.974570264107356046e-03 9.920254297357595785e-01
1.740000000000000000e+03 1.796019762472134684e-01 8.203980237526558028e-01
1.742500000000000000e+03 5.269477058107696621e-01 4.730522941891025512e-01
1.745000000000000000e+03 8.602137508430280910e-01 1.397862491568450660e-01
1.747500000000000000e+03 9.997849251954341598e-01 2.150748044372487958e-04
1.750000000000000000e+03 8.731824648195276595e-01 1.268175351803420281e-01
1.752500000000000000e+03 5.517338347003420962e-01 4.482661652995263979e-01
1.755000000000000000e+03 2.097675255742057765e-01 7.902324744256644662e-01
1.757500000000000000e+03 3.056959204128846530e-02 9.694304079585827072e-01
1.760000000000000000e+03 1.094644335282828063e-01 8.905355664715877140e-01
1.762500000000000000e+03 4.039104847812018950e-01 5.960895152186700408e-01
1.765000000000000000e+03 7.558562135941644389e-01 2.441437864057072749e-01
1.767500000000000000e+03 9.751718387628562912e-01 2.482816123701563765e-02
1.770000000000000000e+03 9.415107928141348559e-01 5.848920718573745459e-02
1.772500000000000000e+03 6.707961933317249104e-01 3.292038066681465258e-01
1.775000000000000000e+03 3.089682686574415360e-01 6.910317313424277907e-01
1.777500000000000000e+03 5.367044848669048213e-02 9.463295515131781022e-01
1.780000000000000000e+03 4.516752837782529728e-02 9.548324716220466524e-01
1.782500000000000000e+03 2.874376749467254522e-01 7.125623250531449848e-01
1.785000000000000000e+03 6.452931067191889358e-01 3.547068932806815011e-01
1.787500000000000000e+03 9.202942305614956187e-01 7.970576943837567874e-02
1.790000000000000000e+03 9.622251541545996378e-01 3.777484584527196487e-02
1.792500000000000000e+03 7.521611328647263006e-01 2.478388671351447747e-01
1.795000000000000000e+03 4.104227278911788956e-01 5.895772721086904866e-01
1.797500000000000000e+03 1.269118221924738776e-01 8.730881778073935617e-01
1.800000000000000000e+03 5.528559604551787354e-02 9.447144039543498018e-01
1.802500000000000000e+03 2.305832377297064584e-01 7.694167622701602038e-01
1.805000000000000000e+03 5.537927959876625117e-01 4.462072040122075922e-01
1.807500000000000000e+03 8.484388127481722330e-01 1.515611872516967051e-01
1.810000000000000000e+03 9.563357527341354025e-01 4.366424726573336912e-02
1.812500000000000000e+03 8.213506720857947085e-01 1.786493279140750345e-01
1.815000000000000000e+03 5.181997711214874069e-01 4.818002288783814757e-01
1.817500000000000000e+03 2.120577588387102530e-01 7.879422411611578525e-01
1.820000000000000000e+03 6.991214579122442818e-02 9.300878542086459255e-01
1.822500000000000000e+03 1.697889351697442761e-01 8.302110648301249674e-01
1.825000000000000000e+03 4.566697215145155142e-01 5.433302784853542011e-01
1.827500000000000000e+03 7.709160357173994171e-01 2.290839642824683275e-01
1.830000000000000000e+03 9.360580188400131618e-01 6.394198115985549880e-02
1.832500000000000000e+03 8.582737738482215661e-01 1.417262261516464561e-01
1.835000000000000000e+03 5.807080965072773937e-01 4.192919034925919330e-01
1.837500000000000000e+03 2.599502868343029904e-01 7.400497131655647820e-01
1.840000000000000000e+03 7.703244515610101206e-02 9.229675548437664689e-01
1.842500000000000000e+03 1.342736942581263804e-01 8.657263057417393659e-01
1.845000000000000000e+03 3.978682325264951691e-01 6.021317674733684955e-01
1.847500000000000000e+03 7.187683581148794909e-01 2.812316418849840072e-01
1.850000000000000000e+03 9.182226807588022011e-01 8.177731924106031169e-02
1.852500000000000000e+03 8.877298671890209159e-01 1.122701328108407365e-01
1.855000000000000000e+03 6.472719665699271374e-01 3.527280334299329745e-01
1.857500000000000000e+03 3.316086522240035972e-01 6.683913477758558486e-01
1.860000000000000000e+03 1.149236297758133574e-01 8.850763702240462827e-01
1.862500000000000000e+03 1.161583737050913001e-01 8.838416262947681457e-01
1.865000000000000000e+03 3.353631179198170997e-01 6.646368820800424571e-01
1.867500000000000000e+03 6.537011490841638794e-01 3.462988509156940675e-01
1.870000000000000000e+03 8.967573479056020203e-01 1.032426520942553161e-01
1.872500000000000000e+03 9.285122432637558099e-01 7.148775673609893133e-02
1.875000000000000000e+03 7.267555733001527241e-01 2.732444266997018922e-01
1.877500000000000000e+03 3.984738104150108984e-01 6.015261895848437179e-01
1.880000000000000000e+03 1.240164120896877775e-01 8.759835879101653955e-01
1.882500000000000000e+03 5.789342897070245963e-02 9.421065710291499640e-01
1.885000000000000000e+03 2.406443941838085632e-01 7.593556058160449984e-01
1.887500000000000000e+03 5.730226235414727087e-01 4.269773764583807418e-01
1.890000000000000000e+03 8.697387595545740258e-01 1.302612404452811179e-01
1.892500000000000000e+03 9.637034530468813198e-01 3.629654695297316463e-02
1.895000000000000000e+03 8.010500336650510089e-01 1.989499663348046621e-01
1.897500000000000000e+03 4.718438030050966514e-01 5.281561969947616841e-01
1.900000000000000000e+03 1.590489565469935251e-01 8.409510434528619793e-01
1.902500000000000000e+03 3.586049255672119074e-02 9.641395074431338141e-01
1.905000000000000000e+03 1.701710240472596725e-01 8.298289759525967479e-01
1.907500000000000000e+03 4.888336455821263860e-01 5.111663544177288410e-01
1.910000000000000000e+03 8.192328202874226140e-01 1.807671797124323076e-01
1.912500000000000000e+03 9.832597944221050934e-01 1.674020557775169130e-02
1.915000000000000000e+03 8.924228797158724191e-01 1.075771202839849588e-01
1.917500000000000000e+03 5.944861823820956070e-01 4.055138176177602860e-01
1.920000000000000000e+03 2.483140970313216511e-01 7.516859029685355464e-01
1.922500000000000000e+03 4.017651670421650001e-02 9.598234832956402673e-01
1.925000000000000000e+03 8.436624995283631412e-02 9.156337500470235202e-01
1.927500000000000000e+03 3.600446647271384748e-01 6.399553352727186395e-01
1.930000000000000000e+03 7.194043561641910722e-01 2.805956438356632110e-01
1.932500000000000000e+03 9.656961580106825371e-01 3.430384198917201671e-02
1.935000000000000000e+03 9.609808121967496897e-01 3.901918780310554419e-02
1.937500000000000000e+03 7.043230230389585511e-01 2.956769769608971199e-01
1.940000000000000000e+03 3.348803997695901091e-01 6.651196002302650623e-01
1.942500000000000000e+03 5.581262290843434087e-02 9.441873770914211983e-01
1.945000000000000000e+03 2.096854938341005323e-02 9.790314506164466968e-01
1.947500000000000000e+03 2.489091940678196391e-01 7.510908059320362540e-01
1.950000000000000000e+03 6.133779329263862046e-01 3.866220670734702991e-01
1.952500000000000000e+03 9.148276904088106232e-01 8.517230959104488131e-02
1.955000000000000000e+03 9.911797800959344373e-01 8.820219903920083551e-03
1.957500000000000000e+03 8.052213907489943479e-01 1.947786092508599354e-01
1.960000000000000000e+03 4.616785578165900628e-01 5.383214421832652752e-01
1.962500000000000000e+03 1.476383116548412033e-01 8.523616883450109150e-01
1.965000000000000000e+03 3.116161129770542507e-02 9.688383887021452257e-01
1.967500000000000000e+03 1.727312740567646943e-01 8.272687259430865359e-01
1.970000000000000000e+03 4.948289387481380475e-01 5.051710612517167354e-01
1.972500000000000000e+03 8.239341526096513046e-01 1.760658473902065591e-01
1.975000000000000000e+03 9.826704281852560730e-01 1.732957181460078808e-02
1.977500000000000000e+03 8.845465995185859409e-01 1.154534004812722975e-01
1.980000000000000000e+03 5.815253543005799441e-01 4.184746456992758934e-01
1.982500000000000000e+03 2.376915101693839460e-01 7.623084898304730572e-01
1.985000000000000000e+03 4.089169557033404956e-02 9.591083044295232174e-01
1.987500000000000000e+03 9.910936336686178294e-02 9.008906366330008408e-01
1.990000000000000000e+03 3.793462846017657264e-01 6.206537153980941079e-01
1.992500000000000000e+03 7.250362057660686421e-01 2.749637942337888608e-01
1.995000000000000000e+03 9.437438209725761418e-01 5.625617902728004271e-02
1.997500000000000000e+03 9.155680124632882277e-01 8.443198753656762368e-02
2.000000000000000000e+03 6.598699304081308004e-01 3.401300695917235939e-01
