0.000000000000000000e+00 0.000000000000000000e+00
2.500000000000000000e+00 4.447950470271393300e-06
5.000000000000000000e+00 5.986765799917310733e-05
7.500000000000000000e+00 2.353383039299901456e-04
1.000000000000000000e+01 5.128075304338349828e-04
1.250000000000000000e+01 7.758098689267249777e-04
1.500000000000000000e+01 8.882604793593234854e-04
1.750000000000000000e+01 8.343615563121916691e-04
2.000000000000000000e+01 7.380059966319062539e-04
2.250000000000000000e+01 7.612921661087220480e-04
2.500000000000000000e+01 9.609945965736769145e-04
2.750000000000000000e+01 1.235543746190445992e-03
3.000000000000000000e+01 1.398229074835738916e-03
3.250000000000000000e+01 1.345236683252439306e-03
3.500000000000000000e+01 1.131320088349891534e-03
3.750000000000000000e+01 9.087684284113686740e-04
4.000000000000000000e+01 7.965894609205700482e-04
4.250000000000000000e+01 7.819239453863490808e-04
4.500000000000000000e+01 7.791230138439137008e-04
4.750000000000000000e+01 7.455257048431627055e-04
5.000000000000000000e+01 7.356891569583742319e-04
5.250000000000000000e+01 8.307123133142645588e-04
5.500000000000000000e+01 1.030103589531654491e-03
5.750000000000000000e+01 1.239990087071436708e-03
6.000000000000000000e+01 1.351344106682800814e-03
6.250000000000000000e+01 1.360352589206717273e-03
6.500000000000000000e+01 1.375180513330407413e-03
6.750000000000000000e+01 1.522597042676973817e-03
7.000000000000000000e+01 1.816625348383303640e-03
7.250000000000000000e+01 2.139011249437348071e-03
7.500000000000000000e+01 2.320191118758108042e-03
7.750000000000000000e+01 2.300967083960540460e-03
8.000000000000000000e+01 2.170016011635720905e-03
8.250000000000000000e+01 2.073821292098614391e-03
8.500000000000000000e+01 2.078616925627622871e-03
8.750000000000000000e+01 2.114179551436647531e-03
9.000000000000000000e+01 2.064848376445509084e-03
9.250000000000000000e+01 1.899282745254749155e-03
9.500000000000000000e+01 1.710797665353217629e-03
9.750000000000000000e+01 1.615668704848467795e-03
1.000000000000000000e+02 1.646857676040600722e-03
1.025000000000000000e+02 1.724832417340522745e-03
1.050000000000000000e+02 1.745288671305316678e-03
1.075000000000000000e+02 1.688258427861671646e-03
1.100000000000000000e+02 1.638935675942422045e-03
1.125000000000000000e+02 1.699814858686082104e-03
1.150000000000000000e+02 1.879530057655302540e-03
1.175000000000000000e+02 2.077566451991703488e-03
1.200000000000000000e+02 2.171932773825863746e-03
1.225000000000000000e+02 2.148752999376801667e-03
1.250000000000000000e+02 2.107992646069913652e-03
1.275000000000000000e+02 2.154430273993364169e-03
1.300000000000000000e+02 2.275869224646144811e-03
1.325000000000000000e+02 2.343572580491636893e-03
1.350000000000000000e+02 2.231030208712139751e-03
1.375000000000000000e+02 1.940881668979791254e-03
1.400000000000000000e+02 1.616981416859919170e-03
1.425000000000000000e+02 1.405840081777239925e-03
1.450000000000000000e+02 1.349622297527887068e-03
1.475000000000000000e+02 1.352789278892521348e-03
1.500000000000000000e+02 1.289192348863212175e-03
1.525000000000000000e+02 1.117513541846614769e-03
1.550000000000000000e+02 9.187597337638910141e-04
1.575000000000000000e+02 8.007384885244014363e-04
1.600000000000000000e+02 7.977340192377557326e-04
1.625000000000000000e+02 8.417665555580164513e-04
1.650000000000000000e+02 8.561446234395746853e-04
1.675000000000000000e+02 8.525186966372864028e-04
1.700000000000000000e+02 9.173823129866314104e-04
1.725000000000000000e+02 1.103458753382626769e-03
1.750000000000000000e+02 1.334587252085995884e-03
1.775000000000000000e+02 1.456150498230581814e-03
1.800000000000000000e+02 1.360118513228577046e-03
1.825000000000000000e+02 1.093901334869169274e-03
1.850000000000000000e+02 8.325306437269446328e-04
1.875000000000000000e+02 7.220694577827225244e-04
1.900000000000000000e+02 7.717027321027736730e-04
1.925000000000000000e+02 8.480854870646417068e-04
1.950000000000000000e+02 7.987867427048159479e-04
1.975000000000000000e+02 5.842020124213977064e-04
2.000000000000000000e+02 3.073870030263374845e-04
2.025000000000000000e+02 9.960588571753949236e-05
2.050000000000000000e+02 1.608984837404980471e-05
2.075000000000000000e+02 4.314527312181618177e-06
2.100000000000000000e+02 5.356093596234509027e-06
2.125000000000000000e+02 3.718701936754456377e-05
2.150000000000000000e+02 1.708905817620263686e-04
2.175000000000000000e+02 4.314660850174760020e-04
2.200000000000000000e+02 7.233143545393274417e-04
2.225000000000000000e+02 9.047609598107198394e-04
2.250000000000000000e+02 9.001379169980106921e-04
2.275000000000000000e+02 7.865397768350313595e-04
2.300000000000000000e+02 7.326639413679933649e-04
2.325000000000000000e+02 8.516188931530662126e-04
2.350000000000000000e+02 1.098168241079182936e-03
2.375000000000000000e+02 1.308914928816627991e-03
2.400000000000000000e+02 1.330457195150230561e-03
2.425000000000000000e+02 1.155804661692022648e-03
2.450000000000000000e+02 9.190577692778777608e-04
2.475000000000000000e+02 7.599412195309154534e-04
2.500000000000000000e+02 7.161527254709261275e-04
2.525000000000000000e+02 7.162667626063256524e-04
2.550000000000000000e+02 6.955117335776371144e-04
2.575000000000000000e+02 6.778847146463194608e-04
2.600000000000000000e+02 7.448288171156345998e-04
2.625000000000000000e+02 9.321497005550697474e-04
2.650000000000000000e+02 1.166273420070291058e-03
2.675000000000000000e+02 1.332141798526355943e-03
2.700000000000000000e+02 1.374696744783154975e-03
2.725000000000000000e+02 1.369356022662680718e-03
2.750000000000000000e+02 1.453092726817421798e-03
2.775000000000000000e+02 1.697570473728462733e-03
2.800000000000000000e+02 2.022129010114919433e-03
2.825000000000000000e+02 2.265458012620671143e-03
2.850000000000000000e+02 2.309299573672214233e-03
2.875000000000000000e+02 2.191546975668967872e-03
2.900000000000000000e+02 2.058381389556116284e-03
2.925000000000000000e+02 2.017712763655502613e-03
2.950000000000000000e+02 2.047369509807465179e-03
2.975000000000000000e+02 2.035078886020005254e-03
3.000000000000000000e+02 1.912014177654809341e-03
3.025000000000000000e+02 1.726526409845812382e-03
3.050000000000000000e+02 1.600885617176678278e-03
3.075000000000000000e+02 1.602651777532024301e-03
3.100000000000000000e+02 1.687667759653009017e-03
3.125000000000000000e+02 1.748824630833947531e-03
3.150000000000000000e+02 1.726276924650702689e-03
3.175000000000000000e+02 1.672393002650638923e-03
3.200000000000000000e+02 1.698221838986065275e-03
3.225000000000000000e+02 1.855255421972033586e-03
3.250000000000000000e+02 2.069195134394342245e-03
3.275000000000000000e+02 2.212114191243675244e-03
3.300000000000000000e+02 2.218707219048584277e-03
3.325000000000000000e+02 2.157129841314534783e-03
3.350000000000000000e+02 2.151689163572279018e-03
3.375000000000000000e+02 2.245231465900723259e-03
3.400000000000000000e+02 2.341981033707995520e-03
3.425000000000000000e+02 2.298501626495275899e-03
3.450000000000000000e+02 2.063733083522345177e-03
3.475000000000000000e+02 1.728822807486921813e-03
3.500000000000000000e+02 1.461165373304458906e-03
3.525000000000000000e+02 1.347251058589303595e-03
3.550000000000000000e+02 1.342540783736342457e-03
3.575000000000000000e+02 1.318649491823289206e-03
3.600000000000000000e+02 1.195364454705214862e-03
3.625000000000000000e+02 1.009479789494488423e-03
3.650000000000000000e+02 8.743048137998793825e-04
3.675000000000000000e+02 8.516265094065064191e-04
3.700000000000000000e+02 9.000991689358185839e-04
3.725000000000000000e+02 9.319532950304265347e-04
3.750000000000000000e+02 9.224029176805546024e-04
3.775000000000000000e+02 9.444002205724299744e-04
3.800000000000000000e+02 1.079515430553910959e-03
3.825000000000000000e+02 1.307589709159924203e-03
3.850000000000000000e+02 1.484119457547993740e-03
3.875000000000000000e+02 1.467132162230694705e-03
3.900000000000000000e+02 1.241331219836058460e-03
3.925000000000000000e+02 9.386760953760843592e-04
3.950000000000000000e+02 7.414313229695097211e-04
3.975000000000000000e+02 7.202917603420035163e-04
4.000000000000000000e+02 7.921786033903630009e-04
4.025000000000000000e+02 7.971904798730613476e-04
4.050000000000000000e+02 6.447477288887999963e-04
4.075000000000000000e+02 3.851040545843379087e-04
4.100000000000000000e+02 1.564563417558756549e-04
4.125000000000000000e+02 4.011042235820865611e-05
4.150000000000000000e+02 1.595886921659361163e-05
4.175000000000000000e+02 1.572444904382865475e-05
4.200000000000000000e+02 2.903593375841826568e-05
4.225000000000000000e+02 1.217510050748279619e-04
4.250000000000000000e+02 3.452673694732623822e-04
4.275000000000000000e+02 6.526013663370788852e-04
4.300000000000000000e+02 8.949932940331594344e-04
4.325000000000000000e+02 9.584322563584515581e-04
4.350000000000000000e+02 8.593382660124224484e-04
4.375000000000000000e+02 7.445267823970037587e-04
4.400000000000000000e+02 7.700778173335036999e-04
4.425000000000000000e+02 9.634078422315228056e-04
4.450000000000000000e+02 1.192611095180125605e-03
4.475000000000000000e+02 1.286218115486779641e-03
4.500000000000000000e+02 1.173239775053894294e-03
4.525000000000000000e+02 9.405037335384383015e-04
4.550000000000000000e+02 7.450427831957248670e-04
4.575000000000000000e+02 6.623325668903201277e-04
4.600000000000000000e+02 6.545033546292459634e-04
4.625000000000000000e+02 6.444449014955202538e-04
4.650000000000000000e+02 6.242468392783585753e-04
4.675000000000000000e+02 6.651576078683393107e-04
4.700000000000000000e+02 8.270160525458992431e-04
4.725000000000000000e+02 1.076911468509139094e-03
4.750000000000000000e+02 1.292774526448368629e-03
4.775000000000000000e+02 1.386347555500479396e-03
4.800000000000000000e+02 1.382753772940071343e-03
4.825000000000000000e+02 1.412324378694783172e-03
4.850000000000000000e+02 1.587005909517012541e-03
4.875000000000000000e+02 1.892969138860347905e-03
4.900000000000000000e+02 2.177807084293148336e-03
4.925000000000000000e+02 2.293562571290626208e-03
4.950000000000000000e+02 2.215081415041105905e-03
4.975000000000000000e+02 2.061048867619625236e-03
5.000000000000000000e+02 1.973170886507919376e-03
5.025000000000000000e+02 1.978824276338553290e-03
5.050000000000000000e+02 1.988991979360352214e-03
5.075000000000000000e+02 1.907210432826485919e-03
5.100000000000000000e+02 1.740943037097277728e-03
5.125000000000000000e+02 1.591902555842607692e-03
5.150000000000000000e+02 1.560695954406969219e-03
5.175000000000000000e+02 1.642318423527109683e-03
5.200000000000000000e+02 1.737128742484725938e-03
5.225000000000000000e+02 1.756603915268501208e-03
5.250000000000000000e+02 1.712521789303665448e-03
5.275000000000000000e+02 1.707547993083834582e-03
5.300000000000000000e+02 1.827005347482800598e-03
5.325000000000000000e+02 2.044408853632312568e-03
5.350000000000000000e+02 2.229217507576033205e-03
5.375000000000000000e+02 2.280597079534798979e-03
5.400000000000000000e+02 2.220306435205439410e-03
5.425000000000000000e+02 2.170424584733900847e-03
5.450000000000000000e+02 2.219557376949371497e-03
5.475000000000000000e+02 2.322637748476910451e-03
5.500000000000000000e+02 2.337714110060704759e-03
5.525000000000000000e+02 2.165127891260915528e-03
5.550000000000000000e+02 1.849312296293029265e-03
5.575000000000000000e+02 1.536085796050928268e-03
5.600000000000000000e+02 1.363052501770461132e-03
5.625000000000000000e+02 1.332110452428236650e-03
5.650000000000000000e+02 1.334116625337169191e-03
5.675000000000000000e+02 1.257520957191355726e-03
5.700000000000000000e+02 1.098839788938058004e-03
5.725000000000000000e+02 9.508496646124786882e-04
5.750000000000000000e+02 9.055629479707791871e-04
5.775000000000000000e+02 9.528454127326206656e-04
5.800000000000000000e+02 1.004053889737956465e-03
5.825000000000000000e+02 1.002024977934222981e-03
5.850000000000000000e+02 9.927666036044725719e-04
5.875000000000000000e+02 1.075359764694314938e-03
5.900000000000000000e+02 1.274186550131500536e-03
5.925000000000000000e+02 1.486551572521671366e-03
5.950000000000000000e+02 1.546918363199908291e-03
5.975000000000000000e+02 1.379386436881614676e-03
6.000000000000000000e+02 1.070563722172070912e-03
6.025000000000000000e+02 7.969192048714129027e-04
6.050000000000000000e+02 6.942788470836476879e-04
6.075000000000000000e+02 7.364965049487646629e-04
6.100000000000000000e+02 7.768546041269696950e-04
6.125000000000000000e+02 6.847186158890021914e-04
6.150000000000000000e+02 4.621208111205480609e-04
6.175000000000000000e+02 2.206480334888521186e-04
6.200000000000000000e+02 7.516530653917967626e-05
6.225000000000000000e+02 3.378448417914616501e-05
6.250000000000000000e+02 3.294870104134153810e-05
6.275000000000000000e+02 3.576688850643212756e-05
6.300000000000000000e+02 9.025543415218322094e-05
6.325000000000000000e+02 2.718554050006392994e-04
6.350000000000000000e+02 5.679827581926213953e-04
6.375000000000000000e+02 8.606124450741365825e-04
6.400000000000000000e+02 9.970900024739235822e-04
6.425000000000000000e+02 9.368037348616019581e-04
6.450000000000000000e+02 7.888508291634854959e-04
6.475000000000000000e+02 7.267582864334167902e-04
6.500000000000000000e+02 8.433837851207700046e-04
6.525000000000000000e+02 1.066352187596267091e-03
6.550000000000000000e+02 1.215738721484750694e-03
6.575000000000000000e+02 1.171332261788805233e-03
6.600000000000000000e+02 9.674567062156306813e-04
6.625000000000000000e+02 7.446188857559793645e-04
6.650000000000000000e+02 6.218249653636456721e-04
6.675000000000000000e+02 5.956325809006066075e-04
6.700000000000000000e+02 5.923676933904140985e-04
6.725000000000000000e+02 5.746755827772218484e-04
6.750000000000000000e+02 5.940579926278331683e-04
6.775000000000000000e+02 7.280334036639130599e-04
6.800000000000000000e+02 9.736847225486924785e-04
6.825000000000000000e+02 1.233419175418688828e-03
6.850000000000000000e+02 1.383461368725562345e-03
6.875000000000000000e+02 1.403014556953309597e-03
6.900000000000000000e+02 1.394421910791189718e-03
6.925000000000000000e+02 1.499701889083197674e-03
6.950000000000000000e+02 1.759486929957969998e-03
6.975000000000000000e+02 2.069048549266698945e-03
7.000000000000000000e+02 2.251486238738319937e-03
7.025000000000000000e+02 2.228867378004076652e-03
7.050000000000000000e+02 2.077439042173489462e-03
7.075000000000000000e+02 1.945026321452287621e-03
7.100000000000000000e+02 1.912790730950425771e-03
7.125000000000000000e+02 1.928133588294610352e-03
7.150000000000000000e+02 1.885341962335504700e-03
7.175000000000000000e+02 1.746980902215936483e-03
7.200000000000000000e+02 1.591523068911211442e-03
7.225000000000000000e+02 1.528139154414648142e-03
7.250000000000000000e+02 1.592494768715509070e-03
7.275000000000000000e+02 1.710296802715215950e-03
7.300000000000000000e+02 1.772508117762342308e-03
7.325000000000000000e+02 1.750505974812019373e-03
7.350000000000000000e+02 1.724986685653943528e-03
7.375000000000000000e+02 1.805173559220214601e-03
7.400000000000000000e+02 2.006745662476632462e-03
7.425000000000000000e+02 2.226761549864677940e-03
7.450000000000000000e+02 2.329797806344932436e-03
7.475000000000000000e+02 2.290564675734482834e-03
7.500000000000000000e+02 2.210069029349804974e-03
7.525000000000000000e+02 2.206703477251661331e-03
7.550000000000000000e+02 2.290036292304500117e-03
7.575000000000000000e+02 2.345320657018794969e-03
7.600000000000000000e+02 2.242565176631964446e-03
7.625000000000000000e+02 1.963915865531578805e-03
7.650000000000000000e+02 1.634669757412179686e-03
7.675000000000000000e+02 1.402799488525599677e-03
7.700000000000000000e+02 1.329578784652882045e-03
7.725000000000000000e+02 1.336911589771252106e-03
7.750000000000000000e+02 1.302113162730680635e-03
7.775000000000000000e+02 1.176260540677461722e-03
7.800000000000000000e+02 1.029154719645861788e-03
7.825000000000000000e+02 9.619547060438190036e-04
7.850000000000000000e+02 1.001147877207608176e-03
7.875000000000000000e+02 1.071219753025375336e-03
7.900000000000000000e+02 1.088004294381952029e-03
7.925000000000000000e+02 1.063218723526808017e-03
7.950000000000000000e+02 1.093359183219335014e-03
7.975000000000000000e+02 1.247076142204854837e-03
8.000000000000000000e+02 1.463965114922096593e-03
8.025000000000000000e+02 1.590704469890428510e-03
8.050000000000000000e+02 1.500466271113751020e-03
8.075000000000000000e+02 1.213252396070996263e-03
8.100000000000000000e+02 8.937692675586852639e-04
8.125000000000000000e+02 7.052700690038389130e-04
8.150000000000000000e+02 6.912967114650322769e-04
8.175000000000000000e+02 7.403870794458768632e-04
8.200000000000000000e+02 7.023613845607951881e-04
8.225000000000000000e+02 5.241228620587639123e-04
8.250000000000000000e+02 2.905070402336078564e-04
8.275000000000000000e+02 1.197919434401216855e-04
8.300000000000000000e+02 5.953319193966061115e-05
8.325000000000000000e+02 5.703488531214433708e-05
8.350000000000000000e+02 5.679463925048007018e-05
8.375000000000000000e+02 8.272149621735569458e-05
8.400000000000000000e+02 2.134414666688910897e-04
8.425000000000000000e+02 4.821197841178187808e-04
8.450000000000000000e+02 7.966268218690125561e-04
8.475000000000000000e+02 1.005592385573104508e-03
8.500000000000000000e+02 1.007941186778108433e-03
8.525000000000000000e+02 8.579843529795077141e-04
8.550000000000000000e+02 7.273577148638257772e-04
8.575000000000000000e+02 7.572646887456472176e-04
8.600000000000000000e+02 9.380803217009908148e-04
8.625000000000000000e+02 1.120478725506172122e-03
8.650000000000000000e+02 1.144311591013522479e-03
8.675000000000000000e+02 9.839329193829359638e-04
8.700000000000000000e+02 7.566409632409366046e-04
8.725000000000000000e+02 5.958846041334459357e-04
8.750000000000000000e+02 5.445388102136057432e-04
8.775000000000000000e+02 5.419092855727767211e-04
8.800000000000000000e+02 5.308289341689686417e-04
8.825000000000000000e+02 5.359926776007644528e-04
8.850000000000000000e+02 6.355645217198418366e-04
8.875000000000000000e+02 8.647826384723439255e-04
8.900000000000000000e+02 1.147187420608078347e-03
8.925000000000000000e+02 1.357653098142881090e-03
8.950000000000000000e+02 1.420786079110103938e-03
8.975000000000000000e+02 1.399754336154985590e-03
9.000000000000000000e+02 1.441258082333410871e-03
9.025000000000000000e+02 1.641998309667000791e-03
9.050000000000000000e+02 1.942119446938814914e-03
9.075000000000000000e+02 2.180148942964231246e-03
9.100000000000000000e+02 2.223439146522308840e-03
9.125000000000000000e+02 2.094079863198541717e-03
9.150000000000000000e+02 1.932955584174166812e-03
9.175000000000000000e+02 1.856331735663349376e-03
9.200000000000000000e+02 1.860685738231782505e-03
9.225000000000000000e+02 1.847275295852111475e-03
9.250000000000000000e+02 1.746705208873028988e-03
9.275000000000000000e+02 1.595515713383710869e-03
9.300000000000000000e+02 1.504552851186348548e-03
9.325000000000000000e+02 1.541288111176407306e-03
9.350000000000000000e+02 1.665350227795109285e-03
9.375000000000000000e+02 1.769105372239846785e-03
9.400000000000000000e+02 1.782731528430310216e-03
9.425000000000000000e+02 1.752839857095329782e-03
9.450000000000000000e+02 1.794655523223031559e-03
9.475000000000000000e+02 1.969373381834431651e-03
9.500000000000000000e+02 2.203405109370533323e-03
9.525000000000000000e+02 2.359083503943288675e-03
9.550000000000000000e+02 2.358271819438152641e-03
9.575000000000000000e+02 2.263845831312941235e-03
9.600000000000000000e+02 2.208937508521926184e-03
9.625000000000000000e+02 2.255697217598448458e-03
9.650000000000000000e+02 2.329522232534447963e-03
9.675000000000000000e+02 2.290885425728304055e-03
9.700000000000000000e+02 2.072748135581075138e-03
9.725000000000000000e+02 1.744869411893227229e-03
9.750000000000000000e+02 1.467044671523694754e-03
9.775000000000000000e+02 1.337423935669496003e-03
9.800000000000000000e+02 1.330290860461444315e-03
9.825000000000000000e+02 1.326900068047316044e-03
9.850000000000000000e+02 1.243108819142462341e-03
9.875000000000000000e+02 1.107345381294677503e-03
9.900000000000000000e+02 1.024198714189866570e-03
9.925000000000000000e+02 1.049133572767149735e-03
9.950000000000000000e+02 1.130676565324046636e-03
9.975000000000000000e+02 1.173205184517104585e-03
1.000000000000000000e+03 1.148724165713848298e-03
1.002500000000000000e+03 1.135114821264299407e-03
1.005000000000000000e+03 1.229054626199595256e-03
1.007500000000000000e+03 1.429200814284339871e-03
1.010000000000000000e+03 1.602201148871813027e-03
1.012500000000000000e+03 1.594577889571917014e-03
1.015000000000000000e+03 1.363441447525649310e-03
1.017500000000000000e+03 1.020554984504050454e-03
1.020000000000000000e+03 7.550693818218363320e-04
1.022500000000000000e+03 6.640528554113514980e-04
1.025000000000000000e+03 6.939218490706845419e-04
1.027500000000000000e+03 6.958852408602165737e-04
1.030000000000000000e+03 5.728334460801827975e-04
1.032500000000000000e+03 3.592662610797482735e-04
1.035000000000000000e+03 1.761233012959046557e-04
1.037500000000000000e+03 9.384370668591154668e-05
1.040000000000000000e+03 8.680886826876629250e-05
1.042500000000000000e+03 8.885583069375879077e-05
1.045000000000000000e+03 9.471627006003377632e-05
1.047500000000000000e+03 1.766642984298556036e-04
1.050000000000000000e+03 3.956737348912227228e-04
1.052500000000000000e+03 7.144407736302325722e-04
1.055000000000000000e+03 9.819569451369604234e-04
1.057500000000000000e+03 1.063093173313748316e-03
1.060000000000000000e+03 9.462926798650441980e-04
1.062500000000000000e+03 7.687200805586273406e-04
1.065000000000000000e+03 7.070209075977486280e-04
1.067500000000000000e+03 8.206601838304770653e-04
1.070000000000000000e+03 1.003842912992527732e-03
1.072500000000000000e+03 1.087861299938981284e-03
1.075000000000000000e+03 9.883808593664372439e-04
1.077500000000000000e+03 7.736236015464745003e-04
1.080000000000000000e+03 5.877071883859078145e-04
1.082500000000000000e+03 5.049281970832802252e-04
1.085000000000000000e+03 4.952582922832878985e-04
1.087500000000000000e+03 4.910017031548566304e-04
1.090000000000000000e+03 4.873951708508906231e-04
1.092500000000000000e+03 5.538016800175621498e-04
1.095000000000000000e+03 7.490624943195748481e-04
1.097500000000000000e+03 1.042696664500797777e-03
1.100000000000000000e+03 1.305403153205668106e-03
1.102500000000000000e+03 1.430358218220355694e-03
1.105000000000000000e+03 1.423576602622075469e-03
1.107500000000000000e+03 1.416122637583830477e-03
1.110000000000000000e+03 1.541585086711481142e-03
1.112500000000000000e+03 1.809229319132802738e-03
1.115000000000000000e+03 2.077300911798329354e-03
1.117500000000000000e+03 2.190076493336143640e-03
1.120000000000000000e+03 2.106646101644843797e-03
1.122500000000000000e+03 1.934092960316561400e-03
1.125000000000000000e+03 1.816496577840322809e-03
1.127500000000000000e+03 1.795176594544142974e-03
1.130000000000000000e+03 1.797747593483597266e-03
1.132500000000000000e+03 1.733014652378270931e-03
1.135000000000000000e+03 1.599331382415763829e-03
1.137500000000000000e+03 1.486055678467538459e-03
1.140000000000000000e+03 1.489157133784612362e-03
1.142500000000000000e+03 1.609303647781137186e-03
1.145000000000000000e+03 1.747313051902873830e-03
1.147500000000000000e+03 1.806773236155184616e-03
1.150000000000000000e+03 1.789545956610122954e-03
1.152500000000000000e+03 1.800043186140564636e-03
1.155000000000000000e+03 1.932009933453609921e-03
1.157500000000000000e+03 2.164416850515936928e-03
1.160000000000000000e+03 2.361844830403784894e-03
1.162500000000000000e+03 2.412178112269419521e-03
1.165000000000000000e+03 2.327588856402136933e-03
1.167500000000000000e+03 2.231564591883807274e-03
1.170000000000000000e+03 2.230436059682448357e-03
1.172500000000000000e+03 2.301047815093167515e-03
1.175000000000000000e+03 2.313687745762849947e-03
1.177500000000000000e+03 2.159301726125047432e-03
1.180000000000000000e+03 1.859827954925723226e-03
1.182500000000000000e+03 1.546065231877539201e-03
1.185000000000000000e+03 1.360533038778013060e-03
1.187500000000000000e+03 1.323336488156558839e-03
1.190000000000000000e+03 1.339185989764147275e-03
1.192500000000000000e+03 1.297239501828181601e-03
1.195000000000000000e+03 1.185931375640361793e-03
1.197500000000000000e+03 1.090902444903356708e-03
1.200000000000000000e+03 1.095213122674947069e-03
1.202500000000000000e+03 1.180826206927881568e-03
1.205000000000000000e+03 1.250088940426733559e-03
1.207500000000000000e+03 1.240472637800463544e-03
1.210000000000000000e+03 1.198374246604432718e-03
1.212500000000000000e+03 1.233663270205949273e-03
1.215000000000000000e+03 1.393118379788496923e-03
1.217500000000000000e+03 1.591249262627408194e-03
1.220000000000000000e+03 1.660020971552998324e-03
1.222500000000000000e+03 1.498957413037168033e-03
1.225000000000000000e+03 1.167831287253257889e-03
1.227500000000000000e+03 8.367554479604543283e-04
1.230000000000000000e+03 6.633697488656625394e-04
1.232500000000000000e+03 6.514280117949041490e-04
1.235000000000000000e+03 6.750824752609537729e-04
1.237500000000000000e+03 6.038801840312761106e-04
1.240000000000000000e+03 4.264761719227673237e-04
1.242500000000000000e+03 2.374530866606379398e-04
1.245000000000000000e+03 1.349167467916171325e-04
1.247500000000000000e+03 1.193397537351795668e-04
1.250000000000000000e+03 1.263986772407592460e-04
1.252500000000000000e+03 1.226094385292691091e-04
1.255000000000000000e+03 1.607335512642211279e-04
1.257500000000000000e+03 3.261496725657455796e-04
1.260000000000000000e+03 6.212573690154852201e-04
1.262500000000000000e+03 9.336964909933667591e-04
1.265000000000000000e+03 1.094633901485131140e-03
1.267500000000000000e+03 1.033771034765805638e-03
1.270000000000000000e+03 8.403460307021732873e-04
1.272500000000000000e+03 6.949793728686814347e-04
1.275000000000000000e+03 7.230042960100725377e-04
1.277500000000000000e+03 8.824480827029175176e-04
1.280000000000000000e+03 1.008450963942647853e-03
1.282500000000000000e+03 9.733245720282838109e-04
1.285000000000000000e+03 7.931407710941508916e-04
1.287500000000000000e+03 5.910032247546908712e-04
1.290000000000000000e+03 4.771096629639414778e-04
1.292500000000000000e+03 4.522413738603822501e-04
1.295000000000000000e+03 4.525885021570868788e-04
1.297500000000000000e+03 4.459920583234787861e-04
1.300000000000000000e+03 4.825519699642651658e-04
1.302500000000000000e+03 6.412512605597732104e-04
1.305000000000000000e+03 9.239648059304829322e-04
1.307500000000000000e+03 1.231808707533240798e-03
1.310000000000000000e+03 1.422418715064745643e-03
1.312500000000000000e+03 1.452481335951220009e-03
1.315000000000000000e+03 1.415551489769113422e-03
1.317500000000000000e+03 1.467573669076113968e-03
1.320000000000000000e+03 1.676451737348351673e-03
1.322500000000000000e+03 1.955547816437677201e-03
1.325000000000000000e+03 2.129255006442053524e-03
1.327500000000000000e+03 2.105835095970487545e-03
1.330000000000000000e+03 1.946443805377267655e-03
1.332500000000000000e+03 1.793114229218484637e-03
1.335000000000000000e+03 1.735710327804611481e-03
1.337500000000000000e+03 1.737789098687868208e-03
1.340000000000000000e+03 1.704678704529636940e-03
1.342500000000000000e+03 1.594692004302794650e-03
1.345000000000000000e+03 1.473135847502155460e-03
1.347500000000000000e+03 1.444207405271051830e-03
1.350000000000000000e+03 1.547218255822930925e-03
1.352500000000000000e+03 1.710857570391234768e-03
1.355000000000000000e+03 1.817020356053436004e-03
1.357500000000000000e+03 1.826390632064539598e-03
1.360000000000000000e+03 1.816012647080184018e-03
1.362500000000000000e+03 1.902905764814133991e-03
1.365000000000000000e+03 2.111961122646029924e-03
1.367500000000000000e+03 2.341934244320313489e-03
1.370000000000000000e+03 2.448426699181854849e-03
1.372500000000000000e+03 2.394000235006217472e-03
1.375000000000000000e+03 2.275910733803804958e-03
1.377500000000000000e+03 2.222653848062505853e-03
1.380000000000000000e+03 2.266219155572402489e-03
1.382500000000000000e+03 2.308934323105671024e-03
1.385000000000000000e+03 2.220099640725702646e-03
1.387500000000000000e+03 1.962467781639744106e-03
1.390000000000000000e+03 1.641435732908806244e-03
1.392500000000000000e+03 1.403712263426459784e-03
1.395000000000000000e+03 1.325526732719991283e-03
1.397500000000000000e+03 1.343410454581052448e-03
1.400000000000000000e+03 1.338060687127544390e-03
1.402500000000000000e+03 1.256116774841423492e-03
1.405000000000000000e+03 1.158964468700300968e-03
1.407500000000000000e+03 1.141153162425255106e-03
1.410000000000000000e+03 1.220930365999834885e-03
1.412500000000000000e+03 1.315948589056996701e-03
1.415000000000000000e+03 1.333783968798640330e-03
1.417500000000000000e+03 1.282242447991022377e-03
1.420000000000000000e+03 1.265462287478078636e-03
1.422500000000000000e+03 1.371198236578554178e-03
1.425000000000000000e+03 1.561871817831734024e-03
1.427500000000000000e+03 1.689999657633335563e-03
1.430000000000000000e+03 1.610915176559031157e-03
1.432500000000000000e+03 1.315286618249731721e-03
1.435000000000000000e+03 9.528468643428863582e-04
1.437500000000000000e+03 6.984915082379998400e-04
1.440000000000000000e+03 6.258254803592310086e-04
1.442500000000000000e+03 6.463479500663555808e-04
1.445000000000000000e+03 6.180094934019430934e-04
1.447500000000000000e+03 4.802606930244175155e-04
1.450000000000000000e+03 3.004336701067589427e-04
1.452500000000000000e+03 1.797549717108989063e-04
1.455000000000000000e+03 1.535041376015866728e-04
1.457500000000000000e+03 1.665444251000182797e-04
1.460000000000000000e+03 1.636249199577967264e-04
1.462500000000000000e+03 1.714506502885892732e-04
1.465000000000000000e+03 2.786241167652523006e-04
1.467500000000000000e+03 5.346456978182385650e-04
1.470000000000000000e+03 8.592890809182674805e-04
1.472500000000000000e+03 1.093130603532776373e-03
1.475000000000000000e+03 1.106774346518397999e-03
1.477500000000000000e+03 9.273393788380457923e-04
1.480000000000000000e+03 7.242860503518445308e-04
1.482500000000000000e+03 6.626711125048122004e-04
1.485000000000000000e+03 7.684658633495019923e-04
1.487500000000000000e+03 9.123799930294454030e-04
1.490000000000000000e+03 9.364189056025315006e-04
1.492500000000000000e+03 8.006572095825177648e-04
1.495000000000000000e+03 6.016980354292103582e-04
1.497500000000000000e+03 4.589800309400642042e-04
1.500000000000000000e+03 4.143270378581780512e-04
1.502500000000000000e+03 4.157116572103797909e-04
1.505000000000000000e+03 4.118841623033689891e-04
1.507500000000000000e+03 4.282017064386246276e-04
1.510000000000000000e+03 5.448801857502475138e-04
1.512500000000000000e+03 8.044333904337694222e-04
1.515000000000000000e+03 1.131551394436085527e-03
1.517500000000000000e+03 1.388044575325146851e-03
1.520000000000000000e+03 1.472999786649314274e-03
1.522500000000000000e+03 1.433533017508216087e-03
1.525000000000000000e+03 1.423733939362052062e-03
1.527500000000000000e+03 1.564930713221272590e-03
1.530000000000000000e+03 1.822639172266081421e-03
1.532500000000000000e+03 2.042917835550886289e-03
1.535000000000000000e+03 2.085382849714215864e-03
1.537500000000000000e+03 1.956035909659174007e-03
1.540000000000000000e+03 1.783500055453619707e-03
1.542500000000000000e+03 1.685132471017823479e-03
1.545000000000000000e+03 1.672665648730889800e-03
1.547500000000000000e+03 1.661761157702958862e-03
1.550000000000000000e+03 1.583647562300866552e-03
1.552500000000000000e+03 1.464956323607108455e-03
1.555000000000000000e+03 1.408883072777562069e-03
1.557500000000000000e+03 1.485516640148097384e-03
1.560000000000000000e+03 1.655939567497377802e-03
1.562500000000000000e+03 1.806889012759523580e-03
1.565000000000000000e+03 1.855267538747692362e-03
1.567500000000000000e+03 1.841567510167684257e-03
1.570000000000000000e+03 1.886122395321292904e-03
1.572500000000000000e+03 2.062030341905635167e-03
1.575000000000000000e+03 2.301845017607574099e-03
1.577500000000000000e+03 2.463010520510235460e-03
1.580000000000000000e+03 2.455598768459051409e-03
1.582500000000000000e+03 2.333272261199675988e-03
1.585000000000000000e+03 2.232719722515203245e-03
1.587500000000000000e+03 2.233209306673881924e-03
1.590000000000000000e+03 2.283180630062615901e-03
1.592500000000000000e+03 2.250485665477271798e-03
1.595000000000000000e+03 2.054262505193464160e-03
1.597500000000000000e+03 1.743653017453761049e-03
1.600000000000000000e+03 1.469927483420387050e-03
1.602500000000000000e+03 1.339772511147949196e-03
1.605000000000000000e+03 1.340842441289957993e-03
1.607500000000000000e+03 1.361616715780020713e-03
1.610000000000000000e+03 1.315783748808443260e-03
1.612500000000000000e+03 1.226244397038934748e-03
1.615000000000000000e+03 1.190153298665750335e-03
1.617500000000000000e+03 1.257842162033679994e-03
1.620000000000000000e+03 1.369851676447561648e-03
1.622500000000000000e+03 1.422482027272301041e-03
1.625000000000000000e+03 1.380923141618591032e-03
1.627500000000000000e+03 1.324429833860950572e-03
1.630000000000000000e+03 1.365427643989648070e-03
1.632500000000000000e+03 1.525450408438971039e-03
1.635000000000000000e+03 1.687528132311088072e-03
1.637500000000000000e+03 1.689599260130038999e-03
1.640000000000000000e+03 1.461369418642807392e-03
1.642500000000000000e+03 1.092266724553739429e-03
1.645000000000000000e+03 7.735595883162419122e-04
1.647500000000000000e+03 6.233317105784882744e-04
1.650000000000000000e+03 6.144660987163721349e-04
1.652500000000000000e+03 6.126105268032872768e-04
1.655000000000000000e+03 5.203062563662348835e-04
1.657500000000000000e+03 3.589548684188496679e-04
1.660000000000000000e+03 2.300706483627818638e-04
1.662500000000000000e+03 1.908717854793126514e-04
1.665000000000000000e+03 2.082223206204068106e-04
1.667500000000000000e+03 2.145453681424841215e-04
1.670000000000000000e+03 2.054793594637498654e-04
1.672500000000000000e+03 2.599924044050573612e-04
1.675000000000000000e+03 4.551288620218930047e-04
1.677500000000000000e+03 7.701192523322770251e-04
1.680000000000000000e+03 1.055585245482761015e-03
1.682500000000000000e+03 1.154697811545753227e-03
1.685000000000000000e+03 1.025241793727584179e-03
1.687500000000000000e+03 7.909412521149136645e-04
1.690000000000000000e+03 6.443901845701329421e-04
1.692500000000000000e+03 6.742087828196116845e-04
1.695000000000000000e+03 8.032570724203551239e-04
1.697500000000000000e+03 8.733239532653689447e-04
1.700000000000000000e+03 7.932057527259476050e-04
1.702500000000000000e+03 6.114060944986116205e-04
1.705000000000000000e+03 4.524361400773961508e-04
1.707500000000000000e+03 3.845462431343361106e-04
1.710000000000000000e+03 3.823575716498925142e-04
1.712500000000000000e+03 3.847393393697726171e-04
1.715000000000000000e+03 3.888213293419001833e-04
1.717500000000000000e+03 4.661248554150821365e-04
1.720000000000000000e+03 6.821692361059078762e-04
1.722500000000000000e+03 1.013065281479462844e-03
1.725000000000000000e+03 1.321336717961000759e-03
1.727500000000000000e+03 1.477761626319725428e-03
1.730000000000000000e+03 1.465814685641549792e-03
1.732500000000000000e+03 1.414836649592692182e-03
1.735000000000000000e+03 1.479049406905515651e-03
1.737500000000000000e+03 1.692352953990563678e-03
1.740000000000000000e+03 1.930092415998490435e-03
1.742500000000000000e+03 2.036221025808976869e-03
1.745000000000000000e+03 1.956552156926345473e-03
1.747500000000000000e+03 1.781204673373963567e-03
1.750000000000000000e+03 1.648549960291683649e-03
1.752500000000000000e+03 1.610309122419310238e-03
1.755000000000000000e+03 1.610235573897533020e-03
1.757500000000000000e+03 1.562841129319441583e-03
1.760000000000000000e+03 1.459250193745486278e-03
1.762500000000000000e+03 1.380845681652344281e-03
1.765000000000000000e+03 1.422100456777585517e-03
1.767500000000000000e+03 1.587637118860718609e-03
1.770000000000000000e+03 1.773831388311585813e-03
1.772500000000000000e+03 1.872886146902089056e-03
1.775000000000000000e+03 1.875759285537255362e-03
1.777500000000000000e+03 1.889180594796048204e-03
1.780000000000000000e+03 2.017751327493554330e-03
1.782500000000000000e+03 2.249766260682507530e-03
1.785000000000000000e+03 2.450461882479027919e-03
1.787500000000000000e+03 2.499307679334716176e-03
1.790000000000000000e+03 2.396464232977461601e-03
1.792500000000000000e+03 2.260549374957589869e-03
1.795000000000000000e+03 2.211225996096714049e-03
1.797500000000000000e+03 2.248248344724512824e-03
1.800000000000000000e+03 2.257598144931716785e-03
1.802500000000000000e+03 2.123724940486821679e-03
1.805000000000000000e+03 1.848313374925570924e-03
1.807500000000000000e+03 1.548046958043539437e-03
1.810000000000000000e+03 1.366697705719885792e-03
1.812500000000000000e+03 1.336587534367637137e-03
1.815000000000000000e+03 1.372104266097576124e-03
1.817500000000000000e+03 1.363881462421188094e-03
1.820000000000000000e+03 1.294834948845420119e-03
1.822500000000000000e+03 1.245604077060803250e-03
1.825000000000000000e+03 1.292719002682455503e-03
1.827500000000000000e+03 1.412513510647223514e-03
1.830000000000000000e+03 1.499147369203780548e-03
1.832500000000000000e+03 1.482381677013967954e-03
1.835000000000000000e+03 1.404770689088337019e-03
1.837500000000000000e+03 1.384310832848009883e-03
1.840000000000000000e+03 1.492318130661874406e-03
1.842500000000000000e+03 1.665579386980137102e-03
1.845000000000000000e+03 1.738447030771458034e-03
1.847500000000000000e+03 1.588140217597239960e-03
1.850000000000000000e+03 1.247492179867999837e-03
1.852500000000000000e+03 8.767661795724639552e-04
1.855000000000000000e+03 6.477476949188350989e-04
1.857500000000000000e+03 5.887493774707036305e-04
1.860000000000000000e+03 5.960030387371071693e-04
1.862500000000000000e+03 5.450833651242559426e-04
1.865000000000000000e+03 4.150412624132674387e-04
1.867500000000000000e+03 2.836364186643775052e-04
1.870000000000000000e+03 2.311793606824511947e-04
1.872500000000000000e+03 2.491747566413513634e-04
1.875000000000000000e+03 2.689590416205291101e-04
1.877500000000000000e+03 2.560515835568752179e-04
1.880000000000000000e+03 2.661202635350475780e-04
1.882500000000000000e+03 3.972997642620274081e-04
1.885000000000000000e+03 6.736752915518664066e-04
1.887500000000000000e+03 9.937630408555385084e-04
1.890000000000000000e+03 1.174887423607752935e-03
1.892500000000000000e+03 1.116461982370399019e-03
1.895000000000000000e+03 8.854194478764261869e-04
1.897500000000000000e+03 6.642892591984136908e-04
1.900000000000000000e+03 6.046077422376280831e-04
1.902500000000000000e+03 6.942361695583723191e-04
1.905000000000000000e+03 7.906060588978574156e-04
1.907500000000000000e+03 7.662506092789638738e-04
1.910000000000000000e+03 6.200452870795698096e-04
1.912500000000000000e+03 4.536533188136709265e-04
1.915000000000000000e+03 3.638208546617379162e-04
1.917500000000000000e+03 3.522835664206909511e-04
1.920000000000000000e+03 3.609638407676805266e-04
1.922500000000000000e+03 3.605339397430531892e-04
1.925000000000000000e+03 4.018280159372999982e-04
1.927500000000000000e+03 5.710066343867338870e-04
1.930000000000000000e+03 8.804978545001626274e-04
1.932500000000000000e+03 1.231422713622225577e-03
1.935000000000000000e+03 1.460891324564721639e-03
1.937500000000000000e+03 1.500381971098130145e-03
1.940000000000000000e+03 1.432383579221367231e-03
1.942500000000000000e+03 1.423715910914710291e-03
1.945000000000000000e+03 1.568262260146408276e-03
1.947500000000000000e+03 1.801787758241829357e-03
1.950000000000000000e+03 1.959172159809074304e-03
1.952500000000000000e+03 1.939607188011180936e-03
1.955000000000000000e+03 1.785482014770969732e-03
1.957500000000000000e+03 1.626242346483455824e-03
1.960000000000000000e+03 1.555744598961560435e-03
1.962500000000000000e+03 1.552140037830923320e-03
1.965000000000000000e+03 1.530888901767953709e-03
1.967500000000000000e+03 1.447373212031714080e-03
1.970000000000000000e+03 1.357553491593022641e-03
1.972500000000000000e+03 1.364206373185477498e-03
1.975000000000000000e+03 1.510415842687588090e-03
1.977500000000000000e+03 1.724612202480336250e-03
1.980000000000000000e+03 1.875696047359838537e-03
1.982500000000000000e+03 1.911926281477957252e-03
1.985000000000000000e+03 1.906961000109847013e-03
1.987500000000000000e+03 1.986192958314788540e-03
1.990000000000000000e+03 2.186499195396608350e-03
1.992500000000000000e+03 2.413802470470674186e-03
1.995000000000000000e+03 2.520431735136493840e-03
1.997500000000000000e+03 2.456025140678423039e-03
2.000000000000000000e+03 2.307640628392579416e-03
