0.000000000000000000e+00 0.000000000000000000e+00 1.000000000000000000e+00
2.500000000000000000e+00 1.373927064116894914e-01 8.626072935883091208e-01
5.000000000000000000e+00 4.697205161849451471e-01 5.302794838150544088e-01
7.500000000000000000e+00 8.202706977375887609e-01 1.797293022624151249e-01
1.000000000000000000e+01 9.950831481874514717e-01 4.916851812553350853e-03
1.250000000000000000e+01 9.055806550026507251e-01 9.441934499735075981e-02
1.500000000000000000e+01 6.056051060376621553e-01 3.943948939623485028e-01
1.750000000000000000e+01 2.547514273712170874e-01 7.452485726287896295e-01
2.000000000000000000e+01 4.535819253035254517e-02 9.546418074696452205e-01
2.250000000000000000e+01 8.389281996523355323e-02 9.161071800347601046e-01
2.500000000000000000e+01 3.474872882925176820e-01 6.525127117074706051e-01
2.750000000000000000e+01 6.997727750192418439e-01 3.002272249807454441e-01
3.000000000000000000e+01 9.496385171274086545e-01 5.036148287258000733e-02
3.250000000000000000e+01 9.678408795995236957e-01 3.215912040046482040e-02
3.500000000000000000e+01 7.427688210198564178e-01 2.572311789801265958e-01
3.750000000000000000e+01 3.891233558435961415e-01 6.108766441563963090e-01
4.000000000000000000e+01 1.002166997519265412e-01 8.997833002480664089e-01
4.250000000000000000e+01 2.805893250954047749e-02 9.719410674904499503e-01
4.500000000000000000e+01 2.138641649005707246e-01 7.861358350994208655e-01
4.750000000000000000e+01 5.596205890221135348e-01 4.403794109778804700e-01
5.000000000000000000e+01 8.711580639983953489e-01 1.288419360016005433e-01
5.250000000000000000e+01 9.817393371339914188e-01 1.826066286600054600e-02
5.500000000000000000e+01 8.300840273036501626e-01 1.699159726963410388e-01
5.750000000000000000e+01 4.994166974343265397e-01 5.005833025656649671e-01
6.000000000000000000e+01 1.771257742678376268e-01 8.228742257321567388e-01
6.250000000000000000e+01 3.426082615819186356e-02 9.657391738418046323e-01
6.500000000000000000e+01 1.477169384752776982e-01 8.522830615247237729e-01
6.750000000000000000e+01 4.542862882741646180e-01 5.457137117258328285e-01
7.000000000000000000e+01 7.831121816123149948e-01 2.168878183876868371e-01
7.250000000000000000e+01 9.640177981713110578e-01 3.598220182869008021e-02
7.500000000000000000e+01 9.010886041412582426e-01 9.891139585874590689e-02
7.750000000000000000e+01 6.298052863202745488e-01 3.701947136797237303e-01
8.000000000000000000e+01 2.994692384813311681e-01 7.005307615186699977e-01
8.250000000000000000e+01 8.128606081738176670e-02 9.187139391826206758e-01
8.500000000000000000e+01 9.489280718331846720e-02 9.051071928166845026e-01
8.750000000000000000e+01 3.341145295971297280e-01 6.658854704028738247e-01
9.000000000000000000e+01 6.676661430308339362e-01 3.323338569691697275e-01
9.250000000000000000e+01 9.189626337243717025e-01 8.103736627563332129e-02
9.500000000000000000e+01 9.450696185134175309e-01 5.493038148658902636e-02
9.750000000000000000e+01 7.286070273435022449e-01 2.713929726565018630e-01
1.000000000000000000e+02 3.891041957411037200e-01 6.108958042589005544e-01
1.025000000000000000e+02 1.083213311129227752e-01 8.916786688870833588e-01
1.050000000000000000e+02 4.550735900129525280e-02 9.544926409987144478e-01
1.075000000000000000e+02 2.345025329217423904e-01 7.654974670782626056e-01
1.100000000000000000e+02 5.677757692218730057e-01 4.322242307781307691e-01
1.125000000000000000e+02 8.662802088220145080e-01 1.337197911779895443e-01
1.150000000000000000e+02 9.636788188791167720e-01 3.632118112088830730e-02
1.175000000000000000e+02 8.114814573398790865e-01 1.885185426601230230e-01
1.200000000000000000e+02 4.979932733074752260e-01 5.020067266925328786e-01
1.225000000000000000e+02 1.902255720835575870e-01 8.097744279164540426e-01
1.250000000000000000e+02 5.800497669824176972e-02 9.419950233017708729e-01
1.275000000000000000e+02 1.694774156126701847e-01 8.305225843873368374e-01
1.300000000000000000e+02 4.632793217983674494e-01 5.367206782016463729e-01
1.325000000000000000e+02 7.872427412233975463e-01 2.127572587766172474e-01
1.350000000000000000e+02 9.637368086436086667e-01 3.626319135639841096e-02
1.375000000000000000e+02 8.986483213751927934e-01 1.013516786248211954e-01
1.400000000000000000e+02 6.239172711739555677e-01 3.760827288260525370e-01
1.425000000000000000e+02 2.801907391320210272e-01 7.198092608679905746e-01
1.450000000000000000e+02 5.745487413129243826e-02 9.425451258687193024e-01
1.475000000000000000e+02 7.586268619296263060e-02 9.241373138070504423e-01
1.500000000000000000e+02 3.283855208115837310e-01 6.716144791884316456e-01
1.525000000000000000e+02 6.822366432967987837e-01 3.177633567032161488e-01
1.550000000000000000e+02 9.379575902980273883e-01 6.204240970199060429e-02
1.575000000000000000e+02 9.569952166150393902e-01 4.300478338497881053e-02
1.600000000000000000e+02 7.276042907434219220e-01 2.723957092565900129e-01
1.625000000000000000e+02 3.726369427633943188e-01 6.273630572366181157e-01
1.650000000000000000e+02 9.176266126283369462e-02 9.082373387371833751e-01
1.675000000000000000e+02 3.387296226715389574e-02 9.661270377328621262e-01
1.700000000000000000e+02 2.300701376932143827e-01 7.699298623067990510e-01
1.725000000000000000e+02 5.764173594210022511e-01 4.235826405790103499e-01
1.750000000000000000e+02 8.827631032783626042e-01 1.172368967216519120e-01
1.775000000000000000e+02 9.916682482035217294e-01 8.331751796496028942e-03
1.800000000000000000e+02 8.454285558776695186e-01 1.545714441223519087e-01
1.825000000000000000e+02 5.199979446820005569e-01 4.800020553180152638e-01
1.850000000000000000e+02 1.917420790659160601e-01 8.082579209341045345e-01
1.875000000000000000e+02 2.985794686680925958e-02 9.701420531332098918e-01
1.900000000000000000e+02 1.240508928366158004e-01 8.759491071634011305e-01
1.925000000000000000e+02 4.279545068633631710e-01 5.720454931366538709e-01
1.950000000000000000e+02 7.761763293735330915e-01 2.238236706264783160e-01
1.975000000000000000e+02 9.852099215479561689e-01 1.479007845205874278e-02
2.000000000000000000e+02 9.356247278400020573e-01 6.437527216001424912e-02
2.025000000000000000e+02 6.495040455225737919e-01 3.504959544774443603e-01
2.050000000000000000e+02 2.840597062868983613e-01 7.159402937131206235e-01
2.075000000000000000e+02 3.302188972492827584e-02 9.669781102750887314e-01
2.100000000000000000e+02 3.715762197697543290e-02 9.628423780230468410e-01
2.125000000000000000e+02 2.939419234945133130e-01 7.060580765055021191e-01
2.150000000000000000e+02 6.592360821340528254e-01 3.407639178659654933e-01
2.175000000000000000e+02 9.401465525064052198e-01 5.985344749361101030e-02
2.200000000000000000e+02 9.834395467170029548e-01 1.656045328300706151e-02
2.225000000000000000e+02 7.708213742450884531e-01 2.291786257549288108e-01
2.250000000000000000e+02 4.231634909285265644e-01 5.768365090714890897e-01
2.275000000000000000e+02 1.226115369685185502e-01 8.773884630314987554e-01
2.300000000000000000e+02 3.211783957555576496e-02 9.678821604244584043e-01
2.325000000000000000e+02 1.964839287889560138e-01 8.035160712110585024e-01
2.350000000000000000e+02 5.254225964925964831e-01 4.745774035074212249e-01
2.375000000000000000e+02 8.495680886422171119e-01 1.504319113578019562e-01
2.400000000000000000e+02 9.924629690301776108e-01 7.537030969837269639e-03
2.425000000000000000e+02 8.787292449753352219e-01 1.212707550246892307e-01
2.450000000000000000e+02 5.681657582723851352e-01 4.318342417276390677e-01
2.475000000000000000e+02 2.208270155618140274e-01 7.791729844382088155e-01
2.500000000000000000e+02 2.827925529762214535e-02 9.717207447024049927e-01
2.525000000000000000e+02 9.295902544397971479e-02 9.070409745560440440e-01
2.550000000000000000e+02 3.795341889942704938e-01 6.204658110057571507e-01
2.575000000000000000e+02 7.353395088319931716e-01 2.646604911680409677e-01
2.600000000000000000e+02 9.601788999596362340e-01 3.982110004039728784e-02
2.625000000000000000e+02 9.345366759470652429e-01 6.546332405296809154e-02
2.650000000000000000e+02 6.750150853836713871e-01 3.249849146163583113e-01
2.675000000000000000e+02 3.226711108521604365e-01 6.773288891478730367e-01
2.700000000000000000e+02 7.563233253210360774e-02 9.243676674679293104e-01
2.725000000000000000e+02 6.292437172607831530e-02 9.370756282739524101e-01
2.750000000000000000e+02 2.881502122149496858e-01 7.118497877850771260e-01
2.775000000000000000e+02 6.305282790349091560e-01 3.694717209651184331e-01
2.800000000000000000e+02 9.017392978137486192e-01 9.826070218628396580e-02
2.825000000000000000e+02 9.631431254750606463e-01 3.685687452496663741e-02
2.850000000000000000e+02 7.839880297893644379e-01 2.160119702106699513e-01
2.875000000000000000e+02 4.586473435608466875e-01 5.413526564391851759e-01
2.900000000000000000e+02 1.650224476145039365e-01 8.349775523855255122e-01
2.925000000000000000e+02 5.557331171311347129e-02 9.444266882869193358e-01
2.950000000000000000e+02 1.912004365500895586e-01 8.087995634499427489e-01
2.975000000000000000e+02 5.020250668090453505e-01 4.979749331909900101e-01
3.000000000000000000e+02 8.157242643152204931e-01 1.842757356848190309e-01
3.025000000000000000e+02 9.642276252643059431e-01 3.577237473572936199e-02
3.050000000000000000e+02 8.611894343677866104e-01 1.388105656322513037e-01
3.075000000000000000e+02 5.589982046704125018e-01 4.410017953296245796e-01
3.100000000000000000e+02 2.271458538507145630e-01 7.728541461493236842e-01
3.125000000000000000e+02 4.431042198689753159e-02 9.556895780131408058e-01
3.150000000000000000e+02 1.140712173202466095e-01 8.859287826797985765e-01
3.175000000000000000e+02 3.981902921648305949e-01 6.018097078352105944e-01
3.200000000000000000e+02 7.355787728191252040e-01 2.644212271809154302e-01
3.225000000000000000e+02 9.465488385610030253e-01 5.345116143904022482e-02
3.250000000000000000e+02 9.156847926285724970e-01 8.431520737147027433e-02
3.275000000000000000e+02 6.630796296755894215e-01 3.369203703244546544e-01
3.300000000000000000e+02 3.316330976781418638e-01 6.683669023219025451e-01
3.325000000000000000e+02 9.589368743483542290e-02 9.041063125652106791e-01
3.350000000000000000e+02 8.497393347670115227e-02 9.150260665233500568e-01
3.375000000000000000e+02 3.041585241044468257e-01 6.958414758956091850e-01
3.400000000000000000e+02 6.338378596754242755e-01 3.661621403246296258e-01
3.425000000000000000e+02 9.029661434756719451e-01 9.703385652437938880e-02
3.450000000000000000e+02 9.623837149287723935e-01 3.761628507127459664e-02
3.475000000000000000e+02 7.773674002211408141e-01 2.226325997789107281e-01
3.500000000000000000e+02 4.459509977462918773e-01 5.540490022537608583e-01
3.525000000000000000e+02 1.404760607330615141e-01 8.595239392669938860e-01
3.550000000000000000e+02 3.206958299160879433e-02 9.679304170084508385e-01
3.575000000000000000e+02 1.813925864483660333e-01 8.186074135516923089e-01
3.600000000000000000e+02 5.072675481532918917e-01 4.927324518467666170e-01
3.625000000000000000e+02 8.360239371058163504e-01 1.639760628942407705e-01
3.650000000000000000e+02 9.814718123849064391e-01 1.852818761515229867e-02
3.675000000000000000e+02 8.647386625555631978e-01 1.352613374444923133e-01
3.700000000000000000e+02 5.516237024942670653e-01 4.483762975057865585e-01
3.725000000000000000e+02 2.099216428330102913e-01 7.900783571670484395e-01
3.750000000000000000e+02 3.092162039740589674e-02 9.690783796026574137e-01
3.775000000000000000e+02 1.084114463571453635e-01 8.915885536429180025e-01
3.800000000000000000e+02 3.983269927799596433e-01 6.016730072201091906e-01
3.825000000000000000e+02 7.489120325860172400e-01 2.510879674140527040e-01
3.850000000000000000e+02 9.692047787457509500e-01 3.079522125431349844e-02
3.875000000000000000e+02 9.467616396460256656e-01 5.323836035404344580e-02
3.900000000000000000e+02 6.944184539801694367e-01 3.055815460199005074e-01
3.925000000000000000e+02 3.416407160686391054e-01 6.583592839314291734e-01
3.950000000000000000e+02 7.967018203589991410e-02 9.203298179641663523e-01
3.975000000000000000e+02 4.471538350988496502e-02 9.552846164901889203e-01
4.000000000000000000e+02 2.582805888426171759e-01 7.417194111574573201e-01
4.025000000000000000e+02 6.115056674919324697e-01 3.884943325081412491e-01
4.050000000000000000e+02 9.098149025503279308e-01 9.018509744974539943e-02
4.075000000000000000e+02 9.936683178700330688e-01 6.331682130036360955e-03
4.100000000000000000e+02 8.124735693768526668e-01 1.875264306232238831e-01
4.125000000000000000e+02 4.591821637109284038e-01 5.408178362891479241e-01
4.150000000000000000e+02 1.302349852196996172e-01 8.697650147803790421e-01
4.175000000000000000e+02 6.665732830092869609e-04 9.993334267170652652e-01
4.200000000000000000e+02 1.427876475949935997e-01 8.572123524050822008e-01
4.225000000000000000e+02 4.802823694473482563e-01 5.197176305527257956e-01
4.250000000000000000e+02 8.247277171267033413e-01 1.752722828733760951e-01
4.275000000000000000e+02 9.962147861916159641e-01 3.785213808460433094e-03
4.300000000000000000e+02 9.038594515053751666e-01 9.614054849469644282e-02
4.325000000000000000e+02 6.003541093376683069e-01 3.996458906624085761e-01
4.350000000000000000e+02 2.545983092303477635e-01 7.454016907697271765e-01
4.375000000000000000e+02 4.554210146535724035e-02 9.544578985347185185e-01
4.400000000000000000e+02 8.539333069012447486e-02 9.146066693099543787e-01
4.425000000000000000e+02 3.523474950518989401e-01 6.476525049481811624e-01
4.450000000000000000e+02 7.012309477324416562e-01 2.987690522676385019e-01
4.475000000000000000e+02 9.522037225258199733e-01 4.779627747425749945e-02
4.500000000000000000e+02 9.673416406677399770e-01 3.265835933233243032e-02
4.525000000000000000e+02 7.362656076638351976e-01 2.637343923362470144e-01
4.550000000000000000e+02 3.833891258517496126e-01 6.166108741483304900e-01
4.575000000000000000e+02 9.252014397686500469e-02 9.074798560232210098e-01
4.600000000000000000e+02 2.547899030097312140e-02 9.745210096991088200e-01
4.625000000000000000e+02 2.186008722825262263e-01 7.813991277175538208e-01
4.650000000000000000e+02 5.639238493633895732e-01 4.360761506366912510e-01
4.675000000000000000e+02 8.768024186747560567e-01 1.231975813253230884e-01
4.700000000000000000e+02 9.816692381016933755e-01 1.833076189838784426e-02
4.725000000000000000e+02 8.245251286413434189e-01 1.754748713587416242e-01
4.750000000000000000e+02 4.966768622716684622e-01 5.033231377284146379e-01
4.775000000000000000e+02 1.746935118969367151e-01 8.253064881031484390e-01
4.800000000000000000e+02 3.758850122666420462e-02 9.624114987734235793e-01
4.825000000000000000e+02 1.546203861834542503e-01 8.453796138166365104e-01
4.850000000000000000e+02 4.577936949934117150e-01 5.422063050066733281e-01
4.875000000000000000e+02 7.874441662230008410e-01 2.125558337770845352e-01
4.900000000000000000e+02 9.641587992687290498e-01 3.584120073135933088e-02
4.925000000000000000e+02 8.988652233077440989e-01 1.011347766923474112e-01
4.950000000000000000e+02 6.290290673707179536e-01 3.709709326293716969e-01
4.975000000000000000e+02 2.947929124626293973e-01 7.052070875374597536e-01
5.000000000000000000e+02 7.885165768472857106e-02 9.211483423153646877e-01
5.025000000000000000e+02 9.420757473841789853e-02 9.057924252616721406e-01
5.050000000000000000e+02 3.336523788526692957e-01 6.663476211474281818e-01
5.075000000000000000e+02 6.719520297367974626e-01 3.280479702633072314e-01
5.100000000000000000e+02 9.196566953735026972e-01 8.034330462659319827e-02
5.125000000000000000e+02 9.422911095837802620e-01 5.770889041632019240e-02
5.150000000000000000e+02 7.242889613234255730e-01 2.757110386766755683e-01
5.175000000000000000e+02 3.810779422918428305e-01 6.189220577082577002e-01
5.200000000000000000e+02 1.066761756608648748e-01 8.933238243392389588e-01
5.225000000000000000e+02 4.897056318705476918e-02 9.510294368130444154e-01
5.250000000000000000e+02 2.399586324405572069e-01 7.600413675595490970e-01
5.275000000000000000e+02 5.759823934177596971e-01 4.240176065823431650e-01
5.300000000000000000e+02 8.678132319394492589e-01 1.321867680606572115e-01
5.325000000000000000e+02 9.619940984480944701e-01 3.800590155200934267e-02
5.350000000000000000e+02 8.095783846235873327e-01 1.904216153765145303e-01
5.375000000000000000e+02 4.943711311900407246e-01 5.056288688100649686e-01
5.400000000000000000e+02 1.921658758365006880e-01 8.078341241636083359e-01
5.425000000000000000e+02 6.068289045958234762e-02 9.393171095405262738e-01
5.450000000000000000e+02 1.716175945674727754e-01 8.283824054326340836e-01
5.475000000000000000e+02 4.676578931853940801e-01 5.323421068147112800e-01
5.500000000000000000e+02 7.872765754444843722e-01 2.127234245556265668e-01
5.525000000000000000e+02 9.634002299579514927e-01 3.659977004215410334e-02
5.550000000000000000e+02 8.960808001780796728e-01 1.039191998220323626e-01
5.575000000000000000e+02 6.160419301099275824e-01 3.839580698901812195e-01
5.600000000000000000e+02 2.750631837659923140e-01 7.249368162341164323e-01
5.625000000000000000e+02 5.303252366359229725e-02 9.469674763365174552e-01
5.650000000000000000e+02 7.641102012207699745e-02 9.235889798780357873e-01
5.675000000000000000e+02 3.357029404666097561e-01 6.642970595335049300e-01
5.700000000000000000e+02 6.865160730472722461e-01 3.134839269528407746e-01
5.725000000000000000e+02 9.406352812673693942e-01 5.936471873273936606e-02
5.750000000000000000e+02 9.540714513643089312e-01 4.592854863581299907e-02
5.775000000000000000e+02 7.196763058706077132e-01 2.803236941295049189e-01
5.800000000000000000e+02 3.700047534651059733e-01 6.299952465350151520e-01
5.825000000000000000e+02 9.171529179676346510e-02 9.082847082033577157e-01
5.850000000000000000e+02 3.939966993803543927e-02 9.606003300620897800e-01
5.875000000000000000e+02 2.393571667502429334e-01 7.606428332498832434e-01
5.900000000000000000e+02 5.806521689863616276e-01 4.193478310137581655e-01
5.925000000000000000e+02 8.862903906920787112e-01 1.137096093080473685e-01
5.950000000000000000e+02 9.907005969220105124e-01 9.299403078112201959e-03
5.975000000000000000e+02 8.407095600690038806e-01 1.592904399311211028e-01
6.000000000000000000e+02 5.172704215245368387e-01 4.827295784755878949e-01
6.025000000000000000e+02 1.860246094785006077e-01 8.139753905216237095e-01
6.050000000000000000e+02 2.744143931526758437e-02 9.725585606848587972e-01
6.075000000000000000e+02 1.257295622005677183e-01 8.742704377995564879e-01
6.100000000000000000e+02 4.298011574140564450e-01 5.701988425860715637e-01
6.125000000000000000e+02 7.820242570102474700e-01 2.179757429898791232e-01
6.150000000000000000e+02 9.860073492016896424e-01 1.399265079843849124e-02
6.175000000000000000e+02 9.305483768704718717e-01 6.945162312965366680e-02
6.200000000000000000e+02 6.431816123929552376e-01 3.568183876071743255e-01
6.225000000000000000e+02 2.748149528428670552e-01 7.251850471572636181e-01
6.250000000000000000e+02 3.142681233377353500e-02 9.685731876663579154e-01
6.275000000000000000e+02 4.238678382074909101e-02 9.576132161793847741e-01
6.300000000000000000e+02 3.007089225270956345e-01 6.992910774730403123e-01
6.325000000000000000e+02 6.686564559887866466e-01 3.313435440113478014e-01
6.350000000000000000e+02 9.425500488763074447e-01 5.744995112382819680e-02
6.375000000000000000e+02 9.817381659106038105e-01 1.826183408952713333e-02
6.400000000000000000e+02 7.690939566749380729e-01 2.309060433251952649e-01
6.425000000000000000e+02 4.187408472778187951e-01 5.812591527223190946e-01
6.450000000000000000e+02 1.229847660356825356e-01 8.770152339644567974e-01
6.475000000000000000e+02 3.343519192032122500e-02 9.665648080798202590e-01
6.500000000000000000e+02 1.974076154956977414e-01 8.025923845044421467e-01
6.525000000000000000e+02 5.301042735094808611e-01 4.698957264906608589e-01
6.550000000000000000e+02 8.508496165470982309e-01 1.491503834530416850e-01
6.575000000000000000e+02 9.931757654419726133e-01 6.824234558168304314e-03
6.600000000000000000e+02 8.769628928382491306e-01 1.230371071618934775e-01
6.625000000000000000e+02 5.598001536555045066e-01 4.401998463446396559e-01
6.650000000000000000e+02 2.147580850317466483e-01 7.852419149683962374e-01
6.675000000000000000e+02 2.329934931406379972e-02 9.767006506860804738e-01
6.700000000000000000e+02 9.278876008464137515e-02 9.072112399155038975e-01
6.725000000000000000e+02 3.866088237898767099e-01 6.133911762102722820e-01
6.750000000000000000e+02 7.395138544249285628e-01 2.604861455752198740e-01
6.775000000000000000e+02 9.629533657603960295e-01 3.704663423974943054e-02
6.800000000000000000e+02 9.330073797924363088e-01 6.699262020770574422e-02
6.825000000000000000e+02 6.689999231654225609e-01 3.310000768347204358e-01
6.850000000000000000e+02 3.218933976821639065e-01 6.781066023179819213e-01
6.875000000000000000e+02 7.650389776493585203e-02 9.234961022352119464e-01
6.900000000000000000e+02 6.702805847325449262e-02 9.329719415268901139e-01
6.925000000000000000e+02 2.948809401281799469e-01 7.051190598719760949e-01
6.950000000000000000e+02 6.322397408521317486e-01 3.677602591480175764e-01
6.975000000000000000e+02 9.037416033017006134e-01 9.625839669844443725e-02
7.000000000000000000e+02 9.629013629025974241e-01 3.709863709755445438e-02
7.025000000000000000e+02 7.809486128771774283e-01 2.190513871229716747e-01
7.050000000000000000e+02 4.577646286017128530e-01 5.422353713984404688e-01
7.075000000000000000e+02 1.607290585733136268e-01 8.392709414268418877e-01
7.100000000000000000e+02 5.297098982111615034e-02 9.470290101790314052e-01
7.125000000000000000e+02 1.920072988564480443e-01 8.079927011437009199e-01
7.150000000000000000e+02 5.020848781861709798e-01 4.979151218139781232e-01
7.175000000000000000e+02 8.190983983419735104e-01 1.809016016581767028e-01
7.200000000000000000e+02 9.636877393395451019e-01 3.631226066060665864e-02
7.225000000000000000e+02 8.558671841399061453e-01 1.441328158602486753e-01
7.250000000000000000e+02 5.546783257739311690e-01 4.453216742262222638e-01
7.275000000000000000e+02 2.217653938334396835e-01 7.782346061667108073e-01
7.300000000000000000e+02 4.578306699893884557e-02 9.542169330012106876e-01
7.325000000000000000e+02 1.209317774634151577e-01 8.790682225367373315e-01
7.350000000000000000e+02 4.034429984602060371e-01 5.965570015399485060e-01
7.375000000000000000e+02 7.411780302353693228e-01 2.588219697647869411e-01
7.400000000000000000e+02 9.457731091392729272e-01 5.422689086088139376e-02
7.425000000000000000e+02 9.119190767289694355e-01 8.808092327118910436e-02
7.450000000000000000e+02 6.621584509396208906e-01 3.378415490605356508e-01
7.475000000000000000e+02 3.300061684041853405e-01 6.699938315959695911e-01
7.500000000000000000e+02 9.881571102872430123e-02 9.011842889714322125e-01
7.525000000000000000e+02 8.864635112398530636e-02 9.113536488761749821e-01
7.550000000000000000e+02 3.052820034413247785e-01 6.947179965588379247e-01
7.575000000000000000e+02 6.370054607690796011e-01 3.629945392310805485e-01
7.600000000000000000e+02 9.019407178628934263e-01 9.805928213726602949e-02
7.625000000000000000e+02 9.595344577944280307e-01 4.046554220573649052e-02
7.650000000000000000e+02 7.735737817636181290e-01 2.264262182365486820e-01
7.675000000000000000e+02 4.374670969642203699e-01 5.625329030359451643e-01
7.700000000000000000e+02 1.364063233716190093e-01 8.635936766285456923e-01
7.725000000000000000e+02 3.155622316138784189e-02 9.684437768387775813e-01
7.750000000000000000e+02 1.845378368493556520e-01 8.154621631508133239e-01
7.775000000000000000e+02 5.156704979699375802e-01 4.843295020302277876e-01
7.800000000000000000e+02 8.387808976210854306e-01 1.612191023790796873e-01
7.825000000000000000e+02 9.801896263087312988e-01 1.981037369143688262e-02
7.850000000000000000e+02 8.602880295913328812e-01 1.397119704088429226e-01
7.875000000000000000e+02 5.441753248743226301e-01 4.558246751258495100e-01
7.900000000000000000e+02 2.100176501776540028e-01 7.899823498225251317e-01
7.925000000000000000e+02 3.488757760725096080e-02 9.651124223929268275e-01
7.950000000000000000e+02 1.148995241520306687e-01 8.851004758481454404e-01
7.975000000000000000e+02 4.071170986465740826e-01 5.928829013536000003e-01
8.000000000000000000e+02 7.512081003457877770e-01 2.487918996543813654e-01
8.025000000000000000e+02 9.698639657290736293e-01 3.013603427110314245e-02
8.050000000000000000e+02 9.447706117945895432e-01 5.522938820558641326e-02
8.075000000000000000e+02 6.883106540961974051e-01 3.116893459039774550e-01
8.100000000000000000e+02 3.384075613981093467e-01 6.615924386020654024e-01
8.125000000000000000e+02 7.494839415800909344e-02 9.250516058421663912e-01
8.150000000000000000e+02 4.311922320966057182e-02 9.568807767905176398e-01
8.175000000000000000e+02 2.624055512443955740e-01 7.375944487557797302e-01
8.200000000000000000e+02 6.143994704191739764e-01 3.856005295809994404e-01
8.225000000000000000e+02 9.141043129616326368e-01 8.589568703853776854e-02
8.250000000000000000e+02 9.923692885231982785e-01 7.630711476977539154e-03
8.275000000000000000e+02 8.042722679049995049e-01 1.957277320951784083e-01
8.300000000000000000e+02 4.527186671821223918e-01 5.472813328180516912e-01
8.325000000000000000e+02 1.241377588625759004e-01 8.758622411375985850e-01
8.350000000000000000e+02 2.430397253131301449e-03 9.975696027470453142e-01
8.375000000000000000e+02 1.515086320672138220e-01 8.484913679329669778e-01
8.400000000000000000e+02 4.870018673119935193e-01 5.129981326881875026e-01
8.425000000000000000e+02 8.316305720442312976e-01 1.683694279559491414e-01
8.450000000000000000e+02 9.968132196526929834e-01 3.186780347489855635e-03
8.475000000000000000e+02 9.003158625279462646e-01 9.968413747224093291e-02
8.500000000000000000e+02 5.990962119922690343e-01 4.009037880079129312e-01
8.525000000000000000e+02 2.512305405126559754e-01 7.487694594875269338e-01
8.550000000000000000e+02 4.577633410855685286e-02 9.542236658916304348e-01
8.575000000000000000e+02 8.735334310143995362e-02 9.126466568987470218e-01
8.600000000000000000e+02 3.528654061434280953e-01 6.471345938567643064e-01
8.625000000000000000e+02 7.057418949369753669e-01 2.942581050632112061e-01
8.650000000000000000e+02 9.535033440133973137e-01 4.649665598679353362e-02
8.675000000000000000e+02 9.658220162212634019e-01 3.417798377892526662e-02
8.700000000000000000e+02 7.328943835132532003e-01 2.671056164869428651e-01
8.725000000000000000e+02 3.739783679558021934e-01 6.260216320443950933e-01
8.750000000000000000e+02 8.697905233982337891e-02 9.130209476603731167e-01
8.775000000000000000e+02 2.404935526093333192e-02 9.759506447392620743e-01
8.800000000000000000e+02 2.207540090443030623e-01 7.792459909558959730e-01
8.825000000000000000e+02 5.719099989735887402e-01 4.280900010266112665e-01
8.850000000000000000e+02 8.799311582429273360e-01 1.200688417572690209e-01
8.875000000000000000e+02 9.814492559039605935e-01 1.855074409623877832e-02
8.900000000000000000e+02 8.226242304247286530e-01 1.773757695754749619e-01
8.925000000000000000e+02 4.918699520376139112e-01 5.081300479625828759e-01
8.950000000000000000e+02 1.759876576371949830e-01 8.240123423630041355e-01
8.975000000000000000e+02 4.082792288048064933e-02 9.591720771197167483e-01
9.000000000000000000e+02 1.579677418388165111e-01 8.420322581613818302e-01
9.025000000000000000e+02 4.630447771707868476e-01 5.369552228294069973e-01
9.050000000000000000e+02 7.877273222802697594e-01 2.122726777199309689e-01
9.075000000000000000e+02 9.647364771737427791e-01 3.526352282645327241e-02
9.100000000000000000e+02 8.991081798014771698e-01 1.008918201987222540e-01
9.125000000000000000e+02 6.255345504012046476e-01 3.744654495989929166e-01
9.150000000000000000e+02 2.932382415110630913e-01 7.067617584891403570e-01
9.175000000000000000e+02 7.486349007471962413e-02 9.251365099254871271e-01
9.200000000000000000e+02 9.147191207622626385e-02 9.085280879239776564e-01
9.225000000000000000e+02 3.357835078308273324e-01 6.642164921693738400e-01
9.250000000000000000e+02 6.724657206323756409e-01 3.275342793678253650e-01
9.275000000000000000e+02 9.214259801461012200e-01 7.857401985410050749e-02
9.300000000000000000e+02 9.405092843903318789e-01 5.949071560987445606e-02
9.325000000000000000e+02 7.175902294660316816e-01 2.824097705341711007e-01
9.350000000000000000e+02 3.781494699757980138e-01 6.218505300244091538e-01
9.375000000000000000e+02 1.051871553066005271e-01 8.948128446936026714e-01
9.400000000000000000e+02 5.294262339523624766e-02 9.470573766049705799e-01
9.425000000000000000e+02 2.481412005049358771e-01 7.518587994952681264e-01
9.450000000000000000e+02 5.793241207621948607e-01 4.206758792380083656e-01
9.475000000000000000e+02 8.699091281641283535e-01 1.300908718360817007e-01
9.500000000000000000e+02 9.599718022164032138e-01 4.002819778380672239e-02
9.525000000000000000e+02 8.056909578087800838e-01 1.943090421914323018e-01
9.550000000000000000e+02 4.954209698135293438e-01 5.045790301866822647e-01
9.575000000000000000e+02 1.925875690773898308e-01 8.074124309228224439e-01
9.600000000000000000e+02 6.338007768875980608e-02 9.366199223114559658e-01
9.625000000000000000e+02 1.750600221755028163e-01 8.249399778247110682e-01
9.650000000000000000e+02 4.673622145643455128e-01 5.326377854358710362e-01
9.675000000000000000e+02 7.889001464977386524e-01 2.110998535024760370e-01
9.700000000000000000e+02 9.615872354578641756e-01 3.841276454235843796e-02
9.725000000000000000e+02 8.910439692411173951e-01 1.089560307590979049e-01
9.750000000000000000e+02 6.114993650616395993e-01 3.885006349385832780e-01
9.775000000000000000e+02 2.674686136165211336e-01 7.325313863836979689e-01
9.800000000000000000e+02 5.110976956446125485e-02 9.488902304357567097e-01
9.825000000000000000e+02 8.003299496869413499e-02 9.199670050315295056e-01
9.850000000000000000e+02 3.404007908885050560e-01 6.595992091117197642e-01
9.875000000000000000e+02 6.937755231664008981e-01 3.062244768338238665e-01
9.900000000000000000e+02 9.407888067203832305e-01 5.921119327984368519e-02
9.925000000000000000e+02 9.491829059204820451e-01 5.081709407974827064e-02
9.950000000000000000e+02 7.152976396210796173e-01 2.847023603791505875e-01
9.975000000000000000e+02 3.651981232933772525e-01 6.348018767068481782e-01
1.000000000000000000e+03 9.492193787590329224e-02 9.050780621243208479e-01
1.002500000000000000e+03 4.637274962943838813e-02 9.536272503707834414e-01
1.005000000000000000e+03 2.452464960007471606e-01 7.547535039994768269e-01
1.007500000000000000e+03 5.874674447790753096e-01 4.125325552211506763e-01
1.010000000000000000e+03 8.865822336679042293e-01 1.134177663323232554e-01
1.012500000000000000e+03 9.888017592880196105e-01 1.119824071221436033e-02
1.015000000000000000e+03 8.380897594292735509e-01 1.619102405709570980e-01
1.017500000000000000e+03 5.103601776419587344e-01 4.896398223582725806e-01
1.020000000000000000e+03 1.824601836892756901e-01 8.175398163109556249e-01
1.022500000000000000e+03 2.452521176169625977e-02 9.754747882385406132e-01
1.025000000000000000e+03 1.256120515768052170e-01 8.743879484234322597e-01
1.027500000000000000e+03 4.359354018217784787e-01 5.640645981784578877e-01
1.030000000000000000e+03 7.850869504863473569e-01 2.149130495138913965e-01
1.032500000000000000e+03 9.873520189200979402e-01 1.264798108013956944e-02
1.035000000000000000e+03 9.268938329924588659e-01 7.310616700778314880e-02
1.037500000000000000e+03 6.332263300921171512e-01 3.667736699081215468e-01
1.040000000000000000e+03 2.697623666461272940e-01 7.302376333541116260e-01
1.042500000000000000e+03 2.981834306690646710e-02 9.701816569333341356e-01
1.045000000000000000e+03 4.708449373765401236e-02 9.529155062625935813e-01
1.047500000000000000e+03 3.111066417697418984e-01 6.888933582305000192e-01
1.050000000000000000e+03 6.741561079970592729e-01 3.258438920031851982e-01
1.052500000000000000e+03 9.464114766176512372e-01 5.358852338259081916e-02
1.055000000000000000e+03 9.811896452787920442e-01 1.881035472145938664e-02
1.057500000000000000e+03 7.646313044646307899e-01 2.353686955356147914e-01
1.060000000000000000e+03 4.178633848824639951e-01 5.821366151177873594e-01
1.062500000000000000e+03 1.204293177724653358e-01 8.795706822277843395e-01
1.065000000000000000e+03 3.303705462619491856e-02 9.669629453740522518e-01
1.067500000000000000e+03 2.000243687138476278e-01 7.999756312864023666e-01
1.070000000000000000e+03 5.309000853031938805e-01 4.690999146970591949e-01
1.072500000000000000e+03 8.550084901892006650e-01 1.449915098110522438e-01
1.075000000000000000e+03 9.940513528175518587e-01 5.948647182706158845e-03
1.077500000000000000e+03 8.727482416469684035e-01 1.272517583532901120e-01
1.080000000000000000e+03 5.548144656758311477e-01 4.451855343244278673e-01
1.082500000000000000e+03 2.056322951831979773e-01 7.943677048170609822e-01
1.085000000000000000e+03 1.932846130037893170e-02 9.806715386998838824e-01
1.087500000000000000e+03 9.514291590510377816e-02 9.048570840951591920e-01
1.090000000000000000e+03 3.903520086050342730e-01 6.096479913952298491e-01
1.092500000000000000e+03 7.468333376966348469e-01 2.531666623036361585e-01
1.095000000000000000e+03 9.648286655556435054e-01 3.517133444462992864e-02
1.097500000000000000e+03 9.307271120016186172e-01 6.927288799865442825e-02
1.100000000000000000e+03 6.678095998459824267e-01 3.321904001542926865e-01
1.102500000000000000e+03 3.190134583328258500e-01 6.809865416674478755e-01
1.105000000000000000e+03 7.884511449007380879e-02 9.211548855102041911e-01
1.107500000000000000e+03 7.109314710278982763e-02 9.289068528974867567e-01
1.110000000000000000e+03 2.966502345445879985e-01 7.033497654556872813e-01
1.112500000000000000e+03 6.360483059096866398e-01 3.639516940905926923e-01
1.115000000000000000e+03 9.038509730088986061e-01 9.614902699138130893e-02
1.117500000000000000e+03 9.627533421916796286e-01 3.724665780859745534e-02
1.120000000000000000e+03 7.814165236069980924e-01 2.185834763932821834e-01
1.122500000000000000e+03 4.534714256757875761e-01 5.465285743244985284e-01
1.125000000000000000e+03 1.580069135510591694e-01 8.419930864492187750e-01
1.127500000000000000e+03 4.965503889594174991e-02 9.503449611043411904e-01
1.130000000000000000e+03 1.896704668740710753e-01 8.103295331262095891e-01
1.132500000000000000e+03 5.052395353923795351e-01 4.947604646079030166e-01
1.135000000000000000e+03 8.196615937899331961e-01 1.803384062103470797e-01
1.137500000000000000e+03 9.633732131181900193e-01 3.662678688209161648e-02
1.140000000000000000e+03 8.535330618436365313e-01 1.464669381566520434e-01
1.142500000000000000e+03 5.484573049203868012e-01 4.515426950799016348e-01
1.145000000000000000e+03 2.211598097943888175e-01 7.788401902058965653e-01
1.147500000000000000e+03 4.795776803440288116e-02 9.520422319658831123e-01
1.150000000000000000e+03 1.256286989819097311e-01 8.743713010183794543e-01
1.152500000000000000e+03 4.106615084382310710e-01 5.893384915620600850e-01
1.155000000000000000e+03 7.420980176178713084e-01 2.579019823824145741e-01
1.157500000000000000e+03 9.452856538026235267e-01 5.471434619766619295e-02
1.160000000000000000e+03 9.104939498589592617e-01 8.950605014132767545e-02
1.162500000000000000e+03 6.594783670232272632e-01 3.405216329770625050e-01
1.165000000000000000e+03 3.324875479366239395e-01 6.675124520636701586e-01
1.167500000000000000e+03 1.002325305016779355e-01 8.997674694986146360e-01
1.170000000000000000e+03 8.999487083452754888e-02 9.100051291657635932e-01
1.172500000000000000e+03 3.079263760400116068e-01 6.920736239602829354e-01
1.175000000000000000e+03 6.356784349222928121e-01 3.643215650780067261e-01
1.177500000000000000e+03 9.019823449876479549e-01 9.801765501264941838e-02
1.180000000000000000e+03 9.569790859433879859e-01 4.302091405691153142e-02
1.182500000000000000e+03 7.668518560140996643e-01 2.331481439861957106e-01
1.185000000000000000e+03 4.331186029317586339e-01 5.668813970685353532e-01
1.187500000000000000e+03 1.314086380531380716e-01 8.685913619471606895e-01
1.190000000000000000e+03 3.228183776236417946e-02 9.677181622379340542e-01
1.192500000000000000e+03 1.911935142719222436e-01 8.088064857283742137e-01
1.195000000000000000e+03 5.201312174728605076e-01 4.798687825274359775e-01
1.197500000000000000e+03 8.429890855739827771e-01 1.570109144263140966e-01
1.200000000000000000e+03 9.778870709609930323e-01 2.211292903930187764e-02
1.202500000000000000e+03 8.536720942196749373e-01 1.463279057806210759e-01
1.205000000000000000e+03 5.417339411095384305e-01 4.582660588907624399e-01
1.207500000000000000e+03 2.089312413406865243e-01 7.910687586596156784e-01
1.210000000000000000e+03 4.019603450885984863e-02 9.598039654914348739e-01
1.212500000000000000e+03 1.230561156596114564e-01 8.769438843406809347e-01
1.215000000000000000e+03 4.112162573425511836e-01 5.887837426577383626e-01
1.217500000000000000e+03 7.554073764682398551e-01 2.445926235320562137e-01
1.220000000000000000e+03 9.687026716787563441e-01 3.129732832153060695e-02
1.222500000000000000e+03 9.408171733158564587e-01 5.918282668444117822e-02
1.225000000000000000e+03 6.851059970458186488e-01 3.148940029544736730e-01
1.227500000000000000e+03 3.312675021793248797e-01 6.687324978209653326e-01
1.230000000000000000e+03 7.162979293518727253e-02 9.283702070651076443e-01
1.232500000000000000e+03 4.287405982063147852e-02 9.571259401796663457e-01
1.235000000000000000e+03 2.640180624435184420e-01 7.359819375567834276e-01
1.237500000000000000e+03 6.213284249027806183e-01 3.786715750975215844e-01
1.240000000000000000e+03 9.161521704852416681e-01 8.384782951505788395e-02
1.242500000000000000e+03 9.899611902507681194e-01 1.003880974953550581e-02
1.245000000000000000e+03 7.988556374318362963e-01 2.011443625684658509e-01
1.247500000000000000e+03 4.431170819727517918e-01 5.568829180275531865e-01
1.250000000000000000e+03 1.217947326350426462e-01 8.782052673652624986e-01
1.252500000000000000e+03 5.491004045920348103e-03 9.945089959543860214e-01
1.255000000000000000e+03 1.579823747016355084e-01 8.420176252986690812e-01
1.257500000000000000e+03 4.972518976953995695e-01 5.027481023049039655e-01
1.260000000000000000e+03 8.353406631377473524e-01 1.646593368625569043e-01
1.262500000000000000e+03 9.977262786924059323e-01 2.273721307901062534e-03
1.265000000000000000e+03 8.992204742623330915e-01 1.007795257379734272e-01
1.267500000000000000e+03 5.942775751821866015e-01 4.057224248181238169e-01
1.270000000000000000e+03 2.502486447755850607e-01 7.497513552247209168e-01
1.272500000000000000e+03 4.388116800248692551e-02 9.561188319978166650e-01
1.275000000000000000e+03 8.651303884765099150e-02 9.134869611526519328e-01
1.277500000000000000e+03 3.563869755715299847e-01 6.436130244287749935e-01
1.280000000000000000e+03 7.071948438333535147e-01 2.928051561669500757e-01
1.282500000000000000e+03 9.566905886817117510e-01 4.330941131858379728e-02
1.285000000000000000e+03 9.656442807845942999e-01 3.435571921570388515e-02
1.287500000000000000e+03 7.259825218787108181e-01 2.740174781215880540e-01
1.290000000000000000e+03 3.678534197577412179e-01 6.321465802425594305e-01
1.292500000000000000e+03 7.958447003022713073e-02 9.204155299700753634e-01
1.295000000000000000e+03 2.229617069641884677e-02 9.777038293038808892e-01
1.297500000000000000e+03 2.263608689746307578e-01 7.736391310256641729e-01
1.300000000000000000e+03 5.765306545872398436e-01 4.234693454130571411e-01
1.302500000000000000e+03 8.857234375803424431e-01 1.142765624199521546e-01
1.305000000000000000e+03 9.823566504737695215e-01 1.764334952652706762e-02
1.307500000000000000e+03 8.191594852824840567e-01 1.808405147178077377e-01
1.310000000000000000e+03 4.916142135697885718e-01 5.083857864305084684e-01
1.312500000000000000e+03 1.748590461452788347e-01 8.251409538550171785e-01
1.315000000000000000e+03 4.307406165220056815e-02 9.569259383480983594e-01
1.317500000000000000e+03 1.619707623921437245e-01 8.380292376081510675e-01
1.320000000000000000e+03 4.635484688805360243e-01 5.364515311197615155e-01
1.322500000000000000e+03 7.905755541951037246e-01 2.094244458051912061e-01
1.325000000000000000e+03 9.653848415700501118e-01 3.461515843024873945e-02
1.327500000000000000e+03 8.982932754737863457e-01 1.017067245265108055e-01
1.330000000000000000e+03 6.255810937702641628e-01 3.744189062300339321e-01
1.332500000000000000e+03 2.879868225883223665e-01 7.120131774119766721e-01
1.335000000000000000e+03 7.091407943093581967e-02 9.290859205693653422e-01
1.337500000000000000e+03 8.925635704292930739e-02 9.107436429573707581e-01
1.340000000000000000e+03 3.342019657696777002e-01 6.657980342306231147e-01
1.342500000000000000e+03 6.761464040436768741e-01 3.238535959566293254e-01
1.345000000000000000e+03 9.220745414111030103e-01 7.792545858919230906e-02
1.347500000000000000e+03 9.385715691498052182e-01 6.142843085049573548e-02
1.350000000000000000e+03 7.155410348109496610e-01 2.844589651893519866e-01
1.352500000000000000e+03 3.734763271461178369e-01 6.265236728541873079e-01
1.355000000000000000e+03 1.065343161648015236e-01 8.934656838355066188e-01
1.357500000000000000e+03 5.752188041443476174e-02 9.424781195858780158e-01
1.360000000000000000e+03 2.521059007604367075e-01 7.478940992398709353e-01
1.362500000000000000e+03 5.846015372418458256e-01 4.153984627584592637e-01
1.365000000000000000e+03 8.692669689788475873e-01 1.307330310214593894e-01
1.367500000000000000e+03 9.582329584151230151e-01 4.176704158518206034e-02
1.370000000000000000e+03 8.057636218256067906e-01 1.942363781747014351e-01
1.372500000000000000e+03 4.941778368123499465e-01 5.058221631879621372e-01
1.375000000000000000e+03 1.953921532800566574e-01 8.046078467202514295e-01
1.377500000000000000e+03 6.479186627192665138e-02 9.352081337283817408e-01
1.380000000000000000e+03 1.745655299483058753e-01 8.254344700520037659e-01
1.382500000000000000e+03 4.690196411314588310e-01 5.309803588688498666e-01
1.385000000000000000e+03 7.869623249131544318e-01 2.130376750871490754e-01
1.387500000000000000e+03 9.601038124702018228e-01 3.989618753010066438e-02
1.390000000000000000e+03 8.881986834371415895e-01 1.118013165631711603e-01
1.392500000000000000e+03 6.043033101522965467e-01 3.956966898480128170e-01
1.395000000000000000e+03 2.642014644744870577e-01 7.357985355258240823e-01
1.397500000000000000e+03 4.939490782337276065e-02 9.506050921769346740e-01
1.400000000000000000e+03 8.274860255038264667e-02 9.172513974499189038e-01
1.402500000000000000e+03 3.482286588753011891e-01 6.517713411250072308e-01
1.405000000000000000e+03 6.967245493578894111e-01 3.032754506424096830e-01
1.407500000000000000e+03 9.415411424397589490e-01 5.845885756054326754e-02
1.410000000000000000e+03 9.457295195323379700e-01 5.427048046796717484e-02
1.412500000000000000e+03 7.089562217862495075e-01 2.910437782140532503e-01
1.415000000000000000e+03 3.654550064418610744e-01 6.345449935584460688e-01
1.417500000000000000e+03 9.736339857883778703e-02 9.026366014214667333e-01
1.420000000000000000e+03 5.231047143498777918e-02 9.476895285653197387e-01
1.422500000000000000e+03 2.529229593803289378e-01 7.470770406199751523e-01
1.425000000000000000e+03 5.893238636166020505e-01 4.106761363837114209e-01
1.427500000000000000e+03 8.881197783225754927e-01 1.118802216777324693e-01
1.430000000000000000e+03 9.867019736180091538e-01 1.329802638229161602e-02
1.432500000000000000e+03 8.325443618013979030e-01 1.674556381989091292e-01
1.435000000000000000e+03 5.067726106247741891e-01 4.932273893755307892e-01
1.437500000000000000e+03 1.760381195652707398e-01 8.239618804350391512e-01
1.440000000000000000e+03 2.209979641712265380e-02 9.779002035831831918e-01
1.442500000000000000e+03 1.282568523252065606e-01 8.717431476750970853e-01
1.445000000000000000e+03 4.388757568339195503e-01 5.611242431663832075e-01
1.447500000000000000e+03 7.912179019427012516e-01 2.087820980576064467e-01
1.450000000000000000e+03 9.875005391687901035e-01 1.249946083151497189e-02
1.452500000000000000e+03 9.210108364162128414e-01 7.898916358409575900e-02
1.455000000000000000e+03 6.273255416296300568e-01 3.726744583706761427e-01
1.457500000000000000e+03 2.624738714760892488e-01 7.375261285242180609e-01
1.460000000000000000e+03 3.068170662041906985e-02 9.693182933798872858e-01
1.462500000000000000e+03 5.407559580304278912e-02 9.459244041972693084e-01
1.465000000000000000e+03 3.180154213650643880e-01 6.819845786352491945e-01
1.467500000000000000e+03 6.827054943317524272e-01 3.172945056685619325e-01
1.470000000000000000e+03 9.482606053763470433e-01 5.173939462396578287e-02
1.472500000000000000e+03 9.796754809768415395e-01 2.032451902346648492e-02
1.475000000000000000e+03 7.633310764619773980e-01 2.366689235383361289e-01
1.477500000000000000e+03 4.129542292863561115e-01 5.870457707139589143e-01
1.480000000000000000e+03 1.189315547538980777e-01 8.810684452464190297e-01
1.482500000000000000e+03 3.191062860389100309e-02 9.680893713964351388e-01
1.485000000000000000e+03 1.992629209665551238e-01 8.007370790337666744e-01
1.487500000000000000e+03 5.354937322711899039e-01 4.645062677291351694e-01
1.490000000000000000e+03 8.572241779534939266e-01 1.427758220468310912e-01
1.492500000000000000e+03 9.954093463558357779e-01 4.590653644484759058e-03
1.495000000000000000e+03 8.707495311971857888e-01 1.292504688031319293e-01
1.497500000000000000e+03 5.456347983101097476e-01 4.543652016902154922e-01
1.500000000000000000e+03 1.992243251800302484e-01 8.007756748203040953e-01
1.502500000000000000e+03 1.501763307828068994e-02 9.849823669220473255e-01
1.505000000000000000e+03 9.607799945364188521e-02 9.039220005466911401e-01
1.507500000000000000e+03 3.984061991774915379e-01 6.015938008228364220e-01
1.510000000000000000e+03 7.515780578305331083e-01 2.484219421697977659e-01
1.512500000000000000e+03 9.683398541317258523e-01 3.166014586860278063e-02
1.515000000000000000e+03 9.308966375239637880e-01 6.910336247635893991e-02
1.517500000000000000e+03 6.639962140611379571e-01 3.360037859391936665e-01
1.520000000000000000e+03 3.195670405498360900e-01 6.804329594504953116e-01
1.522500000000000000e+03 7.900876479969723420e-02 9.209912352006355274e-01
1.525000000000000000e+03 7.242714491879992389e-02 9.275728550815350859e-01
1.527500000000000000e+03 3.001425876137354121e-01 6.998574123865913821e-01
1.530000000000000000e+03 6.360257702357642318e-01 3.639742297645677804e-01
1.532500000000000000e+03 9.063886683038783199e-01 9.361133169645188823e-02
1.535000000000000000e+03 9.643446652951781495e-01 3.565533470515459130e-02
1.537500000000000000e+03 7.795492403115100721e-01 2.204507596888212184e-01
1.540000000000000000e+03 4.519932468993965169e-01 5.480067531009352733e-01
1.542500000000000000e+03 1.516641264214632079e-01 8.483358735788703031e-01
1.545000000000000000e+03 4.486138340958637644e-02 9.551386165907483905e-01
1.547500000000000000e+03 1.892592938680333348e-01 8.107407061322933206e-01
1.550000000000000000e+03 5.051417495427248383e-01 4.948582504576057306e-01
1.552500000000000000e+03 8.236175034699697584e-01 1.763824965303601167e-01
1.555000000000000000e+03 9.640151077892300524e-01 3.598489221109760910e-02
1.557500000000000000e+03 8.501616576745377740e-01 1.498383423257944047e-01
1.560000000000000000e+03 5.469718094810872566e-01 4.530281905192423686e-01
1.562500000000000000e+03 2.186097502497693634e-01 7.813902497505658129e-01
1.565000000000000000e+03 5.063398387372049225e-02 9.493660161266140873e-01
1.567500000000000000e+03 1.313684875099652982e-01 8.686315124903692952e-01
1.570000000000000000e+03 4.131256983336679123e-01 5.868743016666690959e-01
1.572500000000000000e+03 7.451753551081627958e-01 2.548246448921717699e-01
1.575000000000000000e+03 9.442267394651044921e-01 5.577326053522994875e-02
1.577500000000000000e+03 9.088258834396328867e-01 9.117411656069873693e-02
1.580000000000000000e+03 6.613616579534709050e-01 3.386383420468664918e-01
1.582500000000000000e+03 3.321502950200782567e-01 6.678497049802558649e-01
1.585000000000000000e+03 1.018013123723392616e-01 8.981986876279955956e-01
1.587500000000000000e+03 9.045921823236528769e-02 9.095407817679694862e-01
1.590000000000000000e+03 3.057420930823262495e-01 6.942579069180050411e-01
1.592500000000000000e+03 6.367498104746014409e-01 3.632501895257302382e-01
1.595000000000000000e+03 9.003306304889509004e-01 9.966936951138152812e-02
1.597500000000000000e+03 9.543983594662341918e-01 4.560164053409958285e-02
1.600000000000000000e+03 7.639446751930867308e-01 2.360553248072479460e-01
1.602500000000000000e+03 4.261883897526920206e-01 5.738116102476427116e-01
1.605000000000000000e+03 1.295052317524758023e-01 8.704947682478585413e-01
1.607500000000000000e+03 3.388208004501637449e-02 9.661179199553194819e-01
1.610000000000000000e+03 1.950601452170316052e-01 8.049398547833017670e-01
1.612500000000000000e+03 5.275223880972983448e-01 4.724776119030405508e-01
1.615000000000000000e+03 8.439508086681655197e-01 1.560491913321770119e-01
1.617500000000000000e+03 9.756270723619187013e-01 2.437292763841547236e-02
1.620000000000000000e+03 8.504726755171077013e-01 1.495273244832339143e-01
1.622500000000000000e+03 5.373404682445824809e-01 4.626595317557549158e-01
1.625000000000000000e+03 2.118927642289225033e-01 7.881072357714147270e-01
1.627500000000000000e+03 4.508913061811709033e-02 9.549108693822174754e-01
1.630000000000000000e+03 1.279591625892170792e-01 8.720408374111193739e-01
1.632500000000000000e+03 4.171159882587324730e-01 5.828840117416045352e-01
1.635000000000000000e+03 7.552479768020985418e-01 2.447520231982356631e-01
1.637500000000000000e+03 9.680490676807718131e-01 3.195093231955807578e-02
1.640000000000000000e+03 9.384027142727752180e-01 6.159728572755238107e-02
1.642500000000000000e+03 6.785596564781601892e-01 3.214403435221745431e-01
1.645000000000000000e+03 3.273959590821165500e-01 6.726040409182177937e-01
1.647500000000000000e+03 6.665477425847590731e-02 9.333452257418611842e-01
1.650000000000000000e+03 4.182748167890694424e-02 9.581725183214292452e-01
1.652500000000000000e+03 2.692641927173654581e-01 7.307358072829744922e-01
1.655000000000000000e+03 6.248426743732411470e-01 3.751573256270962498e-01
1.657500000000000000e+03 9.200359789676137989e-01 7.996402103272334805e-02
1.660000000000000000e+03 9.879125224471609901e-01 1.208747755317381850e-02
1.662500000000000000e+03 7.905860041760918167e-01 2.094139958242437483e-01
1.665000000000000000e+03 4.381478059382643564e-01 5.618521940620756494e-01
1.667500000000000000e+03 1.183233724790524188e-01 8.816766275212846171e-01
1.670000000000000000e+03 9.358397789451564086e-03 9.906416022108863739e-01
1.672500000000000000e+03 1.673752157065442059e-01 8.326247842937927190e-01
1.675000000000000000e+03 5.032804199284887092e-01 4.967195800718532950e-01
1.677500000000000000e+03 8.412786829314966575e-01 1.587213170688369368e-01
1.680000000000000000e+03 9.981284392698837049e-01 1.871560730455492511e-03
1.682500000000000000e+03 8.959201911620939818e-01 1.040798088382489939e-01
1.685000000000000000e+03 5.927523539616664783e-01 4.072476460386751929e-01
1.687500000000000000e+03 2.453283166083479461e-01 7.546716833919954182e-01
1.690000000000000000e+03 4.168295795033730156e-02 9.583170420500055631e-01
1.692500000000000000e+03 8.661001265623299861e-02 9.133899873441123640e-01
1.695000000000000000e+03 3.565891731451658053e-01 6.434108268551802512e-01
1.697500000000000000e+03 7.126905585732652426e-01 2.873094414270850327e-01
1.700000000000000000e+03 9.589860455880345746e-01 4.101395441231100308e-02
1.702500000000000000e+03 9.640454510315310532e-01 3.595454896881965928e-02
1.705000000000000000e+03 7.217330661252960855e-01 2.782669338750527466e-01
1.707500000000000000e+03 3.576533100071219717e-01 6.423466899932285257e-01
1.710000000000000000e+03 7.425636743815931806e-02 9.257436325621862805e-01
1.712500000000000000e+03 2.215011767976104301e-02 9.778498823205863388e-01
1.715000000000000000e+03 2.298632500126016887e-01 7.701367499877489475e-01
1.717500000000000000e+03 5.855322329080051569e-01 4.144677670923490043e-01
1.720000000000000000e+03 8.898008742837244522e-01 1.101991257166290150e-01
1.722500000000000000e+03 9.834858782807649469e-01 1.651412171959026898e-02
1.725000000000000000e+03 8.190627988697882778e-01 1.809372011305687977e-01
1.727500000000000000e+03 4.880162405532491587e-01 5.119837594471078335e-01
1.730000000000000000e+03 1.755598237776351267e-01 8.244401762227215880e-01
1.732500000000000000e+03 4.380824388179249684e-02 9.561917561185662162e-01
1.735000000000000000e+03 1.621470119639963348e-01 8.378529880363601023e-01
1.737500000000000000e+03 4.669351749621521441e-01 5.330648250381995190e-01
1.740000000000000000e+03 7.913142896398377424e-01 2.086857103605164188e-01
1.742500000000000000e+03 9.678535618323829137e-01 3.214643816796900616e-02
1.745000000000000000e+03 8.999539734965493754e-01 1.000460265038096153e-01
1.747500000000000000e+03 6.215636613134841726e-01 3.784363386868686563e-01
1.750000000000000000e+03 2.841958107694055879e-01 7.158041892309531251e-01
1.752500000000000000e+03 6.433561130007661721e-02 9.356643887002790150e-01
1.755000000000000000e+03 8.498960760489294997e-02 9.150103923954698848e-01
1.757500000000000000e+03 3.363762892362507917e-01 6.636237107641115296e-01
1.760000000000000000e+03 6.776811392743479212e-01 3.223188607260191185e-01
1.762500000000000000e+03 9.253564414091215440e-01 7.464355859124108261e-02
1.765000000000000000e+03 9.388431012887640259e-01 6.115689871159847579e-02
1.767500000000000000e+03 7.113513633566623806e-01 2.886486366437002737e-01
1.770000000000000000e+03 3.729306543844682076e-01 6.270693456158958901e-01
1.772500000000000000e+03 1.062209217934287075e-01 8.937790782069378048e-01
1.775000000000000000e+03 6.051236012268525200e-02 9.394876398776828008e-01
1.777500000000000000e+03 2.577051932813099189e-01 7.422948067190573429e-01
1.780000000000000000e+03 5.855382586822230895e-01 4.144617413181406196e-01
1.782500000000000000e+03 8.709378400832807898e-01 1.290621599170800049e-01
1.785000000000000000e+03 9.582635711044842353e-01 4.173642889587991789e-02
1.787500000000000000e+03 8.048099094909439977e-01 1.951900905094178795e-01
1.790000000000000000e+03 4.966852929669096639e-01 5.033147070334579309e-01
1.792500000000000000e+03 1.945309765632431964e-01 8.054690234371205682e-01
1.795000000000000000e+03 6.404326734637885710e-02 9.359567326539904863e-01
1.797500000000000000e+03 1.742876427982597565e-01 8.257123572021070057e-01
1.800000000000000000e+03 4.664527549928906835e-01 5.335472450074788542e-01
1.802500000000000000e+03 7.881425620748809813e-01 2.118574379254911100e-01
1.805000000000000000e+03 9.590196498492247201e-01 4.098035015114750990e-02
1.807500000000000000e+03 8.842998341363345061e-01 1.157001658640356423e-01
1.810000000000000000e+03 6.012642705352085892e-01 3.987357294651618367e-01
1.812500000000000000e+03 2.584812620940958872e-01 7.415187379062803119e-01
1.815000000000000000e+03 4.917219148847445931e-02 9.508278085118999634e-01
1.817500000000000000e+03 8.717495272240216586e-02 9.128250472779740887e-01
1.820000000000000000e+03 3.521786069135101616e-01 6.478213930868663706e-01
1.822500000000000000e+03 7.022961328140682191e-01 2.977038671863088681e-01
1.825000000000000000e+03 9.407476781153049084e-01 5.925232188507355280e-02
1.827500000000000000e+03 9.418480888074457491e-01 5.815191119293364186e-02
1.830000000000000000e+03 7.074955732652600249e-01 2.925044267351223359e-01
1.832500000000000000e+03 3.637787837245026190e-01 6.362212162758756895e-01
1.835000000000000000e+03 1.017383614783643336e-01 8.982616385220197897e-01
1.837500000000000000e+03 5.786883246988325236e-02 9.421311675304995248e-01
1.840000000000000000e+03 2.557357526957251825e-01 7.442642473046596763e-01
1.842500000000000000e+03 5.931987080485310315e-01 4.068012919518541048e-01
1.845000000000000000e+03 8.869427515675548657e-01 1.130572484328340177e-01
1.847500000000000000e+03 9.845075848112541106e-01 1.549241518913018791e-02
1.850000000000000000e+03 8.298857426022859807e-01 1.701142573981078154e-01
1.852500000000000000e+03 4.994473738851508693e-01 5.005526261152335454e-01
1.855000000000000000e+03 1.720678803717445304e-01 8.279321196286431039e-01
1.857500000000000000e+03 1.946619909364512291e-02 9.805338009067423588e-01
1.860000000000000000e+03 1.289765038078008186e-01 8.710234961925861219e-01
1.862500000000000000e+03 4.458131951903088197e-01 5.541868048100778710e-01
1.865000000000000000e+03 7.942863529507225850e-01 2.057136470496664371e-01
1.867500000000000000e+03 9.881177735356845293e-01 1.188222646470270955e-02
1.870000000000000000e+03 9.171234906185008473e-01 8.287650938189065897e-02
1.872500000000000000e+03 6.184827915416271082e-01 3.815172084587652446e-01
1.875000000000000000e+03 2.597754556974734008e-01 7.402245443029156213e-01
1.877500000000000000e+03 3.156425581033669298e-02 9.684357441900529606e-01
1.880000000000000000e+03 5.987405106623702039e-02 9.401259489341491360e-01
1.882500000000000000e+03 3.280031827017491075e-01 6.719968172986466870e-01
1.885000000000000000e+03 6.871197566455037320e-01 3.128802433548911188e-01
1.887500000000000000e+03 9.513587148955502393e-01 4.864128510484254375e-02
1.890000000000000000e+03 9.791215891649379666e-01 2.087841083545963206e-02
1.892500000000000000e+03 7.587170774134307516e-01 2.412829225869679295e-01
1.895000000000000000e+03 4.108744034428973846e-01 5.891255965574986320e-01
1.897500000000000000e+03 1.141937684717470591e-01 8.858062315286523436e-01
1.900000000000000000e+03 2.948659991532874558e-02 9.705134000850670351e-01
1.902500000000000000e+03 2.012633962928256914e-01 7.987366037075727121e-01
1.905000000000000000e+03 5.370964840432906895e-01 4.629035159571061042e-01
1.907500000000000000e+03 8.625983743373550894e-01 1.374016256630491151e-01
1.910000000000000000e+03 9.966837378831926442e-01 3.316262117204209388e-03
1.912500000000000000e+03 8.656571020182937115e-01 1.343428979821043867e-01
1.915000000000000000e+03 5.395320720403323778e-01 4.604679279600632502e-01
1.917500000000000000e+03 1.898598116261425717e-01 8.101401883742542775e-01
1.920000000000000000e+03 1.202290514134060281e-02 9.879770948590598234e-01
1.922500000000000000e+03 1.002276847676268207e-01 8.997723152327731233e-01
1.925000000000000000e+03 4.037681160117585488e-01 5.962318839886406874e-01
1.927500000000000000e+03 7.601424935013769701e-01 2.398575064990222938e-01
1.930000000000000000e+03 9.713988244856990306e-01 2.860117551469990027e-02
1.932500000000000000e+03 9.297948315047601664e-01 7.020516849564573114e-02
1.935000000000000000e+03 6.636433526045621978e-01 3.363566473958368719e-01
1.937500000000000000e+03 3.162788469653570744e-01 6.837211530350437716e-01
1.940000000000000000e+03 7.924731640394208632e-02 9.207526835964570111e-01
1.942500000000000000e+03 7.362692374250270899e-02 9.263730762578957778e-01
1.945000000000000000e+03 2.999492429949695560e-01 7.000507570054302908e-01
1.947500000000000000e+03 6.399169807921551989e-01 3.600830192082487002e-01
1.950000000000000000e+03 9.082140896085948434e-01 9.178591039181019373e-02
1.952500000000000000e+03 9.658168793076191694e-01 3.418312069277850557e-02
1.955000000000000000e+03 7.799151110367953388e-01 2.200848889636063122e-01
1.957500000000000000e+03 4.454798691002858635e-01 5.545201309001158707e-01
1.960000000000000000e+03 1.459740829781877580e-01 8.540259170222138652e-01
1.962500000000000000e+03 3.957597613955375626e-02 9.604240238608477975e-01
1.965000000000000000e+03 1.867684172494578076e-01 8.132315827509442041e-01
1.967500000000000000e+03 5.097645732400565288e-01 4.902354267603462601e-01
1.970000000000000000e+03 8.263668024802774958e-01 1.736331975201273470e-01
1.972500000000000000e+03 9.659764249340052622e-01 3.402357506640479173e-02
1.975000000000000000e+03 8.500202205119373744e-01 1.499797794884734636e-01
1.977500000000000000e+03 5.425119975655963156e-01 4.574880024348106922e-01
1.980000000000000000e+03 2.187569122016261580e-01 7.812430877987852629e-01
1.982500000000000000e+03 5.210187685653947659e-02 9.478981231438674548e-01
1.985000000000000000e+03 1.339880784447772810e-01 8.660119215556374428e-01
1.987500000000000000e+03 4.182342022841536444e-01 5.817657977162594696e-01
1.990000000000000000e+03 7.456154280991782457e-01 2.543845719012343687e-01
1.992500000000000000e+03 9.453826771422928488e-01 5.461732285811231324e-02
1.995000000000000000e+03 9.101201065980215610e-01 8.987989340238297653e-02
1.997500000000000000e+03 6.603737312051181085e-01 3.396262687952940063e-01
2.000000000000000000e+03 3.336760948030472740e-01 6.663239051973605109e-01
