0.000000000000000000e+00 0.000000000000000000e+00
2.500000000000000000e+00 9.860721436562225456e-06
5.000000000000000000e+00 1.322270677394623748e-04
7.500000000000000000e+00 4.981532128872772367e-04
1.000000000000000000e+01 1.038734281476263880e-03
1.250000000000000000e+01 1.482526064882519782e-03
1.500000000000000000e+01 1.605087495268011115e-03
1.750000000000000000e+01 1.446071334995512611e-03
2.000000000000000000e+01 1.269068632324164532e-03
2.250000000000000000e+01 1.320462343089908591e-03
2.500000000000000000e+01 1.623556948041647097e-03
2.750000000000000000e+01 1.989132994045789051e-03
3.000000000000000000e+01 2.215932304618808794e-03
3.250000000000000000e+01 2.274484143068942772e-03
3.500000000000000000e+01 2.285002856692367607e-03
3.750000000000000000e+01 2.332551095761889286e-03
4.000000000000000000e+01 2.371657485267693322e-03
4.250000000000000000e+01 2.364527949018011260e-03
4.500000000000000000e+01 2.459554436156491646e-03
4.750000000000000000e+01 2.916754646014502444e-03
5.000000000000000000e+01 3.812563873846716491e-03
5.250000000000000000e+01 4.873839657633993738e-03
5.500000000000000000e+01 5.660889261035628554e-03
5.750000000000000000e+01 5.925189599841936515e-03
6.000000000000000000e+01 5.796621423057883062e-03
6.250000000000000000e+01 5.649085554595929815e-03
6.500000000000000000e+01 5.794266122202910291e-03
6.750000000000000000e+01 6.277696798305869470e-03
7.000000000000000000e+01 6.924614572194319646e-03
7.250000000000000000e+01 7.540644571667491983e-03
7.500000000000000000e+01 8.042722244958468852e-03
7.750000000000000000e+01 8.411296966754935184e-03
8.000000000000000000e+01 8.595521575845886664e-03
8.250000000000000000e+01 8.567794282137865258e-03
8.500000000000000000e+01 8.490208188651293328e-03
8.750000000000000000e+01 8.724680501302213564e-03
9.000000000000000000e+01 9.558130573375810124e-03
9.250000000000000000e+01 1.088767070227966011e-02
9.500000000000000000e+01 1.221974022666091030e-02
9.750000000000000000e+01 1.302570010500556617e-02
1.000000000000000000e+02 1.313810002883105885e-02
1.025000000000000000e+02 1.284620855600280068e-02
1.050000000000000000e+02 1.263936218353972629e-02
1.075000000000000000e+02 1.284977959607241579e-02
1.100000000000000000e+02 1.349082410804343900e-02
1.125000000000000000e+02 1.436050744602585319e-02
1.150000000000000000e+02 1.523230607724860089e-02
1.175000000000000000e+02 1.593654795848522404e-02
1.200000000000000000e+02 1.633352125827184156e-02
1.225000000000000000e+02 1.633755916117149085e-02
1.250000000000000000e+02 1.605592195050106405e-02
1.275000000000000000e+02 1.586834045420856820e-02
1.300000000000000000e+02 1.623910460141638271e-02
1.325000000000000000e+02 1.733931916164038745e-02
1.350000000000000000e+02 1.882946606883239421e-02
1.375000000000000000e+02 2.005379649469406569e-02
1.400000000000000000e+02 2.051412027637622773e-02
1.425000000000000000e+02 2.022324730079670674e-02
1.450000000000000000e+02 1.964980963842962586e-02
1.475000000000000000e+02 1.934018905417862061e-02
1.500000000000000000e+02 1.956899866874303381e-02
1.525000000000000000e+02 2.027230286647968907e-02
1.550000000000000000e+02 2.120393322659015062e-02
1.575000000000000000e+02 2.209063345732630024e-02
1.600000000000000000e+02 2.268198111363606620e-02
1.625000000000000000e+02 2.278509803105252876e-02
1.650000000000000000e+02 2.238518662875107687e-02
1.675000000000000000e+02 2.177328403863437734e-02
1.700000000000000000e+02 2.147609554352922223e-02
1.725000000000000000e+02 2.192200144455167671e-02
1.750000000000000000e+02 2.307450571653216556e-02
1.775000000000000000e+02 2.437939742548918959e-02
1.800000000000000000e+02 2.513337157035775218e-02
1.825000000000000000e+02 2.499530504002397957e-02
1.850000000000000000e+02 2.420896382160832652e-02
1.875000000000000000e+02 2.336657228110282022e-02
1.900000000000000000e+02 2.296749299341041550e-02
1.925000000000000000e+02 2.316220295133820592e-02
1.950000000000000000e+02 2.380182705886817879e-02
1.975000000000000000e+02 2.460696551505392460e-02
2.000000000000000000e+02 2.526888824403054207e-02
2.025000000000000000e+02 2.549825799852842648e-02
2.050000000000000000e+02 2.513017960505293039e-02
2.075000000000000000e+02 2.428016951573111482e-02
2.100000000000000000e+02 2.339025410192527646e-02
2.125000000000000000e+02 2.301901581373296327e-02
2.150000000000000000e+02 2.345002546055824366e-02
2.175000000000000000e+02 2.442116871148653640e-02
2.200000000000000000e+02 2.525360041618791157e-02
2.225000000000000000e+02 2.533625644648206804e-02
2.250000000000000000e+02 2.457334995315683945e-02
2.275000000000000000e+02 2.340680674553097598e-02
2.300000000000000000e+02 2.243250786493354229e-02
2.325000000000000000e+02 2.200279866682875243e-02
2.350000000000000000e+02 2.212646911551359105e-02
2.375000000000000000e+02 2.260230819934158641e-02
2.400000000000000000e+02 2.314948970797739425e-02
2.425000000000000000e+02 2.345690175017256518e-02
2.450000000000000000e+02 2.325127945035748711e-02
2.475000000000000000e+02 2.244704972417556343e-02
2.500000000000000000e+02 2.128138970224651913e-02
2.525000000000000000e+02 2.026345281993482267e-02
2.550000000000000000e+02 1.987817811301149581e-02
2.575000000000000000e+02 2.021566277701806330e-02
2.600000000000000000e+02 2.084135782189626418e-02
2.625000000000000000e+02 2.108402203393331537e-02
2.650000000000000000e+02 2.054447780922320776e-02
2.675000000000000000e+02 1.937867118146165482e-02
2.700000000000000000e+02 1.811087351975519330e-02
2.725000000000000000e+02 1.720681449518851602e-02
2.750000000000000000e+02 1.682496676874024877e-02
2.775000000000000000e+02 1.687235263086554402e-02
2.800000000000000000e+02 1.715429760356952313e-02
2.825000000000000000e+02 1.743119614581671237e-02
2.850000000000000000e+02 1.742731251847196017e-02
2.875000000000000000e+02 1.691804730578630109e-02
2.900000000000000000e+02 1.589438012042995382e-02
2.925000000000000000e+02 1.465817259733240112e-02
2.950000000000000000e+02 1.369886089821633658e-02
2.975000000000000000e+02 1.336627774470836721e-02
3.000000000000000000e+02 1.357354622308599643e-02
3.025000000000000000e+02 1.381967179321574868e-02
3.050000000000000000e+02 1.357457796462350000e-02
3.075000000000000000e+02 1.270119924487299323e-02
3.100000000000000000e+02 1.151807228752567760e-02
3.125000000000000000e+02 1.047746338029098209e-02
3.150000000000000000e+02 9.827007381608769340e-03
3.175000000000000000e+02 9.557742477647195381e-03
3.200000000000000000e+02 9.555999388901227978e-03
3.225000000000000000e+02 9.700323837183338557e-03
3.250000000000000000e+02 9.828794708202109875e-03
3.275000000000000000e+02 9.714738008623598903e-03
3.300000000000000000e+02 9.169469168520788874e-03
3.325000000000000000e+02 8.216831975631213800e-03
3.350000000000000000e+02 7.160061616464740916e-03
3.375000000000000000e+02 6.413397148603510942e-03
3.400000000000000000e+02 6.183356120705056289e-03
3.425000000000000000e+02 6.276688733476705473e-03
3.450000000000000000e+02 6.251829899404465381e-03
3.475000000000000000e+02 5.804609434064154916e-03
3.500000000000000000e+02 5.013283695360296575e-03
3.525000000000000000e+02 4.206658692525431370e-03
3.550000000000000000e+02 3.637693130858031879e-03
3.575000000000000000e+02 3.329135034230339043e-03
3.600000000000000000e+02 3.192119739072955820e-03
3.625000000000000000e+02 3.188397103555792346e-03
3.650000000000000000e+02 3.322688146882626578e-03
3.675000000000000000e+02 3.515414003817060942e-03
3.700000000000000000e+02 3.557946119803936935e-03
3.725000000000000000e+02 3.249942444074167651e-03
3.750000000000000000e+02 2.601881840054291652e-03
3.775000000000000000e+02 1.881506203633969299e-03
3.800000000000000000e+02 1.413361558643537160e-03
3.825000000000000000e+02 1.299180411944863027e-03
3.850000000000000000e+02 1.340393007523468230e-03
3.875000000000000000e+02 1.254981678623844034e-03
3.900000000000000000e+02 9.626622968431241710e-04
3.925000000000000000e+02 6.294874624962068857e-04
3.950000000000000000e+02 4.433337067980514207e-04
3.975000000000000000e+02 4.075335927209097504e-04
4.000000000000000000e+02 3.924373546497879816e-04
4.025000000000000000e+02 3.479725899271553517e-04
4.050000000000000000e+02 3.939821724614306852e-04
4.075000000000000000e+02 6.737938257892254167e-04
4.100000000000000000e+02 1.143134018826094840e-03
4.125000000000000000e+02 1.545508036524727161e-03
4.150000000000000000e+02 1.624794101233740943e-03
4.175000000000000000e+02 1.362037152677396086e-03
4.200000000000000000e+02 9.865560433592161522e-04
4.225000000000000000e+02 7.532952989888251974e-04
4.250000000000000000e+02 7.285735481793271726e-04
4.275000000000000000e+02 8.029764614260232088e-04
4.300000000000000000e+02 8.859166597051795289e-04
4.325000000000000000e+02 1.032141074530276139e-03
4.350000000000000000e+02 1.343273062754112099e-03
4.375000000000000000e+02 1.776365883568964974e-03
4.400000000000000000e+02 2.123987882447656104e-03
4.425000000000000000e+02 2.227790444731213553e-03
4.450000000000000000e+02 2.191539459808883837e-03
4.475000000000000000e+02 2.331110679132936472e-03
4.500000000000000000e+02 2.878125793103085851e-03
4.525000000000000000e+02 3.733343556948651772e-03
4.550000000000000000e+02 4.532286948140801068e-03
4.575000000000000000e+02 4.958638553722686214e-03
4.600000000000000000e+02 4.983684110983948971e-03
4.625000000000000000e+02 4.818690750154096432e-03
4.650000000000000000e+02 4.691412257922381208e-03
4.675000000000000000e+02 4.706099998450601757e-03
4.700000000000000000e+02 4.889603781957625565e-03
4.725000000000000000e+02 5.293255419431970241e-03
4.750000000000000000e+02 5.974368017974820283e-03
4.775000000000000000e+02 6.857000955954073960e-03
4.800000000000000000e+02 7.664986417125305151e-03
4.825000000000000000e+02 8.087325131097996417e-03
4.850000000000000000e+02 8.074071064386071500e-03
4.875000000000000000e+02 7.957327260400161653e-03
4.900000000000000000e+02 8.214569576975415052e-03
4.925000000000000000e+02 9.056993028194348927e-03
4.950000000000000000e+02 1.024006974445382592e-02
4.975000000000000000e+02 1.128079468646989852e-02
5.000000000000000000e+02 1.184494583895446054e-02
5.025000000000000000e+02 1.193222597686147135e-02
5.050000000000000000e+02 1.176531655798803387e-02
5.075000000000000000e+02 1.159126635385250050e-02
5.100000000000000000e+02 1.159536295039173721e-02
5.125000000000000000e+02 1.191970252271274018e-02
5.150000000000000000e+02 1.265604384726332597e-02
5.175000000000000000e+02 1.374918417278690221e-02
5.200000000000000000e+02 1.490818460621667549e-02
5.225000000000000000e+02 1.569813013206734775e-02
5.250000000000000000e+02 1.584388292542822721e-02
5.275000000000000000e+02 1.551355411429672024e-02
5.300000000000000000e+02 1.526687681440605515e-02
5.325000000000000000e+02 1.563268565459298431e-02
5.350000000000000000e+02 1.667753915183194796e-02
5.375000000000000000e+02 1.797477030906497950e-02
5.400000000000000000e+02 1.897567760804342099e-02
5.425000000000000000e+02 1.939429959255932132e-02
5.450000000000000000e+02 1.929409645583537655e-02
5.475000000000000000e+02 1.893380130137059178e-02
5.500000000000000000e+02 1.860498291801028492e-02
5.525000000000000000e+02 1.856438991246731757e-02
5.550000000000000000e+02 1.899803407612661588e-02
5.575000000000000000e+02 1.993869258843399342e-02
5.600000000000000000e+02 2.116267404981817327e-02
5.625000000000000000e+02 2.220153726439736894e-02
5.650000000000000000e+02 2.258254837176644839e-02
5.675000000000000000e+02 2.219708167916229630e-02
5.700000000000000000e+02 2.147273476989930083e-02
5.725000000000000000e+02 2.110687888777825968e-02
5.750000000000000000e+02 2.153146091372264842e-02
5.775000000000000000e+02 2.259098875503017315e-02
5.800000000000000000e+02 2.371923854081114252e-02
5.825000000000000000e+02 2.439417156074368681e-02
5.850000000000000000e+02 2.443681960231266700e-02
5.875000000000000000e+02 2.399141562915379014e-02
5.900000000000000000e+02 2.335531061264036271e-02
5.925000000000000000e+02 2.284920576105099396e-02
5.950000000000000000e+02 2.274940675774229926e-02
5.975000000000000000e+02 2.321028620964837169e-02
6.000000000000000000e+02 2.415041372533976646e-02
6.025000000000000000e+02 2.518669744561885526e-02
6.050000000000000000e+02 2.576237071313633095e-02
6.075000000000000000e+02 2.549737567650797732e-02
6.100000000000000000e+02 2.452803348270320843e-02
6.125000000000000000e+02 2.348928420949705081e-02
6.150000000000000000e+02 2.306428385317242646e-02
6.175000000000000000e+02 2.346857453396593990e-02
6.200000000000000000e+02 2.433517076135165158e-02
6.225000000000000000e+02 2.506226492804010039e-02
6.250000000000000000e+02 2.524599985440845532e-02
6.275000000000000000e+02 2.484302394781250437e-02
6.300000000000000000e+02 2.406423677878900824e-02
6.325000000000000000e+02 2.321227955549213726e-02
6.350000000000000000e+02 2.258835616600221238e-02
6.375000000000000000e+02 2.243378145554068490e-02
6.400000000000000000e+02 2.283147942637659203e-02
6.425000000000000000e+02 2.358337380085395035e-02
6.450000000000000000e+02 2.420345542081897561e-02
6.475000000000000000e+02 2.415748798785819634e-02
6.500000000000000000e+02 2.325700479458710224e-02
6.525000000000000000e+02 2.187519981763862836e-02
6.550000000000000000e+02 2.072188568726819266e-02
6.575000000000000000e+02 2.031694984408672147e-02
6.600000000000000000e+02 2.062442693677752834e-02
6.625000000000000000e+02 2.115882791998896159e-02
6.650000000000000000e+02 2.140341337928192492e-02
6.675000000000000000e+02 2.113000010168724144e-02
6.700000000000000000e+02 2.041563147829165287e-02
6.725000000000000000e+02 1.948392535179650081e-02
6.750000000000000000e+02 1.858140645237809155e-02
6.775000000000000000e+02 1.794415152081346720e-02
6.800000000000000000e+02 1.775935477227856898e-02
6.825000000000000000e+02 1.804276622045630774e-02
6.850000000000000000e+02 1.851420327765380264e-02
6.875000000000000000e+02 1.866530077833786563e-02
6.900000000000000000e+02 1.808261187546370691e-02
6.925000000000000000e+02 1.679825415793816112e-02
6.950000000000000000e+02 1.532587527111451721e-02
6.975000000000000000e+02 1.429320557763327434e-02
7.000000000000000000e+02 1.397639670167238370e-02
7.025000000000000000e+02 1.414842767838436072e-02
7.050000000000000000e+02 1.433870010789022736e-02
7.075000000000000000e+02 1.420953625536437032e-02
7.100000000000000000e+02 1.371197411734850248e-02
7.125000000000000000e+02 1.297770218444153738e-02
7.150000000000000000e+02 1.215886239142765363e-02
7.175000000000000000e+02 1.139208424644631845e-02
7.200000000000000000e+02 1.084413422447433502e-02
7.225000000000000000e+02 1.067205347013686252e-02
7.250000000000000000e+02 1.085489285943153602e-02
7.275000000000000000e+02 1.108192244506161356e-02
7.300000000000000000e+02 1.090193983344843812e-02
7.325000000000000000e+02 1.007164388143801451e-02
7.350000000000000000e+02 8.788338746445880506e-03
7.375000000000000000e+02 7.563399449297680821e-03
7.400000000000000000e+02 6.830199125808360597e-03
7.425000000000000000e+02 6.637393005536634631e-03
7.450000000000000000e+02 6.690418809412018372e-03
7.475000000000000000e+02 6.657852174888054253e-03
7.500000000000000000e+02 6.419234168193794186e-03
7.525000000000000000e+02 6.045274962501525316e-03
7.550000000000000000e+02 5.616241703677622363e-03
7.575000000000000000e+02 5.135103584805557515e-03
7.600000000000000000e+02 4.624297863761897380e-03
7.625000000000000000e+02 4.227885768851176972e-03
7.650000000000000000e+02 4.117759420899261974e-03
7.675000000000000000e+02 4.271128484746616015e-03
7.700000000000000000e+02 4.398131276443084138e-03
7.725000000000000000e+02 4.154274972701023361e-03
7.750000000000000000e+02 3.444982390180864260e-03
7.775000000000000000e+02 2.519301036946184659e-03
7.800000000000000000e+02 1.762854621269043269e-03
7.825000000000000000e+02 1.388805865189256293e-03
7.850000000000000000e+02 1.312676486730263116e-03
7.875000000000000000e+02 1.309218090795307484e-03
7.900000000000000000e+02 1.263216972276779001e-03
7.925000000000000000e+02 1.238107447851670038e-03
7.950000000000000000e+02 1.309261183072023185e-03
7.975000000000000000e+02 1.396323989347109974e-03
8.000000000000000000e+02 1.329385874198563133e-03
8.025000000000000000e+02 1.076983569946349771e-03
8.050000000000000000e+02 8.326006289775543566e-04
8.075000000000000000e+02 8.203665588994130771e-04
8.100000000000000000e+02 1.041093809979057446e-03
8.125000000000000000e+02 1.258243842074467265e-03
8.150000000000000000e+02 1.230895541462685532e-03
8.175000000000000000e+02 9.332283335622604172e-04
8.200000000000000000e+02 5.511098479231030809e-04
8.225000000000000000e+02 2.899772362618250644e-04
8.250000000000000000e+02 1.994834720416075445e-04
8.275000000000000000e+02 1.901466199238613006e-04
8.300000000000000000e+02 2.124881451797096059e-04
8.325000000000000000e+02 3.734419678081857155e-04
8.350000000000000000e+02 8.167900167735690428e-04
8.375000000000000000e+02 1.486891466358133485e-03
8.400000000000000000e+02 2.083758958625793987e-03
8.425000000000000000e+02 2.320019256303889991e-03
8.450000000000000000e+02 2.210761927526830838e-03
8.475000000000000000e+02 2.058461798415311007e-03
8.500000000000000000e+02 2.152268678600153216e-03
8.525000000000000000e+02 2.522918266555791190e-03
8.550000000000000000e+02 2.983138305582679582e-03
8.575000000000000000e+02 3.342373112656453656e-03
8.600000000000000000e+02 3.550043241613022246e-03
8.625000000000000000e+02 3.664402898298340858e-03
8.650000000000000000e+02 3.733816957532442270e-03
8.675000000000000000e+02 3.747898697335679593e-03
8.700000000000000000e+02 3.729386927199292070e-03
8.725000000000000000e+02 3.849956122984973632e-03
8.750000000000000000e+02 4.365906653599686653e-03
8.775000000000000000e+02 5.355871447667490647e-03
8.800000000000000000e+02 6.533577432786289059e-03
8.825000000000000000e+02 7.408412874822562118e-03
8.850000000000000000e+02 7.692388677569196587e-03
8.875000000000000000e+02 7.541343834990658912e-03
8.900000000000000000e+02 7.387384175429219206e-03
8.925000000000000000e+02 7.567618481303192528e-03
8.950000000000000000e+02 8.121045761468145829e-03
8.975000000000000000e+02 8.868171838019318215e-03
9.000000000000000000e+02 9.599546601362803772e-03
9.025000000000000000e+02 1.018234399002993298e-02
9.050000000000000000e+02 1.055008536369089582e-02
9.075000000000000000e+02 1.066768758793217552e-02
9.100000000000000000e+02 1.057314889459670844e-02
9.125000000000000000e+02 1.047398527230854887e-02
9.150000000000000000e+02 1.073106019908709984e-02
9.175000000000000000e+02 1.161649104041301804e-02
9.200000000000000000e+02 1.301175673287948212e-02
9.225000000000000000e+02 1.438674551181479133e-02
9.250000000000000000e+02 1.517210025915397692e-02
9.275000000000000000e+02 1.520740955068180557e-02
9.300000000000000000e+02 1.483793410112563618e-02
9.325000000000000000e+02 1.459957044853671740e-02
9.350000000000000000e+02 1.483014391771334331e-02
9.375000000000000000e+02 1.552860182481985256e-02
9.400000000000000000e+02 1.647063260678142960e-02
9.425000000000000000e+02 1.738751586625812001e-02
9.450000000000000000e+02 1.806376500252568004e-02
9.475000000000000000e+02 1.835788065025590124e-02
9.500000000000000000e+02 1.823788732732115406e-02
9.525000000000000000e+02 1.787088672696691971e-02
9.550000000000000000e+02 1.765530222876077887e-02
9.575000000000000000e+02 1.803784412902675882e-02
9.600000000000000000e+02 1.916071700803125347e-02
9.625000000000000000e+02 2.064925425835904826e-02
9.650000000000000000e+02 2.181386103013989095e-02
9.675000000000000000e+02 2.215423750946356185e-02
9.700000000000000000e+02 2.172544788057996848e-02
9.725000000000000000e+02 2.104898293027710962e-02
9.750000000000000000e+02 2.069656029519654356e-02
9.775000000000000000e+02 2.093639789015070210e-02
9.800000000000000000e+02 2.167579709980821737e-02
9.825000000000000000e+02 2.262260226149736403e-02
9.850000000000000000e+02 2.345981279372217829e-02
9.875000000000000000e+02 2.392890385624267535e-02
9.900000000000000000e+02 2.387527904861267911e-02
9.925000000000000000e+02 2.334062614757595119e-02
9.950000000000000000e+02 2.265185308500563058e-02
9.975000000000000000e+02 2.233349635673642294e-02
1.000000000000000000e+03 2.278048434667061251e-02
1.002500000000000000e+03 2.391006197411914627e-02
1.005000000000000000e+03 2.513333826858433345e-02
1.007500000000000000e+03 2.574610807513615443e-02
1.010000000000000000e+03 2.544118635900852535e-02
1.012500000000000000e+03 2.450779108677560852e-02
1.015000000000000000e+03 2.357167575667058756e-02
1.017500000000000000e+03 2.314318570813277132e-02
1.020000000000000000e+03 2.335229272495098138e-02
1.022500000000000000e+03 2.399869963870196812e-02
1.025000000000000000e+03 2.475217579741590887e-02
1.027500000000000000e+03 2.529368729041526348e-02
1.030000000000000000e+03 2.536664835479605570e-02
1.032500000000000000e+03 2.485215952163576797e-02
1.035000000000000000e+03 2.390193448944924123e-02
1.037500000000000000e+03 2.297289033454343390e-02
1.040000000000000000e+03 2.260352615247870553e-02
1.042500000000000000e+03 2.302457558530490722e-02
1.045000000000000000e+03 2.392557588298720173e-02
1.047500000000000000e+03 2.462378991357894523e-02
1.050000000000000000e+03 2.454464394246017034e-02
1.052500000000000000e+03 2.363299403209009192e-02
1.055000000000000000e+03 2.235789523560371278e-02
1.057500000000000000e+03 2.133404533220359736e-02
1.060000000000000000e+03 2.091224679863966027e-02
1.062500000000000000e+03 2.105777446439746278e-02
1.065000000000000000e+03 2.150788407491395840e-02
1.067500000000000000e+03 2.196088835713087134e-02
1.070000000000000000e+03 2.213923143649012062e-02
1.072500000000000000e+03 2.181397269390770305e-02
1.075000000000000000e+03 2.092595056376705953e-02
1.077500000000000000e+03 1.972862661935101750e-02
1.080000000000000000e+03 1.873012021193624227e-02
1.082500000000000000e+03 1.837385704148137774e-02
1.085000000000000000e+03 1.868887558855440376e-02
1.087500000000000000e+03 1.922012351894817131e-02
1.090000000000000000e+03 1.933373717050203278e-02
1.092500000000000000e+03 1.867814321494373417e-02
1.095000000000000000e+03 1.743036247659481702e-02
1.097500000000000000e+03 1.612500547485527097e-02
1.100000000000000000e+03 1.523766050775532399e-02
1.102500000000000000e+03 1.490489382114147318e-02
1.105000000000000000e+03 1.497365973578139095e-02
1.107500000000000000e+03 1.521077192195632172e-02
1.110000000000000000e+03 1.540330132725643494e-02
1.112500000000000000e+03 1.532752961175472793e-02
1.115000000000000000e+03 1.478268964699843042e-02
1.117500000000000000e+03 1.376369113681624561e-02
1.120000000000000000e+03 1.257683383608407778e-02
1.122500000000000000e+03 1.169207738489512829e-02
1.125000000000000000e+03 1.140299719558718859e-02
1.127500000000000000e+03 1.158204950645325658e-02
1.130000000000000000e+03 1.175207743039199601e-02
1.132500000000000000e+03 1.143940496611055811e-02
1.135000000000000000e+03 1.053480767347671730e-02
1.137500000000000000e+03 9.355292640019488223e-03
1.140000000000000000e+03 8.356028588253407510e-03
1.142500000000000000e+03 7.780967602993192449e-03
1.145000000000000000e+03 7.579954921771517480e-03
1.147500000000000000e+03 7.591864985861175932e-03
1.150000000000000000e+03 7.703879864942215355e-03
1.152500000000000000e+03 7.808999619124840433e-03
1.155000000000000000e+03 7.714344687725912392e-03
1.157500000000000000e+03 7.226106858348966058e-03
1.160000000000000000e+03 6.360707378040609400e-03
1.162500000000000000e+03 5.414756968946831360e-03
1.165000000000000000e+03 4.766966146957122771e-03
1.167500000000000000e+03 4.578045514315813233e-03
1.170000000000000000e+03 4.656417227296384340e-03
1.172500000000000000e+03 4.612427781324177772e-03
1.175000000000000000e+03 4.183002941269692299e-03
1.177500000000000000e+03 3.445071054182529194e-03
1.180000000000000000e+03 2.714584672281196345e-03
1.182500000000000000e+03 2.240534604970999700e-03
1.185000000000000000e+03 2.026203071484638813e-03
1.187500000000000000e+03 1.945307485755423584e-03
1.190000000000000000e+03 1.953158115602490232e-03
1.192500000000000000e+03 2.099420571260504458e-03
1.195000000000000000e+03 2.348755027991962160e-03
1.197500000000000000e+03 2.491797591216567478e-03
1.200000000000000000e+03 2.306175680590216281e-03
1.202500000000000000e+03 1.789810577253259051e-03
1.205000000000000000e+03 1.192722281292757543e-03
1.207500000000000000e+03 8.075775983327975567e-04
1.210000000000000000e+03 7.260060737647396111e-04
1.212500000000000000e+03 7.847600576775767053e-04
1.215000000000000000e+03 7.466472254287894817e-04
1.217500000000000000e+03 5.407195195180484245e-04
1.220000000000000000e+03 3.130702047024836246e-04
1.222500000000000000e+03 2.333942862855652904e-04
1.225000000000000000e+03 2.913948138985977647e-04
1.227500000000000000e+03 3.386139394958212327e-04
1.230000000000000000e+03 3.206539321483199115e-04
1.232500000000000000e+03 3.900549851515503191e-04
1.235000000000000000e+03 7.340138337137709201e-04
1.237500000000000000e+03 1.317503909480751377e-03
1.240000000000000000e+03 1.858343266694069754e-03
1.242500000000000000e+03 2.073330257974838938e-03
1.245000000000000000e+03 1.926192904896908888e-03
1.247500000000000000e+03 1.631115587627007856e-03
1.250000000000000000e+03 1.440412795449420597e-03
1.252500000000000000e+03 1.444846096291319600e-03
1.255000000000000000e+03 1.570809495863975365e-03
1.257500000000000000e+03 1.742995251222945012e-03
1.260000000000000000e+03 2.001424090777597156e-03
1.262500000000000000e+03 2.419210629043222656e-03
1.265000000000000000e+03 2.928410429317673206e-03
1.267500000000000000e+03 3.309285447598785210e-03
1.270000000000000000e+03 3.413031006524408582e-03
1.272500000000000000e+03 3.377696769397997047e-03
1.275000000000000000e+03 3.558048256765503244e-03
1.277500000000000000e+03 4.198223206342209003e-03
1.280000000000000000e+03 5.177848795207753464e-03
1.282500000000000000e+03 6.097582786498465142e-03
1.285000000000000000e+03 6.611874119571174366e-03
1.287500000000000000e+03 6.678694978164450256e-03
1.290000000000000000e+03 6.520521136402540781e-03
1.292500000000000000e+03 6.396763428842278283e-03
1.295000000000000000e+03 6.441109500598201330e-03
1.297500000000000000e+03 6.689873751565049605e-03
1.300000000000000000e+03 7.184351243954225155e-03
1.302500000000000000e+03 7.955811252865608793e-03
1.305000000000000000e+03 8.891360091476977964e-03
1.307500000000000000e+03 9.689823761738543956e-03
1.310000000000000000e+03 1.005454314893661563e-02
1.312500000000000000e+03 9.984537592085293914e-03
1.315000000000000000e+03 9.857193705960947891e-03
1.317500000000000000e+03 1.016112262145371474e-02
1.320000000000000000e+03 1.108762403611523312e-02
1.322500000000000000e+03 1.235828634250203152e-02
1.325000000000000000e+03 1.345216809028421459e-02
1.327500000000000000e+03 1.400896340458316139e-02
1.330000000000000000e+03 1.404008265144345187e-02
1.332500000000000000e+03 1.381579434955127091e-02
1.335000000000000000e+03 1.362371009701413005e-02
1.337500000000000000e+03 1.365308953812545759e-02
1.340000000000000000e+03 1.402977703073815530e-02
1.342500000000000000e+03 1.482534270870553873e-02
1.345000000000000000e+03 1.594888906263957143e-02
1.347500000000000000e+03 1.706681264839471357e-02
1.350000000000000000e+03 1.774202821071113947e-02
1.352500000000000000e+03 1.775648140778127160e-02
1.355000000000000000e+03 1.734453719232803212e-02
1.357500000000000000e+03 1.708562321136145382e-02
1.360000000000000000e+03 1.748512832965687033e-02
1.362500000000000000e+03 1.857552949806597423e-02
1.365000000000000000e+03 1.989297358861591425e-02
1.367500000000000000e+03 2.085055997246034604e-02
1.370000000000000000e+03 2.115719244352341766e-02
1.372500000000000000e+03 2.092761146699850805e-02
1.375000000000000000e+03 2.048420305939867986e-02
1.377500000000000000e+03 2.013390732358154300e-02
1.380000000000000000e+03 2.010772134685840859e-02
1.382500000000000000e+03 2.056750571579326128e-02
1.385000000000000000e+03 2.152021836366512994e-02
1.387500000000000000e+03 2.269510551792663575e-02
1.390000000000000000e+03 2.359447091206426372e-02
1.392500000000000000e+03 2.378757391630361567e-02
1.395000000000000000e+03 2.325020627278228530e-02
1.397500000000000000e+03 2.245472062467986432e-02
1.400000000000000000e+03 2.207905535355163956e-02
1.402500000000000000e+03 2.251493954710473769e-02
1.405000000000000000e+03 2.357195411699796600e-02
1.407500000000000000e+03 2.464463958010131017e-02
1.410000000000000000e+03 2.518619043980349984e-02
1.412500000000000000e+03 2.505182323120969112e-02
1.415000000000000000e+03 2.446323163720971403e-02
1.417500000000000000e+03 2.376066102973723587e-02
1.420000000000000000e+03 2.324333945004677937e-02
1.422500000000000000e+03 2.315131499137307314e-02
1.425000000000000000e+03 2.361676450478353978e-02
1.427500000000000000e+03 2.452175764639660457e-02
1.430000000000000000e+03 2.543773655498863043e-02
1.432500000000000000e+03 2.581751328410724147e-02
1.435000000000000000e+03 2.536083705391085560e-02
1.437500000000000000e+03 2.427655338825919495e-02
1.440000000000000000e+03 2.320112521120211782e-02
1.442500000000000000e+03 2.277451019688359404e-02
1.445000000000000000e+03 2.317311796994743489e-02
1.447500000000000000e+03 2.399567298220819933e-02
1.450000000000000000e+03 2.460786229243077869e-02
1.452500000000000000e+03 2.461472342769578658e-02
1.455000000000000000e+03 2.404154624821919217e-02
1.457500000000000000e+03 2.316623147152048132e-02
1.460000000000000000e+03 2.229273174685575745e-02
1.462500000000000000e+03 2.168103001306602093e-02
1.465000000000000000e+03 2.154245079298475890e-02
1.467500000000000000e+03 2.193471842882749323e-02
1.470000000000000000e+03 2.261775165493259271e-02
1.472500000000000000e+03 2.308775615152773922e-02
1.475000000000000000e+03 2.286296497370914407e-02
1.477500000000000000e+03 2.183650961879943578e-02
1.480000000000000000e+03 2.041207406124275620e-02
1.482500000000000000e+03 1.926762277830033204e-02
1.485000000000000000e+03 1.887794889927662048e-02
1.487500000000000000e+03 1.917318111370369324e-02
1.490000000000000000e+03 1.963844404394335733e-02
1.492500000000000000e+03 1.975051408750203019e-02
1.495000000000000000e+03 1.932713109408910543e-02
1.497500000000000000e+03 1.851578661631055403e-02
1.500000000000000000e+03 1.756748474296284876e-02
1.502500000000000000e+03 1.669928389270615432e-02
1.505000000000000000e+03 1.610888133342327361e-02
1.507500000000000000e+03 1.595906527638558253e-02
1.510000000000000000e+03 1.623580979829672769e-02
1.512500000000000000e+03 1.663390647467559436e-02
1.515000000000000000e+03 1.666790858084564453e-02
1.517500000000000000e+03 1.599074805418536013e-02
1.520000000000000000e+03 1.468153413607021021e-02
1.522500000000000000e+03 1.324418657641760443e-02
1.525000000000000000e+03 1.226506968700944757e-02
1.527500000000000000e+03 1.198197639694859908e-02
1.530000000000000000e+03 1.214076956400424179e-02
1.532500000000000000e+03 1.226263945909701614e-02
1.535000000000000000e+03 1.203875586691530164e-02
1.537500000000000000e+03 1.147691484367138748e-02
1.540000000000000000e+03 1.074667583857492545e-02
1.542500000000000000e+03 9.990099399754958850e-03
1.545000000000000000e+03 9.308699999058832331e-03
1.547500000000000000e+03 8.839836039675695242e-03
1.550000000000000000e+03 8.716771802888646087e-03
1.552500000000000000e+03 8.900449364494005672e-03
1.555000000000000000e+03 9.090376594398017623e-03
1.557500000000000000e+03 8.878890854568451119e-03
1.560000000000000000e+03 8.063844062728926787e-03
1.562500000000000000e+03 6.848003414076642842e-03
1.565000000000000000e+03 5.716144694342855173e-03
1.567500000000000000e+03 5.064323996552241684e-03
1.570000000000000000e+03 4.910522397904139823e-03
1.572500000000000000e+03 4.952572831546932577e-03
1.575000000000000000e+03 4.884655164971841643e-03
1.577500000000000000e+03 4.630985401057911496e-03
1.580000000000000000e+03 4.293403477196908180e-03
1.582500000000000000e+03 3.951105860746611034e-03
1.585000000000000000e+03 3.583952677655025468e-03
1.587500000000000000e+03 3.186627817242175011e-03
1.590000000000000000e+03 2.877968971422837415e-03
1.592500000000000000e+03 2.816611200021854229e-03
1.595000000000000000e+03 2.993116350614974646e-03
1.597500000000000000e+03 3.151448918045806746e-03
1.600000000000000000e+03 2.972355447320127863e-03
1.602500000000000000e+03 2.362319011003314023e-03
1.605000000000000000e+03 1.555446411542369886e-03
1.607500000000000000e+03 9.120513501512994342e-04
1.610000000000000000e+03 6.136774008113751646e-04
1.612500000000000000e+03 5.622350717569181292e-04
1.615000000000000000e+03 5.588162972023479752e-04
1.617500000000000000e+03 5.341148895572428923e-04
1.620000000000000000e+03 5.751840393833253370e-04
1.622500000000000000e+03 7.491216386033136207e-04
1.625000000000000000e+03 9.575717730408919845e-04
1.627500000000000000e+03 1.013278885921501142e-03
1.630000000000000000e+03 8.619084639683771611e-04
1.632500000000000000e+03 6.806283760910344710e-04
1.635000000000000000e+03 7.098360522665127714e-04
1.637500000000000000e+03 9.905475966911498741e-04
1.640000000000000000e+03 1.306609747250684316e-03
1.642500000000000000e+03 1.402097081203955821e-03
1.645000000000000000e+03 1.230009672895180121e-03
1.647500000000000000e+03 9.635474405608713492e-04
1.650000000000000000e+03 7.873527147879598930e-04
1.652500000000000000e+03 7.309007912376738357e-04
1.655000000000000000e+03 7.234624215063309438e-04
1.657500000000000000e+03 7.683842103798202211e-04
1.660000000000000000e+03 1.002428916115907613e-03
1.662500000000000000e+03 1.551110979968951548e-03
1.665000000000000000e+03 2.329732985930436841e-03
1.667500000000000000e+03 3.027214511879583285e-03
1.670000000000000000e+03 3.345514837887185802e-03
1.672500000000000000e+03 3.282202683634854144e-03
1.675000000000000000e+03 3.149251507009353385e-03
1.677500000000000000e+03 3.283193271980579340e-03
1.680000000000000000e+03 3.748079450863101274e-03
1.682500000000000000e+03 4.334991750330903157e-03
1.685000000000000000e+03 4.811173397349451271e-03
1.687500000000000000e+03 5.109898782242321136e-03
1.690000000000000000e+03 5.285423474838252950e-03
1.692500000000000000e+03 5.371315467948698658e-03
1.695000000000000000e+03 5.362803537211897550e-03
1.697500000000000000e+03 5.332984832135101091e-03
1.700000000000000000e+03 5.498916225896129453e-03
1.702500000000000000e+03 6.102666524524961306e-03
1.705000000000000000e+03 7.176236870587897679e-03
1.707500000000000000e+03 8.411927608326146000e-03
1.710000000000000000e+03 9.320555732874713506e-03
1.712500000000000000e+03 9.606929575918297590e-03
1.715000000000000000e+03 9.427982998090073813e-03
1.717500000000000000e+03 9.258174239201923117e-03
1.720000000000000000e+03 9.484737658862079507e-03
1.722500000000000000e+03 1.013889875470060445e-02
1.725000000000000000e+03 1.098333149402701096e-02
1.727500000000000000e+03 1.176996364198673942e-02
1.730000000000000000e+03 1.236687708466757685e-02
1.732500000000000000e+03 1.271007153421796314e-02
1.735000000000000000e+03 1.276609125513610346e-02
1.737500000000000000e+03 1.260967715730822690e-02
1.740000000000000000e+03 1.250204125122049252e-02
1.742500000000000000e+03 1.280810501047744895e-02
1.745000000000000000e+03 1.374758494708325923e-02
1.747500000000000000e+03 1.515839443604927519e-02
1.750000000000000000e+03 1.650865839335493787e-02
1.752500000000000000e+03 1.723743753798454015e-02
1.755000000000000000e+03 1.718838169366863899e-02
1.757500000000000000e+03 1.673713237041093288e-02
1.760000000000000000e+03 1.647390103804138514e-02
1.762500000000000000e+03 1.675227929471152094e-02
1.765000000000000000e+03 1.751905899814634390e-02
1.767500000000000000e+03 1.848712778172557913e-02
1.770000000000000000e+03 1.937215440399796956e-02
1.772500000000000000e+03 1.997349235837101930e-02
1.775000000000000000e+03 2.016272674621076219e-02
1.777500000000000000e+03 1.993438648684557959e-02
1.780000000000000000e+03 1.950332737297622021e-02
1.782500000000000000e+03 1.928864606807600621e-02
1.785000000000000000e+03 1.969639496494583406e-02
1.787500000000000000e+03 2.080950561847825023e-02
1.790000000000000000e+03 2.223218054061956717e-02
1.792500000000000000e+03 2.328750020426155476e-02
1.795000000000000000e+03 2.349206399997960659e-02
1.797500000000000000e+03 2.292759005713689707e-02
1.800000000000000000e+03 2.216236866136260183e-02
1.802500000000000000e+03 2.179809995720075402e-02
1.805000000000000000e+03 2.207215543725446136e-02
1.807500000000000000e+03 2.282306050717843385e-02
1.810000000000000000e+03 2.371720072626505235e-02
1.812500000000000000e+03 2.444467068046083172e-02
1.815000000000000000e+03 2.477376492691244630e-02
1.817500000000000000e+03 2.458115180072074565e-02
1.820000000000000000e+03 2.394772318532516903e-02
1.822500000000000000e+03 2.322437740972018577e-02
1.825000000000000000e+03 2.291130719112604089e-02
1.827500000000000000e+03 2.334577002054943895e-02
1.830000000000000000e+03 2.440465527756650183e-02
1.832500000000000000e+03 2.549829921380708866e-02
1.835000000000000000e+03 2.594582599167950809e-02
1.837500000000000000e+03 2.547475374205347004e-02
1.840000000000000000e+03 2.441720684946168882e-02
1.842500000000000000e+03 2.342937416683998561e-02
1.845000000000000000e+03 2.300824716910322351e-02
1.847500000000000000e+03 2.322806577579911158e-02
1.850000000000000000e+03 2.383369903775904922e-02
1.852500000000000000e+03 2.447976845358861356e-02
1.855000000000000000e+03 2.487169533247817269e-02
1.857500000000000000e+03 2.479594879051372908e-02
1.860000000000000000e+03 2.417626116124716937e-02
1.862500000000000000e+03 2.318539158033471395e-02
1.865000000000000000e+03 2.226226169092718546e-02
1.867500000000000000e+03 2.189807492671656114e-02
1.870000000000000000e+03 2.227892919343574252e-02
1.872500000000000000e+03 2.307565802138383457e-02
1.875000000000000000e+03 2.361820542076509266e-02
1.877500000000000000e+03 2.337227739871058918e-02
1.880000000000000000e+03 2.233330715396520533e-02
1.882500000000000000e+03 2.100084067990419176e-02
1.885000000000000000e+03 1.998019370626175420e-02
1.887500000000000000e+03 1.958076151316692770e-02
1.890000000000000000e+03 1.971931730525036328e-02
1.892500000000000000e+03 2.010263699346108435e-02
1.895000000000000000e+03 2.043442110451253527e-02
1.897500000000000000e+03 2.048005997731784655e-02
1.900000000000000000e+03 2.006589887019162577e-02
1.902500000000000000e+03 1.915979579701167917e-02
1.905000000000000000e+03 1.799567405093242811e-02
1.907500000000000000e+03 1.703767914473063375e-02
1.910000000000000000e+03 1.669140263407388816e-02
1.912500000000000000e+03 1.696223101292885713e-02
1.915000000000000000e+03 1.738980970914513757e-02
1.917500000000000000e+03 1.736991803118001845e-02
1.920000000000000000e+03 1.660964984578110551e-02
1.922500000000000000e+03 1.532752941312861931e-02
1.925000000000000000e+03 1.404911414412117997e-02
1.927500000000000000e+03 1.321001657295132851e-02
1.930000000000000000e+03 1.290983676261780663e-02
1.932500000000000000e+03 1.296927338762619494e-02
1.935000000000000000e+03 1.314415641263640827e-02
1.937500000000000000e+03 1.324683468802182948e-02
1.940000000000000000e+03 1.311307204468220231e-02
1.942500000000000000e+03 1.258576598484124204e-02
1.945000000000000000e+03 1.164518444642423205e-02
1.947500000000000000e+03 1.054727920209816601e-02
1.950000000000000000e+03 9.725820410269125568e-03
1.952500000000000000e+03 9.459462797121646546e-03
1.955000000000000000e+03 9.609338511196949609e-03
1.957500000000000000e+03 9.707051780760945006e-03
1.960000000000000000e+03 9.330293459096365011e-03
1.962500000000000000e+03 8.426205585839228671e-03
1.965000000000000000e+03 7.313276290963638231e-03
1.967500000000000000e+03 6.400541977509250670e-03
1.970000000000000000e+03 5.894026093648361761e-03
1.972500000000000000e+03 5.730725439940573436e-03
1.975000000000000000e+03 5.741661453688228813e-03
1.977500000000000000e+03 5.820449253636831265e-03
1.980000000000000000e+03 5.905735329351427705e-03
1.982500000000000000e+03 5.860310473670127945e-03
1.985000000000000000e+03 5.492849551694008355e-03
1.987500000000000000e+03 4.766002785201455157e-03
1.990000000000000000e+03 3.929282492037624273e-03
1.992500000000000000e+03 3.352825024532689064e-03
1.995000000000000000e+03 3.197401917849515031e-03
1.997500000000000000e+03 3.269232591863248903e-03
2.000000000000000000e+03 3.208839996437537305e-03
