0.000000000000000000e+00 0.000000000000000000e+00 1.000000000000000000e+00
2.500000000000000000e+00 1.373928775148607895e-01 8.626071224851401542e-01
5.000000000000000000e+00 4.697284555609078094e-01 5.302715444390906363e-01
7.500000000000000000e+00 8.203216543211988565e-01 1.796783456787991728e-01
1.000000000000000000e+01 9.951573952463781403e-01 4.842604753618494351e-03
1.250000000000000000e+01 9.052879389261564436e-01 9.471206107384137762e-02
1.500000000000000000e+01 6.039295372502299086e-01 3.960704627497646513e-01
1.750000000000000000e+01 2.504430075632930741e-01 7.495569924366982661e-01
2.000000000000000000e+01 3.831832980357468416e-02 9.616816701964210345e-01
2.250000000000000000e+01 7.617719710221529383e-02 9.238228028977838457e-01
2.500000000000000000e+01 3.425055863323281935e-01 6.574944136676590389e-01
2.750000000000000000e+01 6.993395057457670871e-01 3.006604942542154268e-01
3.000000000000000000e+01 9.512206753913651225e-01 4.877932460862428182e-02
3.250000000000000000e+01 9.655745430478177571e-01 3.442545695216176621e-02
3.500000000000000000e+01 7.323419114196898505e-01 2.676580885802974374e-01
3.750000000000000000e+01 3.724250144031127641e-01 6.275749855968699720e-01
4.000000000000000000e+01 8.540762529047961349e-02 9.145923747095047185e-01
4.250000000000000000e+01 2.340048514919148767e-02 9.765995148507955470e-01
4.500000000000000000e+01 2.203783598285105894e-01 7.796216401714760602e-01
4.750000000000000000e+01 5.701495514801472320e-01 4.298504485198394454e-01
5.000000000000000000e+01 8.765512939849960938e-01 1.234487060149890014e-01
5.250000000000000000e+01 9.791719848087729883e-01 2.082801519121215555e-02
5.500000000000000000e+01 8.253930038476899878e-01 1.746069961522958569e-01
5.750000000000000000e+01 5.007973025880102513e-01 4.992026974119735949e-01
6.000000000000000000e+01 1.865651758352132594e-01 8.134348241647724187e-01
6.250000000000000000e+01 4.529697436427568280e-02 9.547030256357106337e-01
6.500000000000000000e+01 1.513868839896926610e-01 8.486131160102902138e-01
6.750000000000000000e+01 4.474162260239720190e-01 5.525837739760162126e-01
7.000000000000000000e+01 7.708503115196847499e-01 2.291496884803018164e-01
7.250000000000000000e+01 9.539195080032697449e-01 4.608049199671457319e-02
7.500000000000000000e+01 8.960537230303111667e-01 1.039462769696771066e-01
7.750000000000000000e+01 6.269191345780477098e-01 3.730808654219371912e-01
8.000000000000000000e+01 2.949358620018148192e-01 7.050641379981735790e-01
8.250000000000000000e+01 7.515586046349989613e-02 9.248441395364843665e-01
8.500000000000000000e+01 8.961396561479929856e-02 9.103860343851863934e-01
8.750000000000000000e+01 3.288528310727139026e-01 6.711471689272703323e-01
9.000000000000000000e+01 6.565541885974021108e-01 3.434458114025834563e-01
9.250000000000000000e+01 8.975612221512330180e-01 1.024387778487544920e-01
9.500000000000000000e+01 9.197725569276469226e-01 8.022744307234253025e-02
9.750000000000000000e+01 7.169809134092476333e-01 2.830190865907400988e-01
1.000000000000000000e+02 4.071451244083035825e-01 5.928548755916860369e-01
1.025000000000000000e+02 1.548949557506955621e-01 8.451050442492942238e-01
1.050000000000000000e+02 9.679190275406604482e-02 9.032080972459242130e-01
1.075000000000000000e+02 2.585136179336499085e-01 7.414863820663375460e-01
1.100000000000000000e+02 5.479605214802742985e-01 4.520394785197111021e-01
1.125000000000000000e+02 8.139120750923045655e-01 1.860879249076836384e-01
1.150000000000000000e+02 9.116761833946323001e-01 8.832381660535297552e-02
1.175000000000000000e+02 7.916718382817091726e-01 2.083281617182794754e-01
1.200000000000000000e+02 5.208574223495303634e-01 4.791425776504598666e-01
1.225000000000000000e+02 2.419191944289722507e-01 7.580808055710182014e-01
1.250000000000000000e+02 1.098575407408810406e-01 8.901424592591160589e-01
1.275000000000000000e+02 1.935620912049093034e-01 8.064379087950851455e-01
1.300000000000000000e+02 4.435386208644263029e-01 5.564613791355683681e-01
1.325000000000000000e+02 7.234631228297898620e-01 2.765368771702078066e-01
1.350000000000000000e+02 8.753817882448404752e-01 1.246182117551566243e-01
1.375000000000000000e+02 8.215085008814883016e-01 1.784914991185047595e-01
1.400000000000000000e+02 5.981077685405198352e-01 4.018922314594699507e-01
1.425000000000000000e+02 3.290780850209314434e-01 6.709219149790579539e-01
1.450000000000000000e+02 1.650750375127807701e-01 8.349249624872092657e-01
1.475000000000000000e+02 1.885066672978403801e-01 8.114933327021515153e-01
1.500000000000000000e+02 3.806783214161292284e-01 6.193216785838633331e-01
1.525000000000000000e+02 6.372468896257772464e-01 3.627531103742156482e-01
1.550000000000000000e+02 8.168959926137877581e-01 1.831040073862049145e-01
1.575000000000000000e+02 8.282168255974942106e-01 1.717831744024984619e-01
1.600000000000000000e+02 6.676750891444178659e-01 3.323249108555738074e-01
1.625000000000000000e+02 4.212558768885636962e-01 5.787441231114268669e-01
1.650000000000000000e+02 2.263683823578299670e-01 7.736316176421643709e-01
1.675000000000000000e+02 1.859572736551831085e-01 8.140427263448097861e-01
1.700000000000000000e+02 3.210760254543860159e-01 6.789239745456123742e-01
1.725000000000000000e+02 5.564423453707235678e-01 4.435576546292721578e-01
1.750000000000000000e+02 7.562199651896805985e-01 2.437800348103139614e-01
1.775000000000000000e+02 8.124442029017209244e-01 1.875557970982744127e-01
1.800000000000000000e+02 6.967075843609827901e-01 3.032924156390128800e-01
1.825000000000000000e+02 4.771478196543261774e-01 5.228521803456658290e-01
1.850000000000000000e+02 2.820525990137507932e-01 7.179474009862407691e-01
1.875000000000000000e+02 2.154331004408259198e-01 7.845668995591668082e-01
1.900000000000000000e+02 3.097100301661978028e-01 6.902899698337962020e-01
1.925000000000000000e+02 5.087863838961899088e-01 4.912136161038041515e-01
1.950000000000000000e+02 6.987268404438722325e-01 3.012731595561240483e-01
1.975000000000000000e+02 7.804435449141058356e-01 2.195564550858936093e-01
2.000000000000000000e+02 7.121648692678262949e-01 2.878351307321708741e-01
2.025000000000000000e+02 5.333232885252362498e-01 4.666767114747596978e-01
2.050000000000000000e+02 3.452531994057033149e-01 6.547468005942965741e-01
2.075000000000000000e+02 2.482301487085440961e-01 7.517698512914559039e-01
2.100000000000000000e+02 2.963267759166215987e-01 7.036732240833770691e-01
2.125000000000000000e+02 4.623139866440688639e-01 5.376860133559323573e-01
2.150000000000000000e+02 6.494039546850751687e-01 3.505960453149256084e-01
2.175000000000000000e+02 7.533112237030352709e-01 2.466887762969629527e-01
2.200000000000000000e+02 7.138019273043427759e-01 2.861980726956624976e-01
2.225000000000000000e+02 5.549397310625906465e-01 4.450602689374120180e-01
2.250000000000000000e+02 3.723177062043143692e-01 6.276822937956861859e-01
2.275000000000000000e+02 2.687395879338796978e-01 7.312604120661211349e-01
2.300000000000000000e+02 3.025153055251932344e-01 6.974846944748103184e-01
2.325000000000000000e+02 4.507257592001053803e-01 5.492742407998940646e-01
2.350000000000000000e+02 6.243902608184851433e-01 3.756097391815130804e-01
2.375000000000000000e+02 7.283240727148774241e-01 2.716759272851282936e-01
2.400000000000000000e+02 7.059381271926107315e-01 2.940618728073911559e-01
2.425000000000000000e+02 5.729298153662230053e-01 4.270701846337790486e-01
2.450000000000000000e+02 4.069099719349685285e-01 5.930900280650337475e-01
2.475000000000000000e+02 2.978993191142947916e-01 7.021006808857084280e-01
2.500000000000000000e+02 3.078171212283453695e-01 6.921828787716566289e-01
2.525000000000000000e+02 4.316972390075675126e-01 5.683027609924391488e-01
2.550000000000000000e+02 5.987167410636953235e-01 4.012832589363078961e-01
2.575000000000000000e+02 7.158396128486763654e-01 2.841603871513260215e-01
2.600000000000000000e+02 7.123482565939679434e-01 2.876517434060349432e-01
2.625000000000000000e+02 5.876157554869673172e-01 4.123842445130368461e-01
2.650000000000000000e+02 4.142728899465227821e-01 5.857271100534813257e-01
2.675000000000000000e+02 2.912339020721835259e-01 7.087660979278207485e-01
2.700000000000000000e+02 2.929898311758615259e-01 7.070101688241416937e-01
2.725000000000000000e+02 4.190003929316655773e-01 5.809996070683378644e-01
2.750000000000000000e+02 5.939182461060104057e-01 4.060817538939925919e-01
2.775000000000000000e+02 7.186449765807869650e-01 2.813550234192112587e-01
2.800000000000000000e+02 7.204739349752610211e-01 2.795260650247425316e-01
2.825000000000000000e+02 5.997313232762031543e-01 4.002686767238041177e-01
2.850000000000000000e+02 4.274032491817517099e-01 5.725967508182547849e-01
2.875000000000000000e+02 2.982189815148072465e-01 7.017810184851969169e-01
2.900000000000000000e+02 2.864245454380663913e-01 7.135754545619346079e-01
2.925000000000000000e+02 3.997848729722010552e-01 6.002151270278021089e-01
2.950000000000000000e+02 5.757670112994393019e-01 4.242329887005654165e-01
2.975000000000000000e+02 7.196192419701410437e-01 2.803807580298618429e-01
3.000000000000000000e+02 7.466661492354486063e-01 2.533338507645546689e-01
3.025000000000000000e+02 6.370175074669869320e-01 3.629824925330150664e-01
3.050000000000000000e+02 4.492215929306269118e-01 5.507784070693729772e-01
3.075000000000000000e+02 2.856741266684051928e-01 7.143258733315954734e-01
3.100000000000000000e+02 2.442946888056868882e-01 7.557053111943152768e-01
3.125000000000000000e+02 3.526476063554960794e-01 6.473523936445024773e-01
3.150000000000000000e+02 5.505049196582842974e-01 4.494950803417158136e-01
3.175000000000000000e+02 7.279553752362659669e-01 2.720446247637373638e-01
3.200000000000000000e+02 7.799247735246692681e-01 2.200752264753335630e-01
3.225000000000000000e+02 6.758810426072514588e-01 3.241189573927462098e-01
3.250000000000000000e+02 4.750695500883410083e-01 5.249304499116583811e-01
3.275000000000000000e+02 2.872703506549332264e-01 7.127296493450642201e-01
3.300000000000000000e+02 2.202629287441454087e-01 7.797370712558527872e-01
3.325000000000000000e+02 3.116801936830593256e-01 6.883198063169390091e-01
3.350000000000000000e+02 5.122975083405032493e-01 4.877024916594925319e-01
3.375000000000000000e+02 7.170225562876630931e-01 2.829774437123346864e-01
3.400000000000000000e+02 8.106901895815208370e-01 1.893098104184764985e-01
3.425000000000000000e+02 7.394981775400513158e-01 2.605018224599411347e-01
3.450000000000000000e+02 5.377399375332130305e-01 4.622600624667865810e-01
3.475000000000000000e+02 3.095079309058024752e-01 6.904920690942009109e-01
3.500000000000000000e+02 1.845592430864887168e-01 8.154407569135142531e-01
3.525000000000000000e+02 2.353685355110730626e-01 7.646314644889289358e-01
3.550000000000000000e+02 4.387154539022100619e-01 5.612845460977947676e-01
3.575000000000000000e+02 6.868937102184200505e-01 3.131062897815790058e-01
3.600000000000000000e+02 8.367123044608577587e-01 1.632876955391458218e-01
3.625000000000000000e+02 8.030937838509654148e-01 1.969062161490348351e-01
3.650000000000000000e+02 6.021902533827512283e-01 3.978097466172487717e-01
3.675000000000000000e+02 3.416255069309617753e-01 6.583744930690420549e-01
3.700000000000000000e+02 1.695731309149412780e-01 8.304268690850606927e-01
3.725000000000000000e+02 1.796512115548289379e-01 8.203487884451714507e-01
3.750000000000000000e+02 3.680076184937124406e-01 6.319923815062884476e-01
3.775000000000000000e+02 6.368062308803215110e-01 3.631937691196778228e-01
3.800000000000000000e+02 8.379271396383447534e-01 1.620728603616556629e-01
3.825000000000000000e+02 8.645464003894743898e-01 1.354535996105249718e-01
3.850000000000000000e+02 6.982624171184161899e-01 3.017375828815812566e-01
3.875000000000000000e+02 4.219178474152285307e-01 5.780821525847668063e-01
3.900000000000000000e+02 1.866575046786410064e-01 8.133424953213572728e-01
3.925000000000000000e+02 1.190810041192669616e-01 8.809189958807371879e-01
3.950000000000000000e+02 2.623746596777231099e-01 7.376253403222782223e-01
3.975000000000000000e+02 5.452338605769284641e-01 4.547661394230742560e-01
4.000000000000000000e+02 8.098305984970389781e-01 1.901694015029657958e-01
4.025000000000000000e+02 9.115623877452782020e-01 8.843761225472114573e-02
4.050000000000000000e+02 7.887661425807802607e-01 2.112338574192237362e-01
4.075000000000000000e+02 5.043789507976561559e-01 4.956210492023464531e-01
4.100000000000000000e+02 2.180881131437234777e-01 7.819118868562798808e-01
4.125000000000000000e+02 8.379935247044199842e-02 9.162006475295618735e-01
4.150000000000000000e+02 1.779739035183112994e-01 8.220260964816951121e-01
4.175000000000000000e+02 4.519766209514316513e-01 5.480233790485832257e-01
4.200000000000000000e+02 7.550594818767294436e-01 2.449405181232829076e-01
4.225000000000000000e+02 9.291528764332555035e-01 7.084712356675038070e-02
4.250000000000000000e+02 8.778175354748015691e-01 1.221824645252080205e-01
4.275000000000000000e+02 6.253998474148565467e-01 3.746001525851542224e-01
4.300000000000000000e+02 3.077686091465272611e-01 6.922313908534839522e-01
4.325000000000000000e+02 8.996265904089197074e-02 9.100373409591175911e-01
4.350000000000000000e+02 9.471188782858763755e-02 9.052881121714220214e-01
4.375000000000000000e+02 3.242360037846438447e-01 6.757639962153609847e-01
4.400000000000000000e+02 6.544998427641930405e-01 3.455001572358167850e-01
4.425000000000000000e+02 9.104169101475503290e-01 8.958308985245662381e-02
4.450000000000000000e+02 9.455072110285717146e-01 5.449278897143866596e-02
4.475000000000000000e+02 7.370803284366400643e-01 2.629196715633728143e-01
4.500000000000000000e+02 3.998625762927740523e-01 6.001374237072357731e-01
4.525000000000000000e+02 1.134884906344950234e-01 8.865115093655150380e-01
4.550000000000000000e+02 3.903516723798625826e-02 9.609648327620272656e-01
4.575000000000000000e+02 2.164771750176126275e-01 7.835228249823928959e-01
4.600000000000000000e+02 5.474492899639664678e-01 4.525507100360400825e-01
4.625000000000000000e+02 8.587861325190129236e-01 1.412138674809962635e-01
4.650000000000000000e+02 9.801065232772437907e-01 1.989347672276368245e-02
4.675000000000000000e+02 8.488300955420791105e-01 1.511699044579261630e-01
4.700000000000000000e+02 5.361821721420283460e-01 4.638178278579799807e-01
4.725000000000000000e+02 2.031697194054697952e-01 7.968302805945337575e-01
4.750000000000000000e+02 3.201221334554345960e-02 9.679877866544712717e-01
4.775000000000000000e+02 1.139145110336819977e-01 8.860854889663308809e-01
4.800000000000000000e+02 4.070050028680158860e-01 5.929949971319969926e-01
4.825000000000000000e+02 7.594363531384733523e-01 2.405636468615347523e-01
4.850000000000000000e+02 9.746425147688096979e-01 2.535748523120020040e-02
4.875000000000000000e+02 9.355611638245795447e-01 6.443883617543667841e-02
4.900000000000000000e+02 6.609388034484802166e-01 3.390611965515334947e-01
4.925000000000000000e+02 2.953728583977053845e-01 7.046271416023082157e-01
4.950000000000000000e+02 4.349556879002858256e-02 9.565044312099841850e-01
4.975000000000000000e+02 3.917568256647668834e-02 9.608243174335402426e-01
5.000000000000000000e+02 2.841704703205559235e-01 7.158295296794651152e-01
5.025000000000000000e+02 6.485530045387684073e-01 3.514469954612533531e-01
5.050000000000000000e+02 9.313818024006761398e-01 6.861819759934686958e-02
5.075000000000000000e+02 9.869135855088799758e-01 1.308641449114044189e-02
5.100000000000000000e+02 7.869258928215074889e-01 2.130741071785176022e-01
5.125000000000000000e+02 4.362196744052473929e-01 5.637803255947786418e-01
5.150000000000000000e+02 1.260860728460687641e-01 8.739139271539549947e-01
5.175000000000000000e+02 1.696538814847509125e-02 9.830346118515522758e-01
5.200000000000000000e+02 1.694505196981421768e-01 8.305494803018806937e-01
5.225000000000000000e+02 5.057264440389510618e-01 4.942735559610684781e-01
5.250000000000000000e+02 8.411521942900476168e-01 1.588478057099771967e-01
5.275000000000000000e+02 9.981944921191502340e-01 1.805507880870400525e-03
5.300000000000000000e+02 8.871334027218064078e-01 1.128665972782088717e-01
5.325000000000000000e+02 5.647995668008475301e-01 4.352004331991742303e-01
5.350000000000000000e+02 2.106677890949353038e-01 7.893322109050810997e-01
5.375000000000000000e+02 1.285980726169167268e-02 9.871401927383276487e-01
5.400000000000000000e+02 8.106347180735791469e-02 9.189365281926672457e-01
5.425000000000000000e+02 3.772464938533134915e-01 6.227535061467134314e-01
5.450000000000000000e+02 7.353898256704773928e-01 2.646101743295466435e-01
5.475000000000000000e+02 9.681638472761748826e-01 3.183615272385022232e-02
5.500000000000000000e+02 9.506181399538249366e-01 4.938186004620249980e-02
5.525000000000000000e+02 6.958783058277856481e-01 3.041216941722391098e-01
5.550000000000000000e+02 3.456499142682425418e-01 6.543500857317884334e-01
5.575000000000000000e+02 8.137883710728331665e-02 9.186211628927430928e-01
5.600000000000000000e+02 4.625447408757360490e-02 9.537455259124607565e-01
5.625000000000000000e+02 2.578485062019095220e-01 7.421514937981240623e-01
5.650000000000000000e+02 6.002969163193488944e-01 3.997030836806870768e-01
5.675000000000000000e+02 8.946882746093309802e-01 1.053117253907015494e-01
5.700000000000000000e+02 9.773266762055015100e-01 2.267332379453234834e-02
5.725000000000000000e+02 8.032044547412955371e-01 1.967955452587466514e-01
5.750000000000000000e+02 4.685023060786307481e-01 5.314976939214048901e-01
5.775000000000000000e+02 1.508242150262681658e-01 8.491757849737675556e-01
5.800000000000000000e+02 2.749311128007348587e-02 9.725068887199680434e-01
5.825000000000000000e+02 1.621337135749733871e-01 8.378662864250699949e-01
5.850000000000000000e+02 4.765841501499040733e-01 5.234158498501358947e-01
5.875000000000000000e+02 8.027089761613992458e-01 1.972910238386426651e-01
5.900000000000000000e+02 9.611623529512428599e-01 3.883764704879418689e-02
5.925000000000000000e+02 8.736873806259546349e-01 1.263126193740824743e-01
5.950000000000000000e+02 5.937855374808918008e-01 4.062144625191465019e-01
5.975000000000000000e+02 2.700658381761414928e-01 7.299341618239000296e-01
6.000000000000000000e+02 7.914954603539874067e-02 9.208504539646401588e-01
6.025000000000000000e+02 1.175693917713766801e-01 8.824306082286597075e-01
6.050000000000000000e+02 3.621731313058146329e-01 6.378268686942234478e-01
6.075000000000000000e+02 6.848257725145762143e-01 3.151742274854610892e-01
6.100000000000000000e+02 9.077929020456493303e-01 9.220709795438464251e-02
6.125000000000000000e+02 9.138110132147018172e-01 8.618898678533545854e-02
6.150000000000000000e+02 6.992499642781411229e-01 3.007500357218996223e-01
6.175000000000000000e+02 3.778753988139624265e-01 6.221246011860783742e-01
6.200000000000000000e+02 1.296697194759282024e-01 8.703302805241091011e-01
6.225000000000000000e+02 8.592663060541715081e-02 9.140733693946232474e-01
6.250000000000000000e+02 2.683091417726179428e-01 7.316908582274217476e-01
6.275000000000000000e+02 5.759503111998679481e-01 4.240496888001719089e-01
6.300000000000000000e+02 8.351721215931577902e-01 1.648278784068816505e-01
6.325000000000000000e+02 9.113335645522213646e-01 8.866643544782701336e-02
6.350000000000000000e+02 7.682482801762140490e-01 2.317517198238302767e-01
6.375000000000000000e+02 4.872832982859934825e-01 5.127167017140478178e-01
6.400000000000000000e+02 2.259482439014441069e-01 7.740517560986033274e-01
6.425000000000000000e+02 1.188154435432473566e-01 8.811845564567998279e-01
6.450000000000000000e+02 2.207215330689403232e-01 7.792784669311139112e-01
6.475000000000000000e+02 4.753237193698463536e-01 5.246762806302107673e-01
6.500000000000000000e+02 7.415160622208210039e-01 2.584839377792347848e-01
6.525000000000000000e+02 8.803053030115840505e-01 1.196946969884732925e-01
6.550000000000000000e+02 8.155509275657945034e-01 1.844490724342606192e-01
6.575000000000000000e+02 5.821755151738556844e-01 4.178244848261981614e-01
6.600000000000000000e+02 3.113271093217698793e-01 6.886728906782846327e-01
6.625000000000000000e+02 1.476915196679378095e-01 8.523084803321195890e-01
6.650000000000000000e+02 1.819649114775899190e-01 8.180350885224666468e-01
6.675000000000000000e+02 3.922824231557276997e-01 6.077175768443288106e-01
6.700000000000000000e+02 6.562042082075463245e-01 3.437957917925074658e-01
6.725000000000000000e+02 8.312590050269581532e-01 1.687409949730936387e-01
6.750000000000000000e+02 8.225984474958951687e-01 1.774015525041592878e-01
6.775000000000000000e+02 6.416920370144714170e-01 3.583079629855815407e-01
6.800000000000000000e+02 3.954803659860516296e-01 6.045196340140003288e-01
6.825000000000000000e+02 2.155839289658079694e-01 7.844160710342427123e-01
6.850000000000000000e+02 1.984973266023540295e-01 8.015026733976950979e-01
6.875000000000000000e+02 3.480205008963136448e-01 6.519794991037366483e-01
6.900000000000000000e+02 5.779958190027986165e-01 4.220041809972496782e-01
6.925000000000000000e+02 7.670496553617148772e-01 2.329503446383394683e-01
6.950000000000000000e+02 8.116534408704912940e-01 1.883465591295590547e-01
6.975000000000000000e+02 6.898260792909698402e-01 3.101739207090818962e-01
7.000000000000000000e+02 4.708740817123519551e-01 5.291259182876992817e-01
7.025000000000000000e+02 2.726003489374594912e-01 7.273996510625888590e-01
7.050000000000000000e+02 2.071047878426619249e-01 7.928952121573826783e-01
7.075000000000000000e+02 3.082270564624628451e-01 6.917729435375803426e-01
7.100000000000000000e+02 5.151594779946566671e-01 4.848405220053870202e-01
7.125000000000000000e+02 7.122790931839043660e-01 2.877209068161447059e-01
7.150000000000000000e+02 7.866515551760094871e-01 2.133484448240329234e-01
7.175000000000000000e+02 7.017357973127179571e-01 2.982642026873277286e-01
7.200000000000000000e+02 5.119949950358771984e-01 4.880050049641618815e-01
7.225000000000000000e+02 3.244034752570822411e-01 6.755965247429593923e-01
7.250000000000000000e+02 2.448997110486940965e-01 7.551002889513434013e-01
7.275000000000000000e+02 3.117109315743067377e-01 6.882890684257302327e-01
7.300000000000000000e+02 4.822239729286597054e-01 5.177760270713784863e-01
7.325000000000000000e+02 6.630230093122333468e-01 3.369769906878058996e-01
7.350000000000000000e+02 7.534813632703902808e-01 2.465186367296534065e-01
7.375000000000000000e+02 7.075245868306634378e-01 2.924754131693776404e-01
7.400000000000000000e+02 5.526847553532580060e-01 4.473152446467838494e-01
7.425000000000000000e+02 3.729671686594697722e-01 6.270328313405717502e-01
7.450000000000000000e+02 2.709906045126868057e-01 7.290093954873528848e-01
7.475000000000000000e+02 3.026465427996388735e-01 6.973534572004032039e-01
7.500000000000000000e+02 4.492654298495187271e-01 5.507345701505227398e-01
7.525000000000000000e+02 6.281770088242940586e-01 3.718229911757491291e-01
7.550000000000000000e+02 7.331603690323590383e-01 2.668396309676787648e-01
7.575000000000000000e+02 7.052545824441805999e-01 2.947454175558644751e-01
7.600000000000000000e+02 5.628083682214477523e-01 4.371916317785946582e-01
7.625000000000000000e+02 3.885588492816828277e-01 6.114411507183582506e-01
7.650000000000000000e+02 2.861019777137356890e-01 7.138980222863076097e-01
7.675000000000000000e+02 3.110610068402304695e-01 6.889389931598124406e-01
7.700000000000000000e+02 4.456614159625771343e-01 5.543385840374634999e-01
7.725000000000000000e+02 6.131667304444641253e-01 3.868332695555803391e-01
7.750000000000000000e+02 7.170701414602889123e-01 2.829298585397530541e-01
7.775000000000000000e+02 7.024022603332820136e-01 2.975977396667648378e-01
7.800000000000000000e+02 5.790935798708057858e-01 4.209064201292401219e-01
7.825000000000000000e+02 4.145177237859082875e-01 5.854822762141357329e-01
7.850000000000000000e+02 3.027466290220726108e-01 6.972533709779731304e-01
7.875000000000000000e+02 3.058701967062159577e-01 6.941298032938287843e-01
7.900000000000000000e+02 4.242887094675503179e-01 5.757112905324949237e-01
7.925000000000000000e+02 5.942397051195933422e-01 4.057602948804517329e-01
7.950000000000000000e+02 7.157873045568921011e-01 2.842126954431493102e-01
7.975000000000000000e+02 7.177292547210732954e-01 2.822707452789738891e-01
8.000000000000000000e+02 5.954779651098384141e-01 4.045220348902064389e-01
8.025000000000000000e+02 4.164621860794812669e-01 5.835378139205652515e-01
8.050000000000000000e+02 2.875069715388878233e-01 7.124930284611560305e-01
8.075000000000000000e+02 2.832188128927571324e-01 7.167811871072903296e-01
8.100000000000000000e+02 4.071766095660153129e-01 5.928233904340292071e-01
8.125000000000000000e+02 5.898493057699809583e-01 4.101506942300652270e-01
8.150000000000000000e+02 7.242005994251294876e-01 2.757994005749201949e-01
8.175000000000000000e+02 7.360905759239748658e-01 2.639094240760738730e-01
8.200000000000000000e+02 6.189734534914436148e-01 3.810265465086043468e-01
8.225000000000000000e+02 4.365425321635862388e-01 5.634574678364636657e-01
8.250000000000000000e+02 2.924593183777930983e-01 7.075406816222562512e-01
8.275000000000000000e+02 2.654681834647731886e-01 7.345318165352749951e-01
8.300000000000000000e+02 3.737268154528298747e-01 6.262731845472163661e-01
8.325000000000000000e+02 5.623649989801031701e-01 4.376350010199430152e-01
8.350000000000000000e+02 7.253886774910959234e-01 2.746113225089500953e-01
8.375000000000000000e+02 7.712841100877786404e-01 2.287158899122681555e-01
8.400000000000000000e+02 6.677120137087257934e-01 3.322879862913224458e-01
8.425000000000000000e+02 4.658654409738055557e-01 5.341345590262411847e-01
8.450000000000000000e+02 2.806422568456333200e-01 7.193577431544144751e-01
8.475000000000000000e+02 2.168011397082647840e-01 7.831988602917822062e-01
8.500000000000000000e+02 3.156960170313875547e-01 6.843039829686616837e-01
8.525000000000000000e+02 5.258930212172916452e-01 4.741069787827539850e-01
8.550000000000000000e+02 7.264921375088080335e-01 2.735078624912402612e-01
8.575000000000000000e+02 8.064040653806148207e-01 1.935959346194299768e-01
8.600000000000000000e+02 7.185337322689292483e-01 2.814662677311161598e-01
8.625000000000000000e+02 5.096266414755494800e-01 4.903733585244938187e-01
8.650000000000000000e+02 2.975952323771708929e-01 7.024047676228797332e-01
8.675000000000000000e+02 1.963885545283886036e-01 8.036114454716628552e-01
8.700000000000000000e+02 2.646398499767981249e-01 7.353601500232512800e-01
8.725000000000000000e+02 4.694428660919266472e-01 5.305571339081218696e-01
8.750000000000000000e+02 6.993916273361807656e-01 3.006083726638693610e-01
8.775000000000000000e+02 8.322935169708801650e-01 1.677064830291763453e-01
8.800000000000000000e+02 7.893352644318971656e-01 2.106647355681574574e-01
8.825000000000000000e+02 5.866638779647211921e-01 4.133361220353286014e-01
8.850000000000000000e+02 3.335912796448117779e-01 6.664087203552400140e-01
8.875000000000000000e+02 1.661257788859225037e-01 8.338742211141290106e-01
8.900000000000000000e+02 1.835214101088811778e-01 8.164785898911741668e-01
8.925000000000000000e+02 3.817141385897782624e-01 6.182858614102769712e-01
8.950000000000000000e+02 6.508284937816820603e-01 3.491715062183735618e-01
8.975000000000000000e+02 8.448129551234375700e-01 1.551870448766170529e-01
9.000000000000000000e+02 8.513671379558658270e-01 1.486328620441905168e-01
9.025000000000000000e+02 6.650535896401568170e-01 3.349464103599010811e-01
9.050000000000000000e+02 3.901318878032136728e-01 6.098681121968454466e-01
9.075000000000000000e+02 1.733516164154152439e-01 8.266483835846425432e-01
9.100000000000000000e+02 1.366210590316096762e-01 8.633789409684536897e-01
9.125000000000000000e+02 3.011803369947579356e-01 6.988196630053045144e-01
9.150000000000000000e+02 5.784499221172169081e-01 4.215500778828471518e-01
9.175000000000000000e+02 8.247802467988282205e-01 1.752197532012459424e-01
9.200000000000000000e+02 9.030896463459689993e-01 9.691035365409576829e-02
9.225000000000000000e+02 7.677917430452791958e-01 2.322082569547881947e-01
9.250000000000000000e+02 4.882108063302558199e-01 5.117891936698062416e-01
9.275000000000000000e+02 2.086684042717528165e-01 7.913315957283113544e-01
9.300000000000000000e+02 8.641441115969551723e-02 9.135855888403673353e-01
9.325000000000000000e+02 1.912693088148834653e-01 8.087306911851793734e-01
9.350000000000000000e+02 4.690403590591880056e-01 5.309596409408767759e-01
9.375000000000000000e+02 7.729078188456721676e-01 2.270921811543827606e-01
9.400000000000000000e+02 9.303590452645900122e-01 6.964095473547221582e-02
9.425000000000000000e+02 8.546437469687885313e-01 1.453562530312743351e-01
9.450000000000000000e+02 5.867888478961921228e-01 4.132111521038704383e-01
9.475000000000000000e+02 2.692564271673958398e-01 7.307435728326647784e-01
9.500000000000000000e+02 7.974264249980664299e-02 9.202573575002612749e-01
9.525000000000000000e+02 1.188685575713152726e-01 8.811314424287447489e-01
9.550000000000000000e+02 3.659277902621913547e-01 6.340722097378677091e-01
9.575000000000000000e+02 6.931404864451868875e-01 3.068595135548727315e-01
9.600000000000000000e+02 9.217038270417786672e-01 7.829617295828197876e-02
9.625000000000000000e+02 9.316536026509080193e-01 6.834639734915523568e-02
9.650000000000000000e+02 7.142497153375790830e-01 2.857502846624841442e-01
9.675000000000000000e+02 3.790174262981496622e-01 6.209825737019142311e-01
9.700000000000000000e+02 1.091173353822640080e-01 8.908826646178004127e-01
9.725000000000000000e+02 4.826570351039217999e-02 9.517342964896672308e-01
9.750000000000000000e+02 2.343834551872580052e-01 7.656165448128018358e-01
9.775000000000000000e+02 5.723036457676178301e-01 4.276963542324428991e-01
9.800000000000000000e+02 8.736406181453035824e-01 1.263593818547484593e-01
9.825000000000000000e+02 9.761686907448241524e-01 2.383130925522935345e-02
9.850000000000000000e+02 8.204053213431841129e-01 1.795946786568652087e-01
9.875000000000000000e+02 4.885080018006640601e-01 5.114919981993915066e-01
9.900000000000000000e+02 1.662732954078119385e-01 8.337267045922441833e-01
9.925000000000000000e+02 2.443743602300882736e-02 9.755625639770483248e-01
9.950000000000000000e+02 1.413198648911999644e-01 8.586801351088541034e-01
9.975000000000000000e+02 4.553230996781122419e-01 5.446769003219456007e-01
1.000000000000000000e+03 7.942482884840853519e-01 2.057517115159729626e-01
1.002500000000000000e+03 9.827779166088858043e-01 1.722208339117536555e-02
1.005000000000000000e+03 9.178423921191515289e-01 8.215760788091477917e-02
1.007500000000000000e+03 6.316079071687200619e-01 3.683920928313397791e-01
1.010000000000000000e+03 2.787181538499636235e-01 7.212818461500987155e-01
1.012500000000000000e+03 4.225816362757181532e-02 9.577418363724934380e-01
1.015000000000000000e+03 5.410625126671317342e-02 9.458937487333509697e-01
1.017500000000000000e+03 3.109464319888570749e-01 6.890535680112055417e-01
1.020000000000000000e+03 6.720578616964744123e-01 3.279421383035901472e-01
1.022500000000000000e+03 9.459799113868909703e-01 5.402008861317501159e-02
1.025000000000000000e+03 9.780374736426225013e-01 2.196252635744388657e-02
1.027500000000000000e+03 7.500118614217551327e-01 2.499881385783116750e-01
1.030000000000000000e+03 3.895656705010112075e-01 6.104343294990554059e-01
1.032500000000000000e+03 8.847613728442448033e-02 9.115238627156437845e-01
1.035000000000000000e+03 1.393595899355767886e-02 9.860640410065119044e-01
1.037500000000000000e+03 2.035175293835748411e-01 7.964824706164872481e-01
1.040000000000000000e+03 5.509537248035818457e-01 4.490462751964805488e-01
1.042500000000000000e+03 8.749472333372912969e-01 1.250527666627676004e-01
1.045000000000000000e+03 9.995751660870987321e-01 4.248339129642528115e-04
1.047500000000000000e+03 8.619215996925297940e-01 1.380784003075299637e-01
1.050000000000000000e+03 5.375597985005745594e-01 4.624402014994856147e-01
1.052500000000000000e+03 1.939115867672153715e-01 8.060884132328478557e-01
1.055000000000000000e+03 1.872512128837004741e-02 9.812748787116936100e-01
1.057500000000000000e+03 1.040994200240709100e-01 8.959005799759897082e-01
1.060000000000000000e+03 4.043084416366476974e-01 5.956915583634143641e-01
1.062500000000000000e+03 7.620120764107938260e-01 2.379879235892672640e-01
1.065000000000000000e+03 9.774867645427858243e-01 2.251323545727146325e-02
1.067500000000000000e+03 9.353639618628586394e-01 6.463603813720661395e-02
1.070000000000000000e+03 6.590361311238059905e-01 3.409638688762545722e-01
1.072500000000000000e+03 2.962382352203919988e-01 7.037617647796744480e-01
1.075000000000000000e+03 5.009479347092236218e-02 9.499052065291420099e-01
1.077500000000000000e+03 4.944765905218607982e-02 9.505523409478868757e-01
1.080000000000000000e+03 2.915844888468051010e-01 7.084155111532663973e-01
1.082500000000000000e+03 6.467929228926855290e-01 3.532070771073848037e-01
1.085000000000000000e+03 9.195812000084995219e-01 8.041879999156854864e-02
1.087500000000000000e+03 9.708263575760067710e-01 2.917364242407214162e-02
1.090000000000000000e+03 7.760130350327731907e-01 2.239869649673004171e-01
1.092500000000000000e+03 4.381266004339429143e-01 5.618733995661309155e-01
1.095000000000000000e+03 1.417750079900284566e-01 8.582249920100467611e-01
1.097500000000000000e+03 3.993555525105717263e-02 9.600644447490180866e-01
1.100000000000000000e+03 1.880091831366121902e-01 8.119908168634651924e-01
1.102500000000000000e+03 5.084865297702603204e-01 4.915134702298151748e-01
1.105000000000000000e+03 8.236385130142505062e-01 1.763614869858333711e-01
1.107500000000000000e+03 9.662607035839093639e-01 3.373929641617451347e-02
1.110000000000000000e+03 8.563960590757145885e-01 1.436039409243691778e-01
1.112500000000000000e+03 5.532558568921143172e-01 4.467441431079668956e-01
1.115000000000000000e+03 2.279382489485683727e-01 7.720617510515096482e-01
1.117500000000000000e+03 5.350621934053981926e-02 9.464937806595390413e-01
1.120000000000000000e+03 1.248031586712964464e-01 8.751968413287780635e-01
1.122500000000000000e+03 3.997724480554363802e-01 6.002275519446408358e-01
1.125000000000000000e+03 7.228543061464858255e-01 2.771456938535905579e-01
1.127500000000000000e+03 9.254036249094137467e-01 7.459637509066663341e-02
1.130000000000000000e+03 9.003514773212135669e-01 9.964852267886627202e-02
1.132500000000000000e+03 6.659855311712705728e-01 3.340144688288073649e-01
1.135000000000000000e+03 3.536210438370359643e-01 6.463789561630401970e-01
1.137500000000000000e+03 1.253459048758986394e-01 8.746540951241796868e-01
1.140000000000000000e+03 1.043806740933982263e-01 8.956193259066796974e-01
1.142500000000000000e+03 2.998110546967188150e-01 7.001889453033611765e-01
1.145000000000000000e+03 6.027711040596139824e-01 3.972288959404624564e-01
1.147500000000000000e+03 8.532002619389866815e-01 1.467997380610958635e-01
1.150000000000000000e+03 9.113166021019447616e-01 8.868339789813423080e-02
1.152500000000000000e+03 7.466896000435516711e-01 2.533103999565263775e-01
1.155000000000000000e+03 4.531163397338223708e-01 5.468836602662571211e-01
1.157500000000000000e+03 1.888078799809269348e-01 8.111921200191505310e-01
1.160000000000000000e+03 1.016720864368800964e-01 8.983279135632021850e-01
1.162500000000000000e+03 2.345215795502538225e-01 7.654784204498331635e-01
1.165000000000000000e+03 5.079725999224535826e-01 4.920274000776300172e-01
1.167500000000000000e+03 7.741994090460011524e-01 2.258005909540777012e-01
1.170000000000000000e+03 8.871635878282047027e-01 1.128364121718772595e-01
1.172500000000000000e+03 7.934544413400970164e-01 2.065455586599821702e-01
1.175000000000000000e+03 5.510096486378078806e-01 4.489903513622721665e-01
1.177500000000000000e+03 2.895705523575319296e-01 7.104294476425518923e-01
1.180000000000000000e+03 1.519193927513260434e-01 8.480806072487612202e-01
1.182500000000000000e+03 2.067671794431798216e-01 7.932328205569030288e-01
1.185000000000000000e+03 4.210564191012460267e-01 5.789435808988403487e-01
1.187500000000000000e+03 6.807423840003832272e-01 3.192576159997031482e-01
1.190000000000000000e+03 8.410615545710946606e-01 1.589384454289969884e-01
1.192500000000000000e+03 8.171251589574822782e-01 1.828748410426077053e-01
1.195000000000000000e+03 6.233521961813324186e-01 3.766478038187552890e-01
1.197500000000000000e+03 3.652813792204716581e-01 6.347186207796156054e-01
1.200000000000000000e+03 1.899298021332375130e-01 8.100701978668545244e-01
1.202500000000000000e+03 1.904737956635275120e-01 8.095262043365678561e-01
1.205000000000000000e+03 3.624977727592623711e-01 6.375022272408293889e-01
1.207500000000000000e+03 6.085851010147146356e-01 3.914148989853755145e-01
1.210000000000000000e+03 7.880267782057641668e-01 2.119732217943256225e-01
1.212500000000000000e+03 8.081626473743677153e-01 1.918373526257241002e-01
1.215000000000000000e+03 6.644640209257469676e-01 3.355359790743419057e-01
1.217500000000000000e+03 4.393164844940472546e-01 5.606835155060452269e-01
1.220000000000000000e+03 2.600013008730955866e-01 7.399986991269952297e-01
1.222500000000000000e+03 2.187202421345530445e-01 7.812797578655364950e-01
1.225000000000000000e+03 3.342992301068130612e-01 6.657007698932750905e-01
1.227500000000000000e+03 5.426998459292552424e-01 4.573001540708339641e-01
1.230000000000000000e+03 7.267793593388404139e-01 2.732206406612480709e-01
1.232500000000000000e+03 7.888201484410093389e-01 2.111798515590821157e-01
1.235000000000000000e+03 6.944564376870482336e-01 3.055435623130389744e-01
1.237500000000000000e+03 4.953677193272559842e-01 5.046322806728331667e-01
1.240000000000000000e+03 3.060900125269150340e-01 6.939099874731700091e-01
1.242500000000000000e+03 2.303672571686192494e-01 7.696327428314673202e-01
1.245000000000000000e+03 3.104672614819353194e-01 6.895327385181517776e-01
1.247500000000000000e+03 4.991343501163364449e-01 5.008656498837535942e-01
1.250000000000000000e+03 6.842670730045707916e-01 3.157329269955136963e-01
1.252500000000000000e+03 7.638534727754540121e-01 2.361465272246330571e-01
1.255000000000000000e+03 6.958252727912669355e-01 3.041747272088204390e-01
1.257500000000000000e+03 5.231620001763781502e-01 4.768379998237082806e-01
1.260000000000000000e+03 3.485588410114452973e-01 6.514411589886418552e-01
1.262500000000000000e+03 2.664912474059321079e-01 7.335087525941540454e-01
1.265000000000000000e+03 3.201319946442674480e-01 6.798680053558164849e-01
1.267500000000000000e+03 4.768873062378883865e-01 5.231126937621985995e-01
1.270000000000000000e+03 6.464842680065436831e-01 3.535157319935415821e-01
1.272500000000000000e+03 7.379264347414388192e-01 2.620735652586418940e-01
1.275000000000000000e+03 6.998949411289356881e-01 3.001050588711501321e-01
1.277500000000000000e+03 5.529119369036044063e-01 4.470880630964817470e-01
1.280000000000000000e+03 3.810211297393663599e-01 6.189788702607171844e-01
1.282500000000000000e+03 2.793114817891063084e-01 7.206885182109742383e-01
1.285000000000000000e+03 3.081438942857731567e-01 6.918561057143037818e-01
1.287500000000000000e+03 4.521175751215556482e-01 5.478824248785216788e-01
1.290000000000000000e+03 6.257588428809441883e-01 3.742411571191353037e-01
1.292500000000000000e+03 7.296687470026741451e-01 2.703312529974032374e-01
1.295000000000000000e+03 7.017601601196168382e-01 2.982398398804566031e-01
1.297500000000000000e+03 5.590433207475371535e-01 4.409566792525431156e-01
1.300000000000000000e+03 3.878843317678454805e-01 6.121156682322328457e-01
1.302500000000000000e+03 2.853834750639602236e-01 7.146165249361192684e-01
1.305000000000000000e+03 3.106554559315419239e-01 6.893445440685370684e-01
1.307500000000000000e+03 4.478240927540069194e-01 5.521759072460732387e-01
1.310000000000000000e+03 6.164861435704442894e-01 3.835138564296348695e-01
1.312500000000000000e+03 7.245453445098691825e-01 2.754546554902095323e-01
1.315000000000000000e+03 7.106100467452950431e-01 2.893899532547834497e-01
1.317500000000000000e+03 5.816619246426963930e-01 4.183380753573832100e-01
1.320000000000000000e+03 4.100026292505825065e-01 5.899973707494963193e-01
1.322500000000000000e+03 2.888666296036490611e-01 7.111333703964328734e-01
1.325000000000000000e+03 2.900269263981783974e-01 7.099730736019055355e-01
1.327500000000000000e+03 4.167040894731710576e-01 5.832959105269089894e-01
1.330000000000000000e+03 5.980989004253688401e-01 4.019010995747103188e-01
1.332500000000000000e+03 7.327091044165543465e-01 2.672908955835263667e-01
1.335000000000000000e+03 7.380077187672735572e-01 2.619922812328072115e-01
1.337500000000000000e+03 6.068701611883999814e-01 3.931298388116799547e-01
1.340000000000000000e+03 4.144235072124358155e-01 5.855764927876432324e-01
1.342500000000000000e+03 2.691512287448037388e-01 7.308487712552733662e-01
1.345000000000000000e+03 2.580503349707230498e-01 7.419496650293561091e-01
1.347500000000000000e+03 3.887978918040655985e-01 6.112021081960127278e-01
1.350000000000000000e+03 5.861624018895433830e-01 4.138375981105351653e-01
1.352500000000000000e+03 7.420203343577620458e-01 2.579796656423171686e-01
1.355000000000000000e+03 7.671441900517388390e-01 2.328558099483343802e-01
1.357500000000000000e+03 6.472546156711087573e-01 3.527453843289690694e-01
1.360000000000000000e+03 4.487560453227014690e-01 5.512439546773766352e-01
1.362500000000000000e+03 2.770703006949400415e-01 7.229296993051435027e-01
1.365000000000000000e+03 2.301310632194964734e-01 7.698689367805858774e-01
1.367500000000000000e+03 3.371234583151917485e-01 6.628765416848879655e-01
1.370000000000000000e+03 5.422894186371054470e-01 4.577105813629739339e-01
1.372500000000000000e+03 7.369178686691518765e-01 2.630821313309325005e-01
1.375000000000000000e+03 8.072915716054418489e-01 1.927084283946378096e-01
1.377500000000000000e+03 7.087109565289386737e-01 2.912890434711478682e-01
1.380000000000000000e+03 4.918734418981660084e-01 5.081265581019127620e-01
1.382500000000000000e+03 2.733704306640855064e-01 7.266295693359978713e-01
1.385000000000000000e+03 1.809132768819977644e-01 8.190867231180849473e-01
1.387500000000000000e+03 2.689065917894989388e-01 7.310934082105873255e-01
1.390000000000000000e+03 4.897235256400496728e-01 5.102764743600293196e-01
1.392500000000000000e+03 7.242114869155991119e-01 2.757885130844787702e-01
1.395000000000000000e+03 8.386715272798899168e-01 1.613284727201939606e-01
1.397500000000000000e+03 7.707522372763795371e-01 2.292477627237033966e-01
1.400000000000000000e+03 5.576860238721919050e-01 4.423139761278894744e-01
1.402500000000000000e+03 3.118046918292605718e-01 6.881953081708209741e-01
1.405000000000000000e+03 1.701486699413001513e-01 8.298513300587848640e-01
1.407500000000000000e+03 2.096553119442710611e-01 7.903446880558128163e-01
1.410000000000000000e+03 4.124249329489859672e-01 5.875750670511046270e-01
1.412500000000000000e+03 6.751115979509347831e-01 3.248884020491485947e-01
1.415000000000000000e+03 8.515504287328562461e-01 1.484495712672296297e-01
1.417500000000000000e+03 8.434789594277735114e-01 1.565210405723134746e-01
1.420000000000000000e+03 6.484605836560561887e-01 3.515394163440337949e-01
1.422500000000000000e+03 3.655614152418606433e-01 6.344385847582298954e-01
1.425000000000000000e+03 1.538221814154860922e-01 8.461778185846051681e-01
1.427500000000000000e+03 1.305272216768722515e-01 8.694727783232172325e-01
1.430000000000000000e+03 3.131696538783892425e-01 6.868303461216995753e-01
1.432500000000000000e+03 6.060120185467789966e-01 3.939879814533107649e-01
1.435000000000000000e+03 8.438529030811643405e-01 1.561470969189200919e-01
1.437500000000000000e+03 8.984917134342559342e-01 1.015082865658272770e-01
1.440000000000000000e+03 7.385816908450875129e-01 2.614183091549986959e-01
1.442500000000000000e+03 4.485958098540148153e-01 5.514041901460717821e-01
1.445000000000000000e+03 1.895453861092897541e-01 8.104546138907956498e-01
1.447500000000000000e+03 9.805469500649321990e-02 9.019453049935982625e-01
1.450000000000000000e+03 2.264510119427848578e-01 7.735489880573021004e-01
1.452500000000000000e+03 5.106202430202488873e-01 4.893797569798388203e-01
1.455000000000000000e+03 7.962804256123129365e-01 2.037195743877754928e-01
1.457500000000000000e+03 9.329577824256618523e-01 6.704221757442108132e-02
1.460000000000000000e+03 8.404210494430071066e-01 1.595789505570804900e-01
1.462500000000000000e+03 5.612770189272272559e-01 4.387229810728631163e-01
1.465000000000000000e+03 2.471281728110110154e-01 7.528718271890797453e-01
1.467500000000000000e+03 6.518955999820084946e-02 9.348104400018906190e-01
1.470000000000000000e+03 1.209704382083561375e-01 8.790295617917291970e-01
1.472500000000000000e+03 3.884519753294164435e-01 6.115480246706720413e-01
1.475000000000000000e+03 7.190000660831856738e-01 2.809999339169029775e-01
1.477500000000000000e+03 9.359028664638906481e-01 6.409713353619776732e-02
1.480000000000000000e+03 9.169552038758677082e-01 8.304479612421694634e-02
1.482500000000000000e+03 6.722645846377700574e-01 3.277354153623098232e-01
1.485000000000000000e+03 3.384768552850743184e-01 6.615231447150106137e-01
1.487500000000000000e+03 9.146107768435365881e-02 9.085389223157263050e-01
1.490000000000000000e+03 6.763485102141866823e-02 9.323651489786549673e-01
1.492500000000000000e+03 2.801930616130711704e-01 7.198069383870046023e-01
1.495000000000000000e+03 6.141031473807883057e-01 3.858968526192934623e-01
1.497500000000000000e+03 8.969081992095631062e-01 1.030918007905137074e-01
1.500000000000000000e+03 9.724511830918539657e-01 2.754881690822768778e-02
1.502500000000000000e+03 7.975769905754495070e-01 2.024230094246300127e-01
1.505000000000000000e+03 4.642089828384450279e-01 5.357910171616306894e-01
1.507500000000000000e+03 1.450235775857093290e-01 8.549764224143706626e-01
1.510000000000000000e+03 1.821659158786279042e-02 9.817834084122184501e-01
1.512500000000000000e+03 1.539477223667599648e-01 8.460522776333228023e-01
1.515000000000000000e+03 4.789219122106459503e-01 5.210780877894301000e-01
1.517500000000000000e+03 8.210176882411632793e-01 1.789823117589070534e-01
1.520000000000000000e+03 9.882935399336895133e-01 1.170646006638546496e-02
1.522500000000000000e+03 8.919033574149954902e-01 1.080966425850839741e-01
1.525000000000000000e+03 5.866781920992962807e-01 4.133218079007817680e-01
1.527500000000000000e+03 2.349345877586686004e-01 7.650654122414006775e-01
1.530000000000000000e+03 3.150415219146877888e-02 9.684958478086040934e-01
1.532500000000000000e+03 8.193372974759291494e-02 9.180662702524788887e-01
1.535000000000000000e+03 3.578022124097241519e-01 6.421977875903539523e-01
1.537500000000000000e+03 7.160993567293564288e-01 2.839006432707184557e-01
1.540000000000000000e+03 9.616665429036296286e-01 3.833345709645129273e-02
1.542500000000000000e+03 9.667906152700560529e-01 3.320938473001648628e-02
1.545000000000000000e+03 7.265555281044773217e-01 2.734444718955945652e-01
1.547500000000000000e+03 3.634021807018126271e-01 6.365978192982615358e-01
1.550000000000000000e+03 7.614315985296281342e-02 9.238568401471118907e-01
1.552500000000000000e+03 1.655767216320155541e-02 9.834423278368760180e-01
1.555000000000000000e+03 2.196769019870180861e-01 7.803230980130601013e-01
1.557500000000000000e+03 5.792060407814692002e-01 4.207939592186051847e-01
1.560000000000000000e+03 8.942569499054140447e-01 1.057430500946599794e-01
1.562500000000000000e+03 9.972120102059575109e-01 2.787989794117802164e-03
1.565000000000000000e+03 8.315062151118234324e-01 1.684937848882503419e-01
1.567500000000000000e+03 4.870299560023320651e-01 5.129700439977397108e-01
1.570000000000000000e+03 1.568274804802780031e-01 8.431725195197942169e-01
1.572500000000000000e+03 1.402437290318281349e-02 9.859756270968901282e-01
1.575000000000000000e+03 1.350869955614764639e-01 8.649130044385936467e-01
1.577500000000000000e+03 4.546535944058982537e-01 5.453464055941663613e-01
1.580000000000000000e+03 7.972287543396882059e-01 2.027712456603840419e-01
1.582500000000000000e+03 9.863255540631548079e-01 1.367444593691641633e-02
1.585000000000000000e+03 9.197030405517537810e-01 8.029695944831682919e-02
1.587500000000000000e+03 6.316543129079800201e-01 3.683456870920841508e-01
1.590000000000000000e+03 2.788666430059566492e-01 7.211333569941157373e-01
1.592500000000000000e+03 4.468576604991286727e-02 9.553142339501604630e-01
1.595000000000000000e+03 5.871464480419454068e-02 9.412853551958829668e-01
1.597500000000000000e+03 3.142349052379869723e-01 6.857650947620920201e-01
1.600000000000000000e+03 6.690289983027550846e-01 3.309710016973289037e-01
1.602500000000000000e+03 9.343659946964879559e-01 6.563400530359285445e-02
1.605000000000000000e+03 9.620966699765804986e-01 3.790333002350311509e-02
1.607500000000000000e+03 7.394548897735271353e-01 2.605451102265511354e-01
1.610000000000000000e+03 3.935917815484821780e-01 6.064082184515976470e-01
1.612500000000000000e+03 1.089329685425596966e-01 8.910670314575231954e-01
1.615000000000000000e+03 4.187099277145947540e-02 9.581290072286251513e-01
1.617500000000000000e+03 2.237143719207246861e-01 7.762856280793635211e-01
1.620000000000000000e+03 5.509576397883904075e-01 4.490423602116939694e-01
1.622500000000000000e+03 8.526243172809920834e-01 1.473756827190922103e-01
1.625000000000000000e+03 9.657500305637847227e-01 3.424996943630198576e-02
1.627500000000000000e+03 8.344905129941461164e-01 1.655094870059377887e-01
1.630000000000000000e+03 5.320656879015517315e-01 4.679343120985376969e-01
1.632500000000000000e+03 2.154931420426186572e-01 7.845068579574685508e-01
1.635000000000000000e+03 5.797794436679883090e-02 9.420220556332828954e-01
1.637500000000000000e+03 1.414314066987334972e-01 8.585685933013421645e-01
1.640000000000000000e+03 4.190380218841647242e-01 5.809619781159112151e-01
1.642500000000000000e+03 7.430972773434971757e-01 2.569027226565826494e-01
1.645000000000000000e+03 9.318752530387621746e-01 6.812474696131756713e-02
1.647500000000000000e+03 8.857158801264435333e-01 1.142841198736358338e-01
1.650000000000000000e+03 6.332372094706787413e-01 3.667627905293996404e-01
1.652500000000000000e+03 3.120209341797867686e-01 6.879790658202945552e-01
1.655000000000000000e+03 1.024789366958828163e-01 8.975210633041978969e-01
1.657500000000000000e+03 1.126230690891320274e-01 8.873769309109447168e-01
1.660000000000000000e+03 3.316562364586816969e-01 6.683437635413991273e-01
1.662500000000000000e+03 6.405950180766719626e-01 3.594049819234130805e-01
1.665000000000000000e+03 8.692363474422061254e-01 1.307636525578706466e-01
1.667500000000000000e+03 9.020808048053587935e-01 9.791919519472075395e-02
1.670000000000000000e+03 7.255868269619567545e-01 2.744131730381229595e-01
1.672500000000000000e+03 4.341792921454085685e-01 5.658207078546693136e-01
1.675000000000000000e+03 1.878832887894982540e-01 8.121167112105800445e-01
1.677500000000000000e+03 1.139880594408818060e-01 8.860119405591990738e-01
1.680000000000000000e+03 2.517538449817501300e-01 7.482461550183295840e-01
1.682500000000000000e+03 5.270869760735314991e-01 4.729130239265525448e-01
1.685000000000000000e+03 7.851022785714873997e-01 2.148977214285969217e-01
1.687500000000000000e+03 8.879070489938567512e-01 1.120929510062244616e-01
1.690000000000000000e+03 7.790371925807307862e-01 2.209628074193497049e-01
1.692500000000000000e+03 5.199391783589391025e-01 4.800608216411438867e-01
1.695000000000000000e+03 2.594867499810329936e-01 7.405132500190523270e-01
1.697500000000000000e+03 1.369492515158178825e-01 8.630507484842618871e-01
1.700000000000000000e+03 2.170687215174028073e-01 7.829312784826780725e-01
1.702500000000000000e+03 4.513087913452960009e-01 5.486912086547904854e-01
1.705000000000000000e+03 7.054582783642324717e-01 2.945417216358540702e-01
1.707500000000000000e+03 8.467516739805387438e-01 1.532483260195466324e-01
1.710000000000000000e+03 8.022074597042238020e-01 1.977925402958634338e-01
1.712500000000000000e+03 6.008437125836842974e-01 3.991562874164041874e-01
1.715000000000000000e+03 3.565640498948974280e-01 6.434359501051902797e-01
1.717500000000000000e+03 1.968508964403233585e-01 8.031491035597667638e-01
1.720000000000000000e+03 2.077998734187189445e-01 7.922001265813698456e-01
1.722500000000000000e+03 3.813441674889040955e-01 6.186558325111867207e-01
1.725000000000000000e+03 6.190065489725208314e-01 3.809934510275670427e-01
1.727500000000000000e+03 7.929711092234614789e-01 2.070288907766262010e-01
1.730000000000000000e+03 8.049587789872544308e-01 1.950412210128363577e-01
1.732500000000000000e+03 6.499548928180295393e-01 3.500451071820623317e-01
1.735000000000000000e+03 4.187951300070954508e-01 5.812048699929918127e-01
1.737500000000000000e+03 2.388169908440568034e-01 7.611830091560334299e-01
1.740000000000000000e+03 2.115470022214831491e-01 7.884529977786063348e-01
1.742500000000000000e+03 3.472080799545376739e-01 6.527919200455503113e-01
1.745000000000000000e+03 5.634082588906619282e-01 4.365917411094231149e-01
1.747500000000000000e+03 7.414500898829081699e-01 2.585499101171814251e-01
1.750000000000000000e+03 7.837361658833619238e-01 2.162638341167257283e-01
1.752500000000000000e+03 6.738948489647508255e-01 3.261051510353394356e-01
1.755000000000000000e+03 4.789014948463380938e-01 5.210985051537482260e-01
1.757500000000000000e+03 3.041857537351884688e-01 6.958142462649001825e-01
1.760000000000000000e+03 2.457146877412515473e-01 7.542853122588357717e-01
1.762500000000000000e+03 3.316848626624251950e-01 6.683151373376640114e-01
1.765000000000000000e+03 5.118010789249652914e-01 4.881989210751233044e-01
1.767500000000000000e+03 6.885373892108801464e-01 3.114626107892100038e-01
1.770000000000000000e+03 7.611000423850121654e-01 2.388999576150822035e-01
1.772500000000000000e+03 6.897336684079872215e-01 3.102663315920951015e-01
1.775000000000000000e+03 5.159038869723120424e-01 4.840961130277792734e-01
1.777500000000000000e+03 3.366353444056293664e-01 6.633646555944615608e-01
1.780000000000000000e+03 2.569603973017962617e-01 7.430396026982960533e-01
1.782500000000000000e+03 3.201032805314963370e-01 6.798967194685927584e-01
1.785000000000000000e+03 4.862055826937803360e-01 5.137944173063110354e-01
1.787500000000000000e+03 6.599200259874768992e-01 3.400799740126088655e-01
1.790000000000000000e+03 7.399193815080217229e-01 2.600806184920669839e-01
1.792500000000000000e+03 6.853873063511910502e-01 3.146126936489000991e-01
1.795000000000000000e+03 5.326930725869835070e-01 4.673069274131061990e-01
1.797500000000000000e+03 3.686448175217281742e-01 6.313551824783594224e-01
1.800000000000000000e+03 2.870733246485540624e-01 7.129266753515285382e-01
1.802500000000000000e+03 3.300557756564661549e-01 6.699442243436188882e-01
1.805000000000000000e+03 4.711634952058083581e-01 5.288365047942771291e-01
1.807500000000000000e+03 6.333423963316444638e-01 3.666576036684414674e-01
1.810000000000000000e+03 7.239387403425798784e-01 2.760612596575052757e-01
1.812500000000000000e+03 6.924975475366930144e-01 3.075024524633948042e-01
1.815000000000000000e+03 5.552323663686983268e-01 4.447676336313886591e-01
1.817500000000000000e+03 3.867573014294339862e-01 6.132426985706513900e-01
1.820000000000000000e+03 2.861529335399407015e-01 7.138470664601441751e-01
1.822500000000000000e+03 3.119382083809572603e-01 6.880617916191303918e-01
1.825000000000000000e+03 4.505802972722823263e-01 5.494197027278062695e-01
1.827500000000000000e+03 6.236167801792622534e-01 3.763832198208296176e-01
1.830000000000000000e+03 7.270180892897507574e-01 2.729819107103372833e-01
1.832500000000000000e+03 7.013197437159370828e-01 2.986802562841542885e-01
1.835000000000000000e+03 5.622585323978396277e-01 4.377414676022528539e-01
1.837500000000000000e+03 3.893547612876769870e-01 6.106452387124166048e-01
1.840000000000000000e+03 2.847128321373696980e-01 7.152871678627228391e-01
1.842500000000000000e+03 3.061657358333554901e-01 6.938342641667372135e-01
1.845000000000000000e+03 4.408771445923608812e-01 5.591228554077322110e-01
1.847500000000000000e+03 6.153766767078849842e-01 3.846233232922093848e-01
1.850000000000000000e+03 7.303915264003805197e-01 2.696084735997187343e-01
1.852500000000000000e+03 7.228401390515243330e-01 2.771598609485691478e-01
1.855000000000000000e+03 5.944419372950126013e-01 4.055580627050808795e-01
1.857500000000000000e+03 4.118234665113007509e-01 5.881765334887951724e-01
1.860000000000000000e+03 2.787084384705978968e-01 7.212915615294940297e-01
1.862500000000000000e+03 2.708507468057147483e-01 7.291492531943801758e-01
1.865000000000000000e+03 3.977627832557650844e-01 6.022372167443332813e-01
1.867500000000000000e+03 5.929671491053324361e-01 4.070328508947673729e-01
1.870000000000000000e+03 7.425736329478226372e-01 2.574263670522714542e-01
1.872500000000000000e+03 7.596883125368517620e-01 2.403116874632465483e-01
1.875000000000000000e+03 6.301356025188482590e-01 3.698643974812483304e-01
1.877500000000000000e+03 4.238015920274014192e-01 5.761984079727002772e-01
1.880000000000000000e+03 2.611350704812073209e-01 7.388649295188911559e-01
1.882500000000000000e+03 2.336250383317802493e-01 7.663749616683208643e-01
1.885000000000000000e+03 3.587737354276194779e-01 6.412262645724784438e-01
1.887500000000000000e+03 5.695927011694036368e-01 4.304072988306933967e-01
1.890000000000000000e+03 7.469440575020719342e-01 2.530559424980309835e-01
1.892500000000000000e+03 7.954184623774099849e-01 2.045815376226880755e-01
1.895000000000000000e+03 6.861664718396588425e-01 3.138335281604373028e-01
1.897500000000000000e+03 4.745707339903210698e-01 5.254292660097765744e-01
1.900000000000000000e+03 2.771037580596710237e-01 7.228962419404272310e-01
1.902500000000000000e+03 2.000977140242138075e-01 7.999022859758844195e-01
1.905000000000000000e+03 2.914901835065544233e-01 7.085098164935436094e-01
1.907500000000000000e+03 5.079445759280732942e-01 4.920554240720241834e-01
1.910000000000000000e+03 7.295148797224377812e-01 2.704851202776618058e-01
1.912500000000000000e+03 8.338937764175727851e-01 1.661062235825287448e-01
1.915000000000000000e+03 7.556010212022681305e-01 2.443989787978329276e-01
1.917500000000000000e+03 5.315752945182025124e-01 4.684247054818924116e-01
1.920000000000000000e+03 2.877632188294009796e-01 7.122367811707023266e-01
1.922500000000000000e+03 1.581714556332811106e-01 8.418285443668156454e-01
1.925000000000000000e+03 2.196057517743623122e-01 7.803942482257344437e-01
1.927500000000000000e+03 4.413068591049391087e-01 5.586931408951547606e-01
1.930000000000000000e+03 6.991268214212233989e-01 3.008731785788767432e-01
1.932500000000000000e+03 8.555245121247896378e-01 1.444754878753053695e-01
1.935000000000000000e+03 8.225940684019017457e-01 1.774059315981999785e-01
1.937500000000000000e+03 6.164259523646898886e-01 3.835740476354094763e-01
1.940000000000000000e+03 3.495920938793303789e-01 6.504079061207690415e-01
1.942500000000000000e+03 1.616529339976646718e-01 8.383470660024343601e-01
1.945000000000000000e+03 1.587042722543661466e-01 8.412957277457276950e-01
1.947500000000000000e+03 3.470009847553784388e-01 6.529990152447165963e-01
1.950000000000000000e+03 6.264055591095374353e-01 3.735944408905624847e-01
1.952500000000000000e+03 8.498123627079248177e-01 1.501876372921699121e-01
1.955000000000000000e+03 8.882098837812715253e-01 1.117901162188277980e-01
1.957500000000000000e+03 7.144295750836032743e-01 2.855704249164915387e-01
1.960000000000000000e+03 4.211720386902224056e-01 5.788279613098744614e-01
1.962500000000000000e+03 1.645512041637776091e-01 8.354487958363246980e-01
1.965000000000000000e+03 9.164657271723952725e-02 9.083534272828552858e-01
1.967500000000000000e+03 2.447241325710911020e-01 7.552758674290098728e-01
1.970000000000000000e+03 5.396348328122035909e-01 4.603651671878913332e-01
1.972500000000000000e+03 8.197766032379887324e-01 1.802233967621080790e-01
1.975000000000000000e+03 9.287487167293723145e-01 7.125128327071991730e-02
1.977500000000000000e+03 8.090522163917006626e-01 1.909477836084012281e-01
1.980000000000000000e+03 5.267047865098918313e-01 4.732952134902084218e-01
1.982500000000000000e+03 2.289339813362043230e-01 7.710660186638937930e-01
1.985000000000000000e+03 7.961718937124710738e-02 9.203828106288531874e-01
1.987500000000000000e+03 1.585586226510477537e-01 8.414413773490462267e-01
1.990000000000000000e+03 4.258645722285694935e-01 5.741354277715253751e-01
1.992500000000000000e+03 7.446814662222778214e-01 2.553185337778163255e-01
1.995000000000000000e+03 9.384258003047065699e-01 6.157419969538867333e-02
1.997500000000000000e+03 9.006587875169942414e-01 9.934121248309900343e-02
2.000000000000000000e+03 6.464512799107263730e-01 3.535487200893691062e-01
