0.000000000000000000e+00 0.000000000000000000e+00
2.500000000000000000e+00 5.590543699616387890e-06
5.000000000000000000e+00 7.160890642191622630e-05
7.500000000000000000e+00 2.582555737310662227e-04
1.000000000000000000e+01 4.960763384584787172e-04
1.250000000000000000e+01 6.288241448616559235e-04
1.500000000000000000e+01 5.708464675381929102e-04
1.750000000000000000e+01 4.084500571153492688e-04
2.000000000000000000e+01 3.026871406430541121e-04
2.250000000000000000e+01 3.162977015052322646e-04
2.500000000000000000e+01 3.818601509053233187e-04
2.750000000000000000e+01 4.161270350793723179e-04
3.000000000000000000e+01 4.252223202010169080e-04
3.250000000000000000e+01 4.712665592766625495e-04
3.500000000000000000e+01 5.528753249246867469e-04
3.750000000000000000e+01 5.914712788446567721e-04
4.000000000000000000e+01 5.523458319620429702e-04
4.250000000000000000e+01 5.340569935785233679e-04
4.500000000000000000e+01 6.651625605399894914e-04
4.750000000000000000e+01 9.294632920798231654e-04
5.000000000000000000e+01 1.141475585269060731e-03
5.250000000000000000e+01 1.142855422415325504e-03
5.500000000000000000e+01 9.523142083862118270e-04
5.750000000000000000e+01 7.227550750718331370e-04
6.000000000000000000e+01 5.826993099676974503e-04
6.250000000000000000e+01 5.411453268636953274e-04
6.500000000000000000e+01 5.654236132489598703e-04
6.750000000000000000e+01 6.623494646742006040e-04
7.000000000000000000e+01 8.494969687190566171e-04
7.250000000000000000e+01 1.067796443679366880e-03
7.500000000000000000e+01 1.165991402965574656e-03
7.750000000000000000e+01 1.053069190995078704e-03
8.000000000000000000e+01 8.174817790767374779e-04
8.250000000000000000e+01 6.505722141798293400e-04
8.500000000000000000e+01 6.532487093787612891e-04
8.750000000000000000e+01 7.334184902827212181e-04
9.000000000000000000e+01 7.389681156402223361e-04
9.250000000000000000e+01 6.362767854073731084e-04
9.500000000000000000e+01 5.154920128344549516e-04
9.750000000000000000e+01 4.451114317769187313e-04
1.000000000000000000e+02 4.042486952693921448e-04
1.025000000000000000e+02 3.526488106857404367e-04
1.050000000000000000e+02 3.288073295766103313e-04
1.075000000000000000e+02 4.109257794575728404e-04
1.100000000000000000e+02 5.883892536608521231e-04
1.125000000000000000e+02 7.246545973003869169e-04
1.150000000000000000e+02 6.729025601868146491e-04
1.175000000000000000e+02 4.397624111465108345e-04
1.200000000000000000e+02 1.866922131419560915e-04
1.225000000000000000e+02 4.859322095584149413e-05
1.250000000000000000e+02 2.156458797444644308e-05
1.275000000000000000e+02 2.106875250141818456e-05
1.300000000000000000e+02 3.585114826103930925e-05
1.325000000000000000e+02 1.346617253209526628e-04
1.350000000000000000e+02 3.260848078234961697e-04
1.375000000000000000e+02 4.981156605712187477e-04
1.400000000000000000e+02 5.198786604261696831e-04
1.425000000000000000e+02 4.014357121035692076e-04
1.450000000000000000e+02 2.841969160456413201e-04
1.475000000000000000e+02 2.795758157382590651e-04
1.500000000000000000e+02 3.602578155806124890e-04
1.525000000000000000e+02 4.171088987562848001e-04
1.550000000000000000e+02 4.005701224082518783e-04
1.575000000000000000e+02 3.694845287637331583e-04
1.600000000000000000e+02 3.886263265652584935e-04
1.625000000000000000e+02 4.298956748584174836e-04
1.650000000000000000e+02 4.267230953709069729e-04
1.675000000000000000e+02 4.071034874448575575e-04
1.700000000000000000e+02 4.928461785589600616e-04
1.725000000000000000e+02 7.410314757641841936e-04
1.750000000000000000e+02 1.023492503801914444e-03
1.775000000000000000e+02 1.144406074520808734e-03
1.800000000000000000e+02 1.029194368819129303e-03
1.825000000000000000e+02 7.925951889888554862e-04
1.850000000000000000e+02 6.068132479658416454e-04
1.875000000000000000e+02 5.370814369359664829e-04
1.900000000000000000e+02 5.510933885727581751e-04
1.925000000000000000e+02 6.168113210529547162e-04
1.950000000000000000e+02 7.499296962587225336e-04
1.975000000000000000e+02 9.469356154693774888e-04
2.000000000000000000e+02 1.103594109864501020e-03
2.025000000000000000e+02 1.095412641886054977e-03
2.050000000000000000e+02 9.230263698384240682e-04
2.075000000000000000e+02 7.445336135854595900e-04
2.100000000000000000e+02 7.200072810357212175e-04
2.125000000000000000e+02 8.286883534064990028e-04
2.150000000000000000e+02 9.043958852405119741e-04
2.175000000000000000e+02 8.346569457313837486e-04
2.200000000000000000e+02 6.689976295514297100e-04
2.225000000000000000e+02 5.220642365857286905e-04
2.250000000000000000e+02 4.410946619876964328e-04
2.275000000000000000e+02 3.905170031195674316e-04
2.300000000000000000e+02 3.626708500921237512e-04
2.325000000000000000e+02 4.153948546287216607e-04
2.350000000000000000e+02 5.808937593677405324e-04
2.375000000000000000e+02 7.713283094335268144e-04
2.400000000000000000e+02 8.174089223385838090e-04
2.425000000000000000e+02 6.447943220452147890e-04
2.450000000000000000e+02 3.643233312279726228e-04
2.475000000000000000e+02 1.532595692919192876e-04
2.500000000000000000e+02 8.535886879864244901e-05
2.525000000000000000e+02 8.458996668629101886e-05
2.550000000000000000e+02 7.790723800564451477e-05
2.575000000000000000e+02 9.797795270676302212e-05
2.600000000000000000e+02 2.054635018283451219e-04
2.625000000000000000e+02 3.618735315079746459e-04
2.650000000000000000e+02 4.396816935321738360e-04
2.675000000000000000e+02 3.802889882067949333e-04
2.700000000000000000e+02 2.710920812817390019e-04
2.725000000000000000e+02 2.455820572047302591e-04
2.750000000000000000e+02 3.314784231673222688e-04
2.775000000000000000e+02 4.264339493625757911e-04
2.800000000000000000e+02 4.254134015552689906e-04
2.825000000000000000e+02 3.444640935328910141e-04
2.850000000000000000e+02 2.825532817734624220e-04
2.875000000000000000e+02 2.821878424428059858e-04
2.900000000000000000e+02 2.928873527115149187e-04
2.925000000000000000e+02 2.825193719821453460e-04
2.950000000000000000e+02 3.269769181938731828e-04
2.975000000000000000e+02 5.246002882353284665e-04
3.000000000000000000e+02 8.284842881734235916e-04
3.025000000000000000e+02 1.055157063059927215e-03
3.050000000000000000e+02 1.050035861811885471e-03
3.075000000000000000e+02 8.518044064392171939e-04
3.100000000000000000e+02 6.363342915966008250e-04
3.125000000000000000e+02 5.300680762498424532e-04
3.150000000000000000e+02 5.336685120415818242e-04
3.175000000000000000e+02 5.864631126881685421e-04
3.200000000000000000e+02 6.731285293444231634e-04
3.225000000000000000e+02 8.177628359154062113e-04
3.250000000000000000e+02 9.808658257465542856e-04
3.275000000000000000e+02 1.051497434568884328e-03
3.300000000000000000e+02 9.617878794746678684e-04
3.325000000000000000e+02 8.018285733887717736e-04
3.350000000000000000e+02 7.491169777463428485e-04
3.375000000000000000e+02 8.635562607596845939e-04
3.400000000000000000e+02 1.011880152443141384e-03
3.425000000000000000e+02 1.021218102674276151e-03
3.450000000000000000e+02 8.625400372019053664e-04
3.475000000000000000e+02 6.521638051842442406e-04
3.500000000000000000e+02 5.066761852349330360e-04
3.525000000000000000e+02 4.339696912899333151e-04
3.550000000000000000e+02 4.027871610351252754e-04
3.575000000000000000e+02 4.305169689455498085e-04
3.600000000000000000e+02 5.637764141494871562e-04
3.625000000000000000e+02 7.717035589105894619e-04
3.650000000000000000e+02 9.043894459221533868e-04
3.675000000000000000e+02 8.282170791070663993e-04
3.700000000000000000e+02 5.724162514475879737e-04
3.725000000000000000e+02 3.099074313169795274e-04
3.750000000000000000e+02 1.879143030736512350e-04
3.775000000000000000e+02 1.810258911641073477e-04
3.800000000000000000e+02 1.803391790573467314e-04
3.825000000000000000e+02 1.534953544921181345e-04
3.850000000000000000e+02 1.677176712028237426e-04
3.875000000000000000e+02 2.586092073178342088e-04
3.900000000000000000e+02 3.487236216497141290e-04
3.925000000000000000e+02 3.432790148515603478e-04
3.950000000000000000e+02 2.599917798999058305e-04
3.975000000000000000e+02 2.183791722639015932e-04
4.000000000000000000e+02 2.953065556089738762e-04
4.025000000000000000e+02 4.260987655044861061e-04
4.050000000000000000e+02 4.728851669578717186e-04
4.075000000000000000e+02 3.866329000638729684e-04
4.100000000000000000e+02 2.549323792431267889e-04
4.125000000000000000e+02 1.818262815462972661e-04
4.150000000000000000e+02 1.732293355734490243e-04
4.175000000000000000e+02 1.713984327182215938e-04
4.200000000000000000e+02 1.881946531883575495e-04
4.225000000000000000e+02 3.186802003881131717e-04
4.250000000000000000e+02 5.920705301706984548e-04
4.275000000000000000e+02 8.820928047851950933e-04
4.300000000000000000e+02 9.942659138543130052e-04
4.325000000000000000e+02 8.768759728531330634e-04
4.350000000000000000e+02 6.629998862527919107e-04
4.375000000000000000e+02 5.210225834527792543e-04
4.400000000000000000e+02 5.081683972253511674e-04
4.425000000000000000e+02 5.620740727457310690e-04
4.450000000000000000e+02 6.245228114606727124e-04
4.475000000000000000e+02 7.105199001713007317e-04
4.500000000000000000e+02 8.356374873835800774e-04
4.525000000000000000e+02 9.394390950994503707e-04
4.550000000000000000e+02 9.269652609417903914e-04
4.575000000000000000e+02 8.111816273912239453e-04
4.600000000000000000e+02 7.408028566122141449e-04
4.625000000000000000e+02 8.379664801862057866e-04
4.650000000000000000e+02 1.038745168641501578e-03
4.675000000000000000e+02 1.151205847735738358e-03
4.700000000000000000e+02 1.056486769433053223e-03
4.725000000000000000e+02 8.230797632694372354e-04
4.750000000000000000e+02 6.092036548511610373e-04
4.775000000000000000e+02 4.901219517276039989e-04
4.800000000000000000e+02 4.474491506906160096e-04
4.825000000000000000e+02 4.581876863249302470e-04
4.850000000000000000e+02 5.524495473314022017e-04
4.875000000000000000e+02 7.424304111987575306e-04
4.900000000000000000e+02 9.281025386947003774e-04
4.925000000000000000e+02 9.562388350893214666e-04
4.950000000000000000e+02 7.714376936226290940e-04
4.975000000000000000e+02 4.967127531137589206e-04
5.000000000000000000e+02 3.214071740273638164e-04
5.025000000000000000e+02 2.952781213466140731e-04
5.050000000000000000e+02 3.161607900003288348e-04
5.075000000000000000e+02 2.846631762636903790e-04
5.100000000000000000e+02 2.270111180658293830e-04
5.125000000000000000e+02 2.242540536427043308e-04
5.150000000000000000e+02 2.763275576326660482e-04
5.175000000000000000e+02 2.983824789101328814e-04
5.200000000000000000e+02 2.487407931558535028e-04
5.225000000000000000e+02 2.015506148191126062e-04
5.250000000000000000e+02 2.580907196321087765e-04
5.275000000000000000e+02 4.079397883370286439e-04
5.300000000000000000e+02 5.156200273310518637e-04
5.325000000000000000e+02 4.697012039641316030e-04
5.350000000000000000e+02 3.048461903594077631e-04
5.375000000000000000e+02 1.524470937639630372e-04
5.400000000000000000e+02 9.199080901543917261e-05
5.425000000000000000e+02 8.492049417772226910e-05
5.450000000000000000e+02 8.884690792889621898e-05
5.475000000000000000e+02 1.558690011833999980e-04
5.500000000000000000e+02 3.596675391449521910e-04
5.525000000000000000e+02 6.546782435571848460e-04
5.550000000000000000e+02 8.594736728562797287e-04
5.575000000000000000e+02 8.474221147783146928e-04
5.600000000000000000e+02 6.730824690261638047e-04
5.625000000000000000e+02 5.089890547954028632e-04
5.650000000000000000e+02 4.725731666194250748e-04
5.675000000000000000e+02 5.320713333152258520e-04
5.700000000000000000e+02 5.963534276294533195e-04
5.725000000000000000e+02 6.410845771334802105e-04
5.750000000000000000e+02 7.052722326575081198e-04
5.775000000000000000e+02 7.925585247257905521e-04
5.800000000000000000e+02 8.283144340000389485e-04
5.825000000000000000e+02 7.676597979868119001e-04
5.850000000000000000e+02 6.972852515691820062e-04
5.875000000000000000e+02 7.626711488058531951e-04
5.900000000000000000e+02 9.815637723894182331e-04
5.925000000000000000e+02 1.191863668510228982e-03
5.950000000000000000e+02 1.204869752584008689e-03
5.975000000000000000e+02 1.005216473594358357e-03
6.000000000000000000e+02 7.449802478309709274e-04
6.025000000000000000e+02 5.650549801476010495e-04
6.050000000000000000e+02 4.958877243430092696e-04
6.075000000000000000e+02 4.951514494472860186e-04
6.100000000000000000e+02 5.564010190423094920e-04
6.125000000000000000e+02 7.056456122760397347e-04
6.150000000000000000e+02 9.013023884462428208e-04
6.175000000000000000e+02 1.012764842700131446e-03
6.200000000000000000e+02 9.249207748383474290e-04
6.225000000000000000e+02 6.831360714421919923e-04
6.250000000000000000e+02 4.721677314506309204e-04
6.275000000000000000e+02 4.143719875667433014e-04
6.300000000000000000e+02 4.567314432273060824e-04
6.325000000000000000e+02 4.584202672549067006e-04
6.350000000000000000e+02 3.733071166371567154e-04
6.375000000000000000e+02 2.805862618347381766e-04
6.400000000000000000e+02 2.546363617986635987e-04
6.425000000000000000e+02 2.632713122336677748e-04
6.450000000000000000e+02 2.391501744762415996e-04
6.475000000000000000e+02 1.972262409330380860e-04
6.500000000000000000e+02 2.293646440313023497e-04
6.525000000000000000e+02 3.751246001885081140e-04
6.550000000000000000e+02 5.349274905277281739e-04
6.575000000000000000e+02 5.605087914793298104e-04
6.600000000000000000e+02 4.115017425851688008e-04
6.625000000000000000e+02 2.008398344796731528e-04
6.650000000000000000e+02 6.917491974492813922e-05
6.675000000000000000e+02 3.445675774059095263e-05
6.700000000000000000e+02 3.351277554713967901e-05
6.725000000000000000e+02 5.598635101209119454e-05
6.750000000000000000e+02 1.745261012200323718e-04
6.775000000000000000e+02 4.180640209891362652e-04
6.800000000000000000e+02 6.650809865456862573e-04
6.825000000000000000e+02 7.546530552928350753e-04
6.850000000000000000e+02 6.517720529258698567e-04
6.875000000000000000e+02 4.901549656426845442e-04
6.900000000000000000e+02 4.279155922850721278e-04
6.925000000000000000e+02 4.877479745978792513e-04
6.950000000000000000e+02 5.729757942751655857e-04
6.975000000000000000e+02 6.082128769990826321e-04
7.000000000000000000e+02 6.158199886067480941e-04
7.025000000000000000e+02 6.496462137570323996e-04
7.050000000000000000e+02 6.907977293915218376e-04
7.075000000000000000e+02 6.761490264201580743e-04
7.100000000000000000e+02 6.224290082243135640e-04
7.125000000000000000e+02 6.542186367116324501e-04
7.150000000000000000e+02 8.550988042465096578e-04
7.175000000000000000e+02 1.131218037531302959e-03
7.200000000000000000e+02 1.268223002383666361e-03
7.225000000000000000e+02 1.158113172821648379e-03
7.250000000000000000e+02 8.958884175499187523e-04
7.275000000000000000e+02 6.593999478503825666e-04
7.300000000000000000e+02 5.482545119718812031e-04
7.325000000000000000e+02 5.349688751585465751e-04
7.350000000000000000e+02 5.762764762370540476e-04
7.375000000000000000e+02 6.802147322712067280e-04
7.400000000000000000e+02 8.485350744330945414e-04
7.425000000000000000e+02 1.002339365047701146e-03
7.450000000000000000e+02 1.009343342866074076e-03
7.475000000000000000e+02 8.369867959192460504e-04
7.500000000000000000e+02 6.209206012137887800e-04
7.525000000000000000e+02 5.275086206640950889e-04
7.550000000000000000e+02 5.785026262060375974e-04
7.575000000000000000e+02 6.347685349300271045e-04
7.600000000000000000e+02 5.745716208202675474e-04
7.625000000000000000e+02 4.270655383368662599e-04
7.650000000000000000e+02 3.081892979822204955e-04
7.675000000000000000e+02 2.612687619903570355e-04
7.700000000000000000e+02 2.386711912822847223e-04
7.725000000000000000e+02 2.064576950868227405e-04
7.750000000000000000e+02 2.179360262631987912e-04
7.775000000000000000e+02 3.394327289753707073e-04
7.800000000000000000e+02 5.259699056875785823e-04
7.825000000000000000e+02 6.301949984327825677e-04
7.850000000000000000e+02 5.415714793057667571e-04
7.875000000000000000e+02 3.146730423687896976e-04
7.900000000000000000e+02 1.142912922058049972e-04
7.925000000000000000e+02 3.000643046062369951e-05
7.950000000000000000e+02 2.141586166185075138e-05
7.975000000000000000e+02 2.367738992690627165e-05
8.000000000000000000e+02 6.689274778747265936e-05
8.025000000000000000e+02 2.213697500191674739e-04
8.050000000000000000e+02 4.493708578139632426e-04
8.075000000000000000e+02 6.072834496398430652e-04
8.100000000000000000e+02 5.894178178087561108e-04
8.125000000000000000e+02 4.586109040630059644e-04
8.150000000000000000e+02 3.770064122530725420e-04
8.175000000000000000e+02 4.265653765765672987e-04
8.200000000000000000e+02 5.382455622272056765e-04
8.225000000000000000e+02 5.967531694967346785e-04
8.250000000000000000e+02 5.754952725075243363e-04
8.275000000000000000e+02 5.436810175562602253e-04
8.300000000000000000e+02 5.484475487563232349e-04
8.325000000000000000e+02 5.526026801802311683e-04
8.350000000000000000e+02 5.227449432761942499e-04
8.375000000000000000e+02 5.299585080007211029e-04
8.400000000000000000e+02 6.864673140336259929e-04
8.425000000000000000e+02 9.807552439699052972e-04
8.450000000000000000e+02 1.225162183323618131e-03
8.475000000000000000e+02 1.241334071227255618e-03
8.500000000000000000e+02 1.031794101089792077e-03
8.525000000000000000e+02 7.648532898553729023e-04
8.550000000000000000e+02 6.041665505578245384e-04
8.575000000000000000e+02 5.706657876464724978e-04
8.600000000000000000e+02 6.045614014634751896e-04
8.625000000000000000e+02 6.751708857690381970e-04
8.650000000000000000e+02 7.962887212835445322e-04
8.675000000000000000e+02 9.465431783208989478e-04
8.700000000000000000e+02 1.020148249983579862e-03
8.725000000000000000e+02 9.329253524371740932e-04
8.750000000000000000e+02 7.455597591997506143e-04
8.775000000000000000e+02 6.249855473042899897e-04
8.800000000000000000e+02 6.667670836068288927e-04
8.825000000000000000e+02 7.773715315129166954e-04
8.850000000000000000e+02 7.853521771223677828e-04
8.875000000000000000e+02 6.389620927422460378e-04
8.900000000000000000e+02 4.444520331751260775e-04
8.925000000000000000e+02 3.140183786616419738e-04
8.950000000000000000e+02 2.597289081985203803e-04
8.975000000000000000e+02 2.304940948184894375e-04
9.000000000000000000e+02 2.290112609653540017e-04
9.025000000000000000e+02 3.158169453960285654e-04
9.050000000000000000e+02 4.976033755430532514e-04
9.075000000000000000e+02 6.629628064011064935e-04
9.100000000000000000e+02 6.600932015586731235e-04
9.125000000000000000e+02 4.660026616480622140e-04
9.150000000000000000e+02 2.222851921250371967e-04
9.175000000000000000e+02 7.715881043771239138e-05
9.200000000000000000e+02 4.907801044512478630e-05
9.225000000000000000e+02 5.050776314754556686e-05
9.250000000000000000e+02 4.747497526275538710e-05
9.275000000000000000e+02 1.045941709037944887e-04
9.300000000000000000e+02 2.603285226048886636e-04
9.325000000000000000e+02 4.323771984053077105e-04
9.350000000000000000e+02 4.874606320613040101e-04
9.375000000000000000e+02 4.090754313286897883e-04
9.400000000000000000e+02 3.228592814559942464e-04
9.425000000000000000e+02 3.526799760353880393e-04
9.450000000000000000e+02 4.821898965814344759e-04
9.475000000000000000e+02 5.852612734602791666e-04
9.500000000000000000e+02 5.744032875163881079e-04
9.525000000000000000e+02 4.926431260324197091e-04
9.550000000000000000e+02 4.350692370964530441e-04
9.575000000000000000e+02 4.218840113598395299e-04
9.600000000000000000e+02 4.088128566379902406e-04
9.625000000000000000e+02 4.047258640606507052e-04
9.650000000000000000e+02 5.068755462907000150e-04
9.675000000000000000e+02 7.714269602398533127e-04
9.700000000000000000e+02 1.079024611433461196e-03
9.725000000000000000e+02 1.226612546738017027e-03
9.750000000000000000e+02 1.117822519183965871e-03
9.775000000000000000e+02 8.634830336141763969e-04
9.800000000000000000e+02 6.604297837466544105e-04
9.825000000000000000e+02 5.967372294205114131e-04
9.850000000000000000e+02 6.290979711315784848e-04
9.875000000000000000e+02 6.873607358358950698e-04
9.900000000000000000e+02 7.634804283017707603e-04
9.925000000000000000e+02 8.752603211210181148e-04
9.950000000000000000e+02 9.718888180766930467e-04
9.975000000000000000e+02 9.596313233823637080e-04
1.000000000000000000e+03 8.261267162729359808e-04
1.002500000000000000e+03 6.973549421239509747e-04
1.005000000000000000e+03 7.159397491459939004e-04
1.007500000000000000e+03 8.619043226209327155e-04
1.010000000000000000e+03 9.589968830091376425e-04
1.012500000000000000e+03 8.727043700980402930e-04
1.015000000000000000e+03 6.486573624263869365e-04
1.017500000000000000e+03 4.330155765876135651e-04
1.020000000000000000e+03 3.162473199021519380e-04
1.022500000000000000e+03 2.719371780678440345e-04
1.025000000000000000e+03 2.632287481564676130e-04
1.027500000000000000e+03 3.164883462349405894e-04
1.030000000000000000e+03 4.674506034327785770e-04
1.032500000000000000e+03 6.597011544311374249e-04
1.035000000000000000e+03 7.412817877396022737e-04
1.037500000000000000e+03 6.196462921955132918e-04
1.040000000000000000e+03 3.735213670036043499e-04
1.042500000000000000e+03 1.737710827762860429e-04
1.045000000000000000e+03 1.118353865058430125e-04
1.047500000000000000e+03 1.200754725937340489e-04
1.050000000000000000e+03 1.068371021824917911e-04
1.052500000000000000e+03 8.815102864911093274e-05
1.055000000000000000e+03 1.428352386569322805e-04
1.057500000000000000e+03 2.701673531673795406e-04
1.060000000000000000e+03 3.616156606203670847e-04
1.062500000000000000e+03 3.407892520515293667e-04
1.065000000000000000e+03 2.679168854933886164e-04
1.067500000000000000e+03 2.750213777695456477e-04
1.070000000000000000e+03 4.047226980052866458e-04
1.072500000000000000e+03 5.550613200774541555e-04
1.075000000000000000e+03 5.902805000741517859e-04
1.077500000000000000e+03 4.954071253183674542e-04
1.080000000000000000e+03 3.746663900595545958e-04
1.082500000000000000e+03 3.122368625137245828e-04
1.085000000000000000e+03 2.957818633689375466e-04
1.087500000000000000e+03 2.898377756161341274e-04
1.090000000000000000e+03 3.437558312275445908e-04
1.092500000000000000e+03 5.445536017839729430e-04
1.095000000000000000e+03 8.574464708861626256e-04
1.097500000000000000e+03 1.107357242258868134e-03
1.100000000000000000e+03 1.124643279178791453e-03
1.102500000000000000e+03 9.308835194896766157e-04
1.105000000000000000e+03 7.092242863379306320e-04
1.107500000000000000e+03 6.097182716180774009e-04
1.110000000000000000e+03 6.377472283112609877e-04
1.112500000000000000e+03 7.036891293956900901e-04
1.115000000000000000e+03 7.554456144947059755e-04
1.117500000000000000e+03 8.158956646651352885e-04
1.120000000000000000e+03 8.924277155689373277e-04
1.122500000000000000e+03 9.230763851365266165e-04
1.125000000000000000e+03 8.505175748526256404e-04
1.127500000000000000e+03 7.359054126066929755e-04
1.130000000000000000e+03 7.272485040271818623e-04
1.132500000000000000e+03 8.799414708444555167e-04
1.135000000000000000e+03 1.059689100570731807e-03
1.137500000000000000e+03 1.077022172724193851e-03
1.140000000000000000e+03 8.851353809414689092e-04
1.142500000000000000e+03 6.129303865372518877e-04
1.145000000000000000e+03 4.180732733363605783e-04
1.147500000000000000e+03 3.347046672605009888e-04
1.150000000000000000e+03 3.175193432680504255e-04
1.152500000000000000e+03 3.466443934064382414e-04
1.155000000000000000e+03 4.543355026272628827e-04
1.157500000000000000e+03 6.356053337205704078e-04
1.160000000000000000e+03 7.756924956778079618e-04
1.162500000000000000e+03 7.437690428935570062e-04
1.165000000000000000e+03 5.383798224951524608e-04
1.167500000000000000e+03 3.080575652892015518e-04
1.170000000000000000e+03 2.037215208598041499e-04
1.172500000000000000e+03 2.138781189596916264e-04
1.175000000000000000e+03 2.203471622683490902e-04
1.177500000000000000e+03 1.681574688248841840e-04
1.180000000000000000e+03 1.260703557068037649e-04
1.182500000000000000e+03 1.638922538202924840e-04
1.185000000000000000e+03 2.405209033410084490e-04
1.187500000000000000e+03 2.609781998352663705e-04
1.190000000000000000e+03 2.146377965125769490e-04
1.192500000000000000e+03 2.041436647997484815e-04
1.195000000000000000e+03 3.154555603665846987e-04
1.197500000000000000e+03 4.975189424348037699e-04
1.200000000000000000e+03 5.979890186075198727e-04
1.202500000000000000e+03 5.339933718796227666e-04
1.205000000000000000e+03 3.747672970042945019e-04
1.207500000000000000e+03 2.477999501882958738e-04
1.210000000000000000e+03 2.018871926344723250e-04
1.212500000000000000e+03 1.939016816358889129e-04
1.215000000000000000e+03 2.155983796507793249e-04
1.217500000000000000e+03 3.406971304993455362e-04
1.220000000000000000e+03 6.050170216493643872e-04
1.222500000000000000e+03 9.022879947588850627e-04
1.225000000000000000e+03 1.038585575905412841e-03
1.227500000000000000e+03 9.428436184910888142e-04
1.230000000000000000e+03 7.381267732213717776e-04
1.232500000000000000e+03 6.074027770496478757e-04
1.235000000000000000e+03 6.223291099974851033e-04
1.237500000000000000e+03 7.067306332362346391e-04
1.240000000000000000e+03 7.632246363353239072e-04
1.242500000000000000e+03 7.842209120823524305e-04
1.245000000000000000e+03 8.131279892680676061e-04
1.247500000000000000e+03 8.445310458196913931e-04
1.250000000000000000e+03 8.188120139795328429e-04
1.252500000000000000e+03 7.346966539141269086e-04
1.255000000000000000e+03 7.055015177011215348e-04
1.257500000000000000e+03 8.378821331760628139e-04
1.260000000000000000e+03 1.070701090896989012e-03
1.262500000000000000e+03 1.206543041843709295e-03
1.265000000000000000e+03 1.105273927945909932e-03
1.267500000000000000e+03 8.294256473827076167e-04
1.270000000000000000e+03 5.650992994828468383e-04
1.272500000000000000e+03 4.222553462119207467e-04
1.275000000000000000e+03 3.869180335818451881e-04
1.277500000000000000e+03 4.030960468298411974e-04
1.280000000000000000e+03 4.709142454514603834e-04
1.282500000000000000e+03 6.130068530634532427e-04
1.285000000000000000e+03 7.714907444780641586e-04
1.287500000000000000e+03 8.191816102895749414e-04
1.290000000000000000e+03 6.853389345836927334e-04
1.292500000000000000e+03 4.595066897883222064e-04
1.295000000000000000e+03 3.162697254926193123e-04
1.297500000000000000e+03 3.158302566963317425e-04
1.300000000000000000e+03 3.565573494306153242e-04
1.302500000000000000e+03 3.187099388017794531e-04
1.305000000000000000e+03 2.150459450479910066e-04
1.307500000000000000e+03 1.474916188465475212e-04
1.310000000000000000e+03 1.594989840591168231e-04
1.312500000000000000e+03 1.860831711698633314e-04
1.315000000000000000e+03 1.671562050532253863e-04
1.317500000000000000e+03 1.493386851441148898e-04
1.320000000000000000e+03 2.301460342974292377e-04
1.322500000000000000e+03 4.171546406632310549e-04
1.325000000000000000e+03 5.793190223699216847e-04
1.327500000000000000e+03 5.812822249086428391e-04
1.330000000000000000e+03 4.249869292970545370e-04
1.332500000000000000e+03 2.415675725244893920e-04
1.335000000000000000e+03 1.448064626677769565e-04
1.337500000000000000e+03 1.241862225594440525e-04
1.340000000000000000e+03 1.305028059621422452e-04
1.342500000000000000e+03 1.899734010062514714e-04
1.345000000000000000e+03 3.713412323353098665e-04
1.347500000000000000e+03 6.517600317447400093e-04
1.350000000000000000e+03 8.681214816683840161e-04
1.352500000000000000e+03 8.837154082698638578e-04
1.355000000000000000e+03 7.327472440672501983e-04
1.357500000000000000e+03 5.875677856011206086e-04
1.360000000000000000e+03 5.805402559964451198e-04
1.362500000000000000e+03 6.814232417126467626e-04
1.365000000000000000e+03 7.680304112028281394e-04
1.367500000000000000e+03 7.798624932942026678e-04
1.370000000000000000e+03 7.583448735763132723e-04
1.372500000000000000e+03 7.537109323803751560e-04
1.375000000000000000e+03 7.443186579771192933e-04
1.377500000000000000e+03 6.933703591125481942e-04
1.380000000000000000e+03 6.565748380466886235e-04
1.382500000000000000e+03 7.521018034423979266e-04
1.385000000000000000e+03 9.966847860200923979e-04
1.387500000000000000e+03 1.233687480830181682e-03
1.390000000000000000e+03 1.260029394764255756e-03
1.392500000000000000e+03 1.042915996995254528e-03
1.395000000000000000e+03 7.434194339608048369e-04
1.397500000000000000e+03 5.344292852869218010e-04
1.400000000000000000e+03 4.661430562000030650e-04
1.402500000000000000e+03 4.758376134831668325e-04
1.405000000000000000e+03 5.190141708754573806e-04
1.407500000000000000e+03 6.121725927544975241e-04
1.410000000000000000e+03 7.496448028613696656e-04
1.412500000000000000e+03 8.442349862426596100e-04
1.415000000000000000e+03 7.900231978101407123e-04
1.417500000000000000e+03 6.030307328132309460e-04
1.420000000000000000e+03 4.374889646581491876e-04
1.422500000000000000e+03 4.142684456252480451e-04
1.425000000000000000e+03 4.860274092021159720e-04
1.427500000000000000e+03 5.001292158109432078e-04
1.430000000000000000e+03 3.889607716831263514e-04
1.432500000000000000e+03 2.349577684013917438e-04
1.435000000000000000e+03 1.508235658102412323e-04
1.437500000000000000e+03 1.395210591391720560e-04
1.440000000000000000e+03 1.329810163010871954e-04
1.442500000000000000e+03 1.170998740290787247e-04
1.445000000000000000e+03 1.654452625053838707e-04
1.447500000000000000e+03 3.298470696194710783e-04
1.450000000000000000e+03 5.297042425565811393e-04
1.452500000000000000e+03 6.114276032287307462e-04
1.455000000000000000e+03 5.014220328648813464e-04
1.457500000000000000e+03 2.913426700401623411e-04
1.460000000000000000e+03 1.367891921512310780e-04
1.462500000000000000e+03 8.723676443439871877e-05
1.465000000000000000e+03 8.801204827159520049e-05
1.467500000000000000e+03 1.065008446705250391e-04
1.470000000000000000e+03 1.982242615709433903e-04
1.472500000000000000e+03 4.076640766507536886e-04
1.475000000000000000e+03 6.441856555497429884e-04
1.477500000000000000e+03 7.536967370385384791e-04
1.480000000000000000e+03 6.816575418941314647e-04
1.482500000000000000e+03 5.473680540390666325e-04
1.485000000000000000e+03 5.155642960214091393e-04
1.487500000000000000e+03 6.204119838766475456e-04
1.490000000000000000e+03 7.490130605982803875e-04
1.492500000000000000e+03 7.877688625825956257e-04
1.495000000000000000e+03 7.377667989710783676e-04
1.497500000000000000e+03 6.792009870569341553e-04
1.500000000000000000e+03 6.504564788709221853e-04
1.502500000000000000e+03 6.192918093053464837e-04
1.505000000000000000e+03 5.865350497776117278e-04
1.507500000000000000e+03 6.425802296223232348e-04
1.510000000000000000e+03 8.598706604441493399e-04
1.512500000000000000e+03 1.155288121474657564e-03
1.515000000000000000e+03 1.313286900691599743e-03
1.517500000000000000e+03 1.207783052227879824e-03
1.520000000000000000e+03 9.255196675666851718e-04
1.522500000000000000e+03 6.641454802018573276e-04
1.525000000000000000e+03 5.500478626653030299e-04
1.527500000000000000e+03 5.515241935294299628e-04
1.530000000000000000e+03 5.890354754788056481e-04
1.532500000000000000e+03 6.433586154777914696e-04
1.535000000000000000e+03 7.349315972537763574e-04
1.537500000000000000e+03 8.336917379313993738e-04
1.540000000000000000e+03 8.421528680283144660e-04
1.542500000000000000e+03 7.154030441019452752e-04
1.545000000000000000e+03 5.522823218412264892e-04
1.547500000000000000e+03 5.015462051453174665e-04
1.550000000000000000e+03 5.878417882291642020e-04
1.552500000000000000e+03 6.703218519709242375e-04
1.555000000000000000e+03 6.069107152743398676e-04
1.557500000000000000e+03 4.148514836836745363e-04
1.560000000000000000e+03 2.333206678102866659e-04
1.562500000000000000e+03 1.459339459770942653e-04
1.565000000000000000e+03 1.234239599215288755e-04
1.567500000000000000e+03 1.111975106935384150e-04
1.570000000000000000e+03 1.339848236480989396e-04
1.572500000000000000e+03 2.571303322205989038e-04
1.575000000000000000e+03 4.596808790094014706e-04
1.577500000000000000e+03 6.093134849930123293e-04
1.580000000000000000e+03 5.754482687238048153e-04
1.582500000000000000e+03 3.803828400826409482e-04
1.585000000000000000e+03 1.803284208315885967e-04
1.587500000000000000e+03 8.802222856052442103e-05
1.590000000000000000e+03 8.270246884421194353e-05
1.592500000000000000e+03 8.808145988013994971e-05
1.595000000000000000e+03 1.098194664232954266e-04
1.597500000000000000e+03 2.198688132294369327e-04
1.600000000000000000e+03 4.136841922409489544e-04
1.602500000000000000e+03 5.722140721218566982e-04
1.605000000000000000e+03 5.821268169772190332e-04
1.607500000000000000e+03 4.842419421344594781e-04
1.610000000000000000e+03 4.340905761591489138e-04
1.612500000000000000e+03 5.263501182204257181e-04
1.615000000000000000e+03 6.914221376633472149e-04
1.617500000000000000e+03 7.849036459178521802e-04
1.620000000000000000e+03 7.441664906761833766e-04
1.622500000000000000e+03 6.393441599819967491e-04
1.625000000000000000e+03 5.640907162645046862e-04
1.627500000000000000e+03 5.275822918932607198e-04
1.630000000000000000e+03 5.022695254852923901e-04
1.632500000000000000e+03 5.273666514288969688e-04
1.635000000000000000e+03 6.919860109676063921e-04
1.637500000000000000e+03 9.921159375979990338e-04
1.640000000000000000e+03 1.251945861635742757e-03
1.642500000000000000e+03 1.284614341808627954e-03
1.645000000000000000e+03 1.075314537519495668e-03
1.647500000000000000e+03 7.956543466990012364e-04
1.650000000000000000e+03 6.327883988792476792e-04
1.652500000000000000e+03 6.172723235627798491e-04
1.655000000000000000e+03 6.632494054882427876e-04
1.657500000000000000e+03 7.027842768419135687e-04
1.660000000000000000e+03 7.460144850050514503e-04
1.662500000000000000e+03 8.120344171930135319e-04
1.665000000000000000e+03 8.479101981086631596e-04
1.667500000000000000e+03 7.819196875522016477e-04
1.670000000000000000e+03 6.448902541413662230e-04
1.672500000000000000e+03 5.723433206637150959e-04
1.675000000000000000e+03 6.522463365163124176e-04
1.677500000000000000e+03 7.956086167541884680e-04
1.680000000000000000e+03 8.191531700334636363e-04
1.682500000000000000e+03 6.519987977670442525e-04
1.685000000000000000e+03 4.047118272422865889e-04
1.687500000000000000e+03 2.232967243296907884e-04
1.690000000000000000e+03 1.518099905961651911e-04
1.692500000000000000e+03 1.337715505934462736e-04
1.695000000000000000e+03 1.414200820368527185e-04
1.697500000000000000e+03 2.188460220638667095e-04
1.700000000000000000e+03 3.908401510190974469e-04
1.702500000000000000e+03 5.757950025917927053e-04
1.705000000000000000e+03 6.239067615490016209e-04
1.707500000000000000e+03 4.828533785823439068e-04
1.710000000000000000e+03 2.662837883563450741e-04
1.712500000000000000e+03 1.278689969477515419e-04
1.715000000000000000e+03 1.076689486540516485e-04
1.717500000000000000e+03 1.203970137944313288e-04
1.720000000000000000e+03 1.084535669595647860e-04
1.722500000000000000e+03 1.232917667437048324e-04
1.725000000000000000e+03 2.277669512555866309e-04
1.727500000000000000e+03 3.756189182245470506e-04
1.730000000000000000e+03 4.444611111698375488e-04
1.732500000000000000e+03 3.983475375314478599e-04
1.735000000000000000e+03 3.440194068697979314e-04
1.737500000000000000e+03 4.107445357859804114e-04
1.740000000000000000e+03 5.923213217763834615e-04
1.742500000000000000e+03 7.496388830428787897e-04
1.745000000000000000e+03 7.572433647302952283e-04
1.747500000000000000e+03 6.367314361076669869e-04
1.750000000000000000e+03 5.073508727402980525e-04
1.752500000000000000e+03 4.383271489469753248e-04
1.755000000000000000e+03 4.126373909131822362e-04
1.757500000000000000e+03 4.194772651705357255e-04
1.760000000000000000e+03 5.248676440648492383e-04
1.762500000000000000e+03 7.818044048486284554e-04
1.765000000000000000e+03 1.089566036872460309e-03
1.767500000000000000e+03 1.251780938744095776e-03
1.770000000000000000e+03 1.157151454629910684e-03
1.772500000000000000e+03 9.057851839326165220e-04
1.775000000000000000e+03 7.063836011534767052e-04
1.777500000000000000e+03 6.633448466275613077e-04
1.780000000000000000e+03 7.215031991535889857e-04
1.782500000000000000e+03 7.737024684022996129e-04
1.785000000000000000e+03 7.880648691121295906e-04
1.787500000000000000e+03 8.035985793821340522e-04
1.790000000000000000e+03 8.267653401859409706e-04
1.792500000000000000e+03 8.008436768230196975e-04
1.795000000000000000e+03 7.028680497066932360e-04
1.797500000000000000e+03 6.221755395515095755e-04
1.800000000000000000e+03 6.794165228887397547e-04
1.802500000000000000e+03 8.578414060037912710e-04
1.805000000000000000e+03 9.803933150456778899e-04
1.807500000000000000e+03 8.961425803573865511e-04
1.810000000000000000e+03 6.395325712320208342e-04
1.812500000000000000e+03 3.753497857109033766e-04
1.815000000000000000e+03 2.294274044852794557e-04
1.817500000000000000e+03 1.863542232196134594e-04
1.820000000000000000e+03 1.860751942516063737e-04
1.822500000000000000e+03 2.267679319099019273e-04
1.825000000000000000e+03 3.479322610477746667e-04
1.827500000000000000e+03 5.269990423664121367e-04
1.830000000000000000e+03 6.371291867440849899e-04
1.832500000000000000e+03 5.724395987423252499e-04
1.835000000000000000e+03 3.756664444431057222e-04
1.837500000000000000e+03 2.022982260458254565e-04
1.840000000000000000e+03 1.565166823139085969e-04
1.842500000000000000e+03 1.836311447971008951e-04
1.845000000000000000e+03 1.768872969651726155e-04
1.847500000000000000e+03 1.294646159452418112e-04
1.850000000000000000e+03 1.282353584552179359e-04
1.852500000000000000e+03 2.092032658739261019e-04
1.855000000000000000e+03 2.928399444845656229e-04
1.857500000000000000e+03 2.955972318627277844e-04
1.860000000000000000e+03 2.530424115792879926e-04
1.862500000000000000e+03 2.902212878492731836e-04
1.865000000000000000e+03 4.620542503979694401e-04
1.867500000000000000e+03 6.704789220089288002e-04
1.870000000000000000e+03 7.521214941494893573e-04
1.872500000000000000e+03 6.582556864450877891e-04
1.875000000000000000e+03 4.907135811879307242e-04
1.877500000000000000e+03 3.714151925827086716e-04
1.880000000000000000e+03 3.288648625498080008e-04
1.882500000000000000e+03 3.265752421511969447e-04
1.885000000000000000e+03 3.827905394089592167e-04
1.887500000000000000e+03 5.677132399637103239e-04
1.890000000000000000e+03 8.624418432249562547e-04
1.892500000000000000e+03 1.112614207217016166e-03
1.895000000000000000e+03 1.146313509146240292e-03
1.897500000000000000e+03 9.686603816634449743e-04
1.900000000000000000e+03 7.598752708175932026e-04
1.902500000000000000e+03 6.840018922947230804e-04
1.905000000000000000e+03 7.471699658263028336e-04
1.907500000000000000e+03 8.319399550344475395e-04
1.910000000000000000e+03 8.504193234953564152e-04
1.912500000000000000e+03 8.230104082303431887e-04
1.915000000000000000e+03 8.037489617214508110e-04
1.917500000000000000e+03 7.837730074462092092e-04
1.920000000000000000e+03 7.211531708611605999e-04
1.922500000000000000e+03 6.471915719270252476e-04
1.925000000000000000e+03 6.757264591454940602e-04
1.927500000000000000e+03 8.561322729376267182e-04
1.930000000000000000e+03 1.061029268465743785e-03
1.932500000000000000e+03 1.095075986785131947e-03
1.935000000000000000e+03 8.938436593455165126e-04
1.937500000000000000e+03 5.871346148103068381e-04
1.940000000000000000e+03 3.602775149750210614e-04
1.942500000000000000e+03 2.698188978093825677e-04
1.945000000000000000e+03 2.607491946433147106e-04
1.947500000000000000e+03 2.812290547207677667e-04
1.950000000000000000e+03 3.500092999033783112e-04
1.952500000000000000e+03 4.880640799196167361e-04
1.955000000000000000e+03 6.219762924259202800e-04
1.957500000000000000e+03 6.312082761121402775e-04
1.960000000000000000e+03 4.849711114534871210e-04
1.962500000000000000e+03 3.002039998481751998e-04
1.965000000000000000e+03 2.234717742881269301e-04
1.967500000000000000e+03 2.589470941740343334e-04
1.970000000000000000e+03 2.856870895249776724e-04
1.972500000000000000e+03 2.249793721584316644e-04
1.975000000000000000e+03 1.361947515825061555e-04
1.977500000000000000e+03 1.155008952244741024e-04
1.980000000000000000e+03 1.615166404716015386e-04
1.982500000000000000e+03 1.897316839365976266e-04
1.985000000000000000e+03 1.686287405403388070e-04
1.987500000000000000e+03 1.818937106137166889e-04
1.990000000000000000e+03 3.212595258962534198e-04
1.992500000000000000e+03 5.510986120286187314e-04
1.995000000000000000e+03 7.094575816171537789e-04
1.997500000000000000e+03 6.807771145673396961e-04
2.000000000000000000e+03 5.098904003403185526e-04
