0.000000000000000000e+00 0.000000000000000000e+00 1.000000000000000000e+00
2.500000000000000000e+00 1.373934691057221158e-01 8.626065308942719723e-01
5.000000000000000000e+00 4.697553844459615990e-01 5.302446155540174733e-01
7.500000000000000000e+00 8.204888784513392208e-01 1.795111215486309142e-01
1.000000000000000000e+01 9.953880237152381572e-01 4.611976284727282820e-03
1.250000000000000000e+01 9.044091768806824527e-01 9.559082311927659392e-02
1.500000000000000000e+01 5.993301505856091227e-01 4.006698494143490219e-01
1.750000000000000000e+01 2.399130880710518277e-01 7.600869119289057618e-01
2.000000000000000000e+01 2.374236094513076933e-02 9.762576390548296512e-01
2.250000000000000000e+01 6.423967998034567362e-02 9.357603200196016324e-01
2.500000000000000000e+01 3.398182021785128848e-01 6.601817978214286065e-01
2.750000000000000000e+01 7.056776510408461212e-01 2.943223489590872655e-01
3.000000000000000000e+01 9.580378323676019825e-01 4.196216763232251540e-02
3.250000000000000000e+01 9.634460733353349404e-01 3.655392666459202078e-02
3.500000000000000000e+01 7.200541323958893347e-01 2.799458676040337823e-01
3.750000000000000000e+01 3.577258389726502008e-01 6.422741610272728607e-01
4.000000000000000000e+01 7.722662853922700188e-02 9.227733714606899396e-01
4.250000000000000000e+01 2.411094299980533900e-02 9.758890570001157450e-01
4.500000000000000000e+01 2.263062851480540927e-01 7.736937148518656659e-01
4.750000000000000000e+01 5.784348907804399698e-01 4.215651092194716565e-01
5.000000000000000000e+01 8.877150549548037395e-01 1.122849450451024467e-01
5.250000000000000000e+01 9.922727883269825133e-01 7.727211672923496762e-03
5.500000000000000000e+01 8.327000735014240540e-01 1.672999264984790235e-01
5.750000000000000000e+01 4.911777314483361523e-01 5.088222685515664256e-01
6.000000000000000000e+01 1.568271679283587683e-01 8.431728320715405900e-01
6.250000000000000000e+01 6.487441601044853685e-03 9.935125583988464459e-01
6.500000000000000000e+01 1.235975618912331098e-01 8.764024381086605864e-01
6.750000000000000000e+01 4.457879621218934219e-01 5.542120378780026613e-01
7.000000000000000000e+01 7.946148496115845727e-01 2.053851503883088736e-01
7.250000000000000000e+01 9.881714658017951569e-01 1.182853419809965466e-02
7.500000000000000000e+01 9.205697997623649709e-01 7.943020023752606074e-02
7.750000000000000000e+01 6.265373816111364791e-01 3.734626183887464479e-01
8.000000000000000000e+01 2.667378320230749944e-01 7.332621679768144274e-01
8.250000000000000000e+01 2.946791192420592648e-02 9.705320880756820312e-01
8.500000000000000000e+01 4.755451690565890011e-02 9.524454830942308270e-01
8.750000000000000000e+01 3.132422367814028941e-01 6.867577632184842518e-01
9.000000000000000000e+01 6.790672255930713108e-01 3.209327744068097288e-01
9.250000000000000000e+01 9.507375905137874783e-01 4.926240948609139636e-02
9.500000000000000000e+01 9.769058247864446098e-01 2.309417521342915780e-02
9.750000000000000000e+01 7.450493208113857513e-01 2.549506791884785795e-01
1.000000000000000000e+02 3.851974002579152678e-01 6.148025997419435118e-01
1.025000000000000000e+02 8.658308650765626779e-02 9.134169134921984456e-01
1.050000000000000000e+02 1.339549914463324456e-02 9.866045008552154494e-01
1.075000000000000000e+02 2.037601825862380700e-01 7.962398174136076090e-01
1.100000000000000000e+02 5.532083647956309580e-01 4.467916352042085593e-01
1.125000000000000000e+02 8.785353964538514804e-01 1.214646035459910761e-01
1.150000000000000000e+02 9.984873271895076119e-01 1.512672810331893228e-03
1.175000000000000000e+02 8.485263455436710123e-01 1.514736544561669784e-01
1.200000000000000000e+02 5.119851240380199897e-01 4.880148759618193610e-01
1.225000000000000000e+02 1.676744236819652789e-01 8.323255763178739608e-01
1.250000000000000000e+02 7.183405794986335788e-03 9.928165942048469139e-01
1.275000000000000000e+02 1.135565101398908761e-01 8.864434898599496959e-01
1.300000000000000000e+02 4.260465369129097235e-01 5.739534630869199683e-01
1.325000000000000000e+02 7.805248594870148882e-01 2.194751405128155253e-01
1.350000000000000000e+02 9.828342084170458293e-01 1.716579158278576031e-02
1.375000000000000000e+02 9.281217961037766528e-01 7.187820389605378835e-02
1.400000000000000000e+02 6.458588334580277479e-01 3.541411665418039978e-01
1.425000000000000000e+02 2.825888337168104836e-01 7.174111662830203739e-01
1.450000000000000000e+02 3.886718708255532118e-02 9.611328129172779233e-01
1.475000000000000000e+02 4.362692153082992769e-02 9.563730784690106512e-01
1.500000000000000000e+02 2.946244487381282084e-01 7.053755512616941559e-01
1.525000000000000000e+02 6.591096915280252322e-01 3.408903084717924692e-01
1.550000000000000000e+02 9.347670376658522295e-01 6.523296233396048971e-02
1.575000000000000000e+02 9.778513017229268911e-01 2.214869827688405873e-02
1.600000000000000000e+02 7.662462658106298230e-01 2.337537341891766096e-01
1.625000000000000000e+02 4.112049278364540150e-01 5.887950721633428142e-01
1.650000000000000000e+02 1.073486963548633127e-01 8.926513036449346128e-01
1.675000000000000000e+02 1.289097576497831577e-02 9.871090242348178334e-01
1.700000000000000000e+02 1.809987857370853048e-01 8.190012142627055569e-01
1.725000000000000000e+02 5.253982262641381240e-01 4.746017737356559296e-01
1.750000000000000000e+02 8.559322826921723637e-01 1.440677173076166939e-01
1.775000000000000000e+02 9.971352850145008828e-01 2.864714985286699860e-03
1.800000000000000000e+02 8.691576043960542730e-01 1.308423956037248759e-01
1.825000000000000000e+02 5.395979439151167290e-01 4.604020560846644461e-01
1.850000000000000000e+02 1.924346172643583985e-01 8.075653827354190017e-01
1.875000000000000000e+02 1.072685580562082741e-02 9.892731441941561288e-01
1.900000000000000000e+02 9.426825648393989676e-02 9.057317435158347418e-01
1.925000000000000000e+02 3.987144347094233598e-01 6.012855652903492665e-01
1.950000000000000000e+02 7.564974009094550533e-01 2.435025990903238458e-01
1.975000000000000000e+02 9.805541062801379493e-01 1.944589371963975633e-02
2.000000000000000000e+02 9.461021397912455777e-01 5.389786020852819354e-02
2.025000000000000000e+02 6.693656266161843726e-01 3.306343733835863663e-01
2.050000000000000000e+02 3.029460778040578006e-01 6.970539221957142706e-01
2.075000000000000000e+02 4.097664344079669091e-02 9.590233565589698639e-01
2.100000000000000000e+02 3.005944606821655402e-02 9.699405539315526514e-01
2.125000000000000000e+02 2.753704828367323776e-01 7.246295171630399157e-01
2.150000000000000000e+02 6.391229932989272999e-01 3.608770067008431059e-01
2.175000000000000000e+02 9.293765865252544556e-01 7.062341347450792894e-02
2.200000000000000000e+02 9.870323475168284455e-01 1.296765248293239685e-02
2.225000000000000000e+02 7.837577547021032931e-01 2.162422452976618115e-01
2.250000000000000000e+02 4.321084272388809877e-01 5.678915727608798703e-01
2.275000000000000000e+02 1.153694518389004331e-01 8.846305481608612853e-01
2.300000000000000000e+02 7.996467651106592411e-03 9.920035323486444678e-01
2.325000000000000000e+02 1.670196333359420526e-01 8.329803666638069259e-01
2.350000000000000000e+02 5.049787229904311170e-01 4.950212770093060377e-01
2.375000000000000000e+02 8.434768765542872693e-01 1.565231234454507736e-01
2.400000000000000000e+02 9.940672678858136768e-01 5.932732113918132329e-03
2.425000000000000000e+02 8.781108022578468786e-01 1.218891977418809502e-01
2.450000000000000000e+02 5.616408234750250861e-01 4.383591765246976912e-01
2.475000000000000000e+02 2.118440419550002562e-01 7.881559580447162761e-01
2.500000000000000000e+02 2.096016067984766973e-02 9.790398393198673777e-01
2.525000000000000000e+02 8.742122874496352503e-02 9.125787712547386299e-01
2.550000000000000000e+02 3.745960017722475555e-01 6.254039982274546272e-01
2.575000000000000000e+02 7.336517407015616943e-01 2.663482592981424868e-01
2.600000000000000000e+02 9.671711106679559133e-01 3.282888933174157170e-02
2.625000000000000000e+02 9.513331585051465478e-01 4.866684149454900132e-02
2.650000000000000000e+02 6.928752641987657723e-01 3.071247358009258632e-01
2.675000000000000000e+02 3.270818043916971507e-01 6.729181956079893778e-01
2.700000000000000000e+02 5.755640231105007415e-02 9.424435976886360589e-01
2.725000000000000000e+02 2.680111413104215023e-02 9.731988858686426713e-01
2.750000000000000000e+02 2.513093158537754723e-01 7.486906841459084472e-01
2.775000000000000000e+02 6.124914371330679730e-01 3.875085628666196658e-01
2.800000000000000000e+02 9.112627702502330562e-01 8.873722974945155717e-02
2.825000000000000000e+02 9.920445190794749957e-01 7.955480920208264639e-03
2.850000000000000000e+02 8.100407092613886029e-01 1.899592907382878226e-01
2.875000000000000000e+02 4.590465909379520815e-01 5.409534090617269531e-01
2.900000000000000000e+02 1.319970450978720788e-01 8.680029549017977963e-01
2.925000000000000000e+02 1.700816147434405356e-03 9.982991838522409234e-01
2.950000000000000000e+02 1.422050758141928106e-01 8.577949241854760931e-01
2.975000000000000000e+02 4.799448714078417000e-01 5.200551285918272315e-01
3.000000000000000000e+02 8.261569393004050132e-01 1.738430606992638072e-01
3.025000000000000000e+02 9.973244378819241529e-01 2.675562117740129531e-03
3.050000000000000000e+02 8.994193946957189656e-01 1.005806053039463022e-01
3.075000000000000000e+02 5.859105593003697265e-01 4.140894406992968735e-01
3.100000000000000000e+02 2.311130236731620546e-01 7.688869763264943868e-01
3.125000000000000000e+02 2.048038991003216930e-02 9.795196100896192970e-01
3.150000000000000000e+02 6.964742472992965783e-02 9.303525752697195950e-01
3.175000000000000000e+02 3.532232844679860650e-01 6.467767155316691552e-01
3.200000000000000000e+02 7.150464343567275449e-01 2.849535656429240116e-01
3.225000000000000000e+02 9.644173817613680422e-01 3.558261823828187675e-02
3.250000000000000000e+02 9.618279847899968704e-01 3.817201520964961375e-02
3.275000000000000000e+02 7.083280084603477134e-01 2.916719915393009566e-01
3.300000000000000000e+02 3.458032291615444898e-01 6.541967708380981295e-01
3.325000000000000000e+02 6.626665063013999213e-02 9.337333493694999209e-01
3.350000000000000000e+02 2.378301685760497025e-02 9.762169831420242083e-01
3.375000000000000000e+02 2.386673922826002270e-01 7.613326077170342598e-01
3.400000000000000000e+02 5.913568095407535363e-01 4.086431904588743724e-01
3.425000000000000000e+02 8.982450756122943858e-01 1.017549243873357712e-01
3.450000000000000000e+02 9.914401675065181996e-01 8.559832493105821657e-03
3.475000000000000000e+02 8.217817920633169182e-01 1.782182079363056060e-01
3.500000000000000000e+02 4.812784556453205687e-01 5.187215443543007343e-01
3.525000000000000000e+02 1.476814151887038129e-01 8.523185848109144924e-01
3.550000000000000000e+02 6.232108107363319716e-03 9.937678918922616678e-01
3.575000000000000000e+02 1.321788024263557126e-01 8.678211975732657013e-01
3.600000000000000000e+02 4.554628131873408314e-01 5.445371868122840242e-01
3.625000000000000000e+02 8.053358295227599495e-01 1.946641704768651560e-01
3.650000000000000000e+02 9.886084179497391933e-01 1.139158204988022574e-02
3.675000000000000000e+02 9.106312528830070585e-01 8.936874711660945658e-02
3.700000000000000000e+02 6.152521162590866011e-01 3.847478837405228225e-01
3.725000000000000000e+02 2.562711015854398644e-01 7.437288984141661174e-01
3.750000000000000000e+02 3.055983543300283892e-02 9.694401645665831069e-01
3.775000000000000000e+02 5.692107126543291540e-02 9.430789287341452276e-01
3.800000000000000000e+02 3.227358613803533727e-01 6.772641386192153057e-01
3.825000000000000000e+02 6.894246925806422066e-01 3.105753074189300800e-01
3.850000000000000000e+02 9.527354899151848633e-01 4.726451008438130319e-02
3.875000000000000000e+02 9.722035128636530299e-01 2.779648713591420170e-02
3.900000000000000000e+02 7.367617904830829900e-01 2.632382095164782498e-01
3.925000000000000000e+02 3.717545103610318535e-01 6.282454896385333276e-01
3.950000000000000000e+02 8.045173254409750119e-02 9.195482674554721347e-01
3.975000000000000000e+02 1.548516953064709052e-02 9.845148304689185226e-01
4.000000000000000000e+02 2.119143640822488406e-01 7.880856359173225023e-01
4.025000000000000000e+02 5.668500997209817704e-01 4.331499002785924590e-01
4.050000000000000000e+02 8.849194922782955830e-01 1.150805077212709165e-01
4.075000000000000000e+02 9.988842304952543216e-01 1.115769504308325747e-03
4.100000000000000000e+02 8.440756930194419638e-01 1.559243069801153625e-01
4.125000000000000000e+02 5.007461338915039084e-01 4.992538661080576645e-01
4.150000000000000000e+02 1.599118185169002004e-01 8.400881814826551830e-01
4.175000000000000000e+02 2.521403780683484190e-03 9.974785962188799093e-01
4.200000000000000000e+02 1.158191126690249900e-01 8.841808873305383454e-01
4.225000000000000000e+02 4.384070163849232982e-01 5.615929836146523746e-01
4.250000000000000000e+02 7.903652811017118918e-01 2.096347188978570641e-01
4.275000000000000000e+02 9.877647795239246076e-01 1.223522047564754023e-02
4.300000000000000000e+02 9.235815489348141449e-01 7.641845106474880189e-02
4.325000000000000000e+02 6.323064940381997179e-01 3.676935059613637979e-01
4.350000000000000000e+02 2.737973364739158533e-01 7.262026635256495499e-01
4.375000000000000000e+02 3.498360711959326574e-02 9.650163928799682100e-01
4.400000000000000000e+02 4.817240689345862747e-02 9.518275931061037642e-01
4.425000000000000000e+02 3.073263695639785742e-01 6.926736304355862739e-01
4.450000000000000000e+02 6.688426391209560951e-01 3.311573608786145817e-01
4.475000000000000000e+02 9.416247605041210278e-01 5.837523949544696361e-02
4.500000000000000000e+02 9.745604120706563567e-01 2.543958792890859549e-02
4.525000000000000000e+02 7.518750009548909041e-01 2.481249990446717790e-01
4.550000000000000000e+02 3.981566863127878886e-01 6.018433136867735733e-01
4.575000000000000000e+02 9.855023379657580629e-02 9.014497662029793412e-01
4.600000000000000000e+02 1.691154338806564669e-02 9.830884566114949097e-01
4.625000000000000000e+02 1.955743785899050902e-01 8.044256214096537905e-01
4.650000000000000000e+02 5.373715410215720301e-01 4.626284589779772194e-01
4.675000000000000000e+02 8.645083335971954774e-01 1.354916664023517736e-01
4.700000000000000000e+02 9.954620922914483305e-01 4.537907708092861134e-03
4.725000000000000000e+02 8.592521348636290579e-01 1.407478651359096999e-01
4.750000000000000000e+02 5.300760822374591674e-01 4.699239177620745389e-01
4.775000000000000000e+02 1.818308879769162389e-01 8.181691120226153302e-01
4.800000000000000000e+02 8.616808166841315175e-03 9.913831918326955206e-01
4.825000000000000000e+02 1.014374026609001500e-01 8.985625973386340837e-01
4.850000000000000000e+02 4.080774719579741139e-01 5.919225280415697510e-01
4.875000000000000000e+02 7.675546280162863777e-01 2.324453719832538512e-01
4.900000000000000000e+02 9.821985377939084216e-01 1.780146220562302956e-02
4.925000000000000000e+02 9.397503277150405232e-01 6.024967228449019940e-02
4.950000000000000000e+02 6.623693211058931940e-01 3.376306788936375702e-01
4.975000000000000000e+02 2.941484039968654263e-01 7.058515960026591207e-01
5.000000000000000000e+02 3.913177691107991296e-02 9.608682230884357800e-01
5.025000000000000000e+02 3.320421408045784450e-02 9.667957859190434711e-01
5.050000000000000000e+02 2.805476224549916520e-01 7.194523775445037517e-01
5.075000000000000000e+02 6.497672247090938713e-01 3.502327752904024760e-01
5.100000000000000000e+02 9.345631438464728769e-01 6.543685615301564340e-02
5.125000000000000000e+02 9.853274980771329350e-01 1.467250192234778247e-02
5.150000000000000000e+02 7.759740081114676613e-01 2.240259918880115608e-01
5.175000000000000000e+02 4.180007702375408973e-01 5.819992297619347443e-01
5.200000000000000000e+02 1.089262443303078975e-01 8.910737556691528116e-01
5.225000000000000000e+02 9.766414363894436457e-03 9.902335856355746202e-01
5.250000000000000000e+02 1.752230435524253782e-01 8.247769564470441850e-01
5.275000000000000000e+02 5.192394169889071875e-01 4.807605830105610156e-01
5.300000000000000000e+02 8.515178282232764850e-01 1.484821717761877213e-01
5.325000000000000000e+02 9.962033754653376594e-01 3.796624534123129151e-03
5.350000000000000000e+02 8.724030115752717807e-01 1.275969884241847652e-01
5.375000000000000000e+02 5.462241420291761296e-01 4.537758579702773631e-01
5.400000000000000000e+02 1.999040110083696031e-01 8.000959889910890244e-01
5.425000000000000000e+02 1.547887318022355720e-02 9.845211268192347598e-01
5.450000000000000000e+02 9.320338901083802252e-02 9.067966109886239634e-01
5.475000000000000000e+02 3.909754562853477999e-01 6.090245437141059703e-01
5.500000000000000000e+02 7.451520487990270780e-01 2.548479512004226399e-01
5.525000000000000000e+02 9.718656570827277630e-01 2.813434291672065740e-02
5.550000000000000000e+02 9.461645118684662847e-01 5.383548813097863150e-02
5.575000000000000000e+02 6.798065079976088887e-01 3.201934920018320585e-01
5.600000000000000000e+02 3.184576314052049439e-01 6.815423685942267884e-01
5.625000000000000000e+02 5.214560428816391452e-02 9.478543957112743890e-01
5.650000000000000000e+02 2.947068079821361236e-02 9.705293192012159897e-01
5.675000000000000000e+02 2.626076311215406744e-01 7.373923688778891705e-01
5.700000000000000000e+02 6.216859788066605441e-01 3.783140211927621399e-01
5.725000000000000000e+02 9.178380543926780710e-01 8.216194560674446035e-02
5.750000000000000000e+02 9.884393051301987310e-01 1.156069486922197721e-02
5.775000000000000000e+02 7.975456064874575368e-01 2.024543935119595961e-01
5.800000000000000000e+02 4.500454159323786785e-01 5.499545840670397867e-01
5.825000000000000000e+02 1.266441609678204128e-01 8.733558390315983022e-01
5.850000000000000000e+02 5.825372260900260266e-03 9.941746277385190567e-01
5.875000000000000000e+02 1.527143334425930254e-01 8.472856665568198054e-01
5.900000000000000000e+02 4.875838699854098679e-01 5.124161300140022135e-01
5.925000000000000000e+02 8.337723063854179939e-01 1.662276936139893690e-01
5.950000000000000000e+02 9.974942153706007897e-01 2.505784628805756645e-03
5.975000000000000000e+02 8.917398855333691365e-01 1.082601144660376852e-01
6.000000000000000000e+02 5.763828282360005106e-01 4.236171717633994693e-01
6.025000000000000000e+02 2.189383972082432628e-01 7.810616027911556625e-01
6.050000000000000000e+02 1.734577398901075707e-02 9.826542260103930948e-01
6.075000000000000000e+02 7.641411892716870602e-02 9.235858810722352708e-01
6.100000000000000000e+02 3.631022976728908169e-01 6.368977023265127713e-01
6.125000000000000000e+02 7.276769014501291988e-01 2.723230985492702261e-01
6.150000000000000000e+02 9.688595549157787978e-01 3.114044508361907618e-02
6.175000000000000000e+02 9.587970140526898000e-01 4.120298594670802894e-02
6.200000000000000000e+02 7.016698456277026263e-01 2.983301543716934678e-01
6.225000000000000000e+02 3.329345061664551464e-01 6.670654938329442230e-01
6.250000000000000000e+02 5.842299566451892440e-02 9.415770043348736795e-01
6.275000000000000000e+02 2.317289645961778319e-02 9.768271035397624313e-01
6.300000000000000000e+02 2.452790729543664339e-01 7.547209270450100371e-01
6.325000000000000000e+02 6.062176212967061995e-01 3.937823787026683009e-01
6.350000000000000000e+02 9.065639118714786671e-01 9.343608812789105933e-02
6.375000000000000000e+02 9.907412154234345181e-01 9.258784575931881117e-03
6.400000000000000000e+02 8.135909589525269769e-01 1.864090410468354775e-01
6.425000000000000000e+02 4.672502508701437685e-01 5.327497491292187970e-01
6.450000000000000000e+02 1.415364371234585084e-01 8.584635628758978676e-01
6.475000000000000000e+02 7.118706376757487006e-03 9.928812936226054653e-01
6.500000000000000000e+02 1.393332419587459403e-01 8.606667580406017759e-01
6.525000000000000000e+02 4.691564752408354799e-01 5.308435247585069350e-01
6.550000000000000000e+02 8.132048489968137783e-01 1.867951510025265272e-01
6.575000000000000000e+02 9.900452900131576639e-01 9.954709986176446881e-03
6.600000000000000000e+02 9.027789036655764487e-01 9.722109633375734805e-02
6.625000000000000000e+02 5.988401533566698465e-01 4.011598466426649079e-01
6.650000000000000000e+02 2.464126289740860565e-01 7.535873710252376512e-01
6.675000000000000000e+02 2.890202979352125834e-02 9.710979702058056828e-01
6.700000000000000000e+02 6.553576022016595337e-02 9.344642397791471655e-01
6.725000000000000000e+02 3.382216443774701542e-01 6.617783556218379548e-01
6.750000000000000000e+02 6.980802569466109109e-01 3.019197430526974757e-01
6.775000000000000000e+02 9.562509948452595498e-01 4.374900515404967632e-02
6.800000000000000000e+02 9.678829769510902681e-01 3.211702304821389964e-02
6.825000000000000000e+02 7.250760354317346001e-01 2.749239645675701782e-01
6.850000000000000000e+02 3.626345560605088725e-01 6.373654439387943516e-01
6.875000000000000000e+02 7.269804520925066127e-02 9.273019547900539505e-01
6.900000000000000000e+02 1.635089615834001489e-02 9.836491038409629351e-01
6.925000000000000000e+02 2.223916506703475515e-01 7.776083493289570603e-01
6.950000000000000000e+02 5.763074493028687018e-01 4.236925506964296928e-01
6.975000000000000000e+02 8.930223372043208929e-01 1.069776627949738518e-01
7.000000000000000000e+02 9.982062666754294433e-01 1.793733323857868520e-03
7.025000000000000000e+02 8.358915168697320652e-01 1.641084831295535618e-01
7.050000000000000000e+02 4.942175705673980124e-01 5.057824294318863378e-01
7.075000000000000000e+02 1.523016850267134015e-01 8.476983149725716427e-01
7.100000000000000000e+02 8.845636790095392360e-04 9.991154363202565669e-01
7.125000000000000000e+02 1.209308165317146688e-01 8.790691834675474770e-01
7.150000000000000000e+02 4.452105356026722638e-01 5.547894643965876060e-01
7.175000000000000000e+02 8.012048865388238239e-01 1.987951134604308834e-01
7.200000000000000000e+02 9.912511111698277810e-01 8.748888829420974414e-03
7.225000000000000000e+02 9.172434321577821459e-01 8.275656784146695477e-02
7.250000000000000000e+02 6.221440293807880551e-01 3.778559706184559941e-01
7.275000000000000000e+02 2.610070812689995190e-01 7.389929187302402003e-01
7.300000000000000000e+02 3.212864549001688552e-02 9.678713545092256787e-01
7.325000000000000000e+02 5.491848455724015338e-02 9.450815154419965891e-01
7.350000000000000000e+02 3.174520672515015463e-01 6.825479327477315117e-01
7.375000000000000000e+02 6.824225328801977186e-01 3.175774671190360610e-01
7.400000000000000000e+02 9.470905086695725617e-01 5.290949132964962304e-02
7.425000000000000000e+02 9.712626822479795141e-01 2.873731775124233750e-02
7.450000000000000000e+02 7.419556593020149027e-01 2.580443406972007803e-01
7.475000000000000000e+02 3.813431310848827138e-01 6.186568689143250310e-01
7.500000000000000000e+02 8.968718885004203778e-02 9.103128111491493035e-01
7.525000000000000000e+02 1.884622879133276280e-02 9.811537712078622908e-01
7.550000000000000000e+02 2.063860612278828610e-01 7.936139387712992654e-01
7.575000000000000000e+02 5.542294117479084070e-01 4.457705882512681961e-01
7.600000000000000000e+02 8.720562006880419048e-01 1.279437993111335603e-01
7.625000000000000000e+02 9.940626972809871731e-01 5.937302718186013469e-03
7.650000000000000000e+02 8.514265694834348697e-01 1.485734305157328516e-01
7.675000000000000000e+02 5.169309687692381639e-01 4.830690312299265043e-01
7.700000000000000000e+02 1.752155428026969386e-01 8.247844571964570992e-01
7.725000000000000000e+02 7.104759331246658996e-03 9.928952406678981379e-01
7.750000000000000000e+02 1.065197691652349926e-01 8.934802308339264698e-01
7.775000000000000000e+02 4.206618925334495440e-01 5.793381074657103502e-01
7.800000000000000000e+02 7.750080480529419891e-01 2.249919519462199868e-01
7.825000000000000000e+02 9.840819441264472278e-01 1.591805587271269418e-02
7.850000000000000000e+02 9.335092469107486579e-01 6.649075308840489418e-02
7.875000000000000000e+02 6.497991557585343081e-01 3.502008442406127631e-01
7.900000000000000000e+02 2.883122899655876648e-01 7.116877100335560202e-01
7.925000000000000000e+02 3.791435392684258665e-02 9.620856460723127279e-01
7.950000000000000000e+02 3.823334173230902300e-02 9.617666582668464859e-01
7.975000000000000000e+02 2.909302124177305382e-01 7.090697875814232498e-01
8.000000000000000000e+02 6.561647810001399739e-01 3.438352189990141472e-01
8.025000000000000000e+02 9.399595962463023202e-01 6.004040375285091269e-02
8.050000000000000000e+02 9.836950411660203564e-01 1.630495883313008015e-02
8.075000000000000000e+02 7.652496698262040153e-01 2.347503301729481628e-01
8.100000000000000000e+02 4.076094782869443267e-01 5.923905217121994138e-01
8.125000000000000000e+02 9.950189064662484650e-02 9.004981093525250557e-01
8.150000000000000000e+02 1.039959676298486679e-02 9.896004032361594982e-01
8.175000000000000000e+02 1.861346774660703751e-01 8.138653225330715335e-01
8.200000000000000000e+02 5.299398151865747364e-01 4.700601848125646742e-01
8.225000000000000000e+02 8.620412577233660389e-01 1.379587422757760917e-01
8.250000000000000000e+02 9.981699690281642390e-01 1.830030970977173082e-03
8.275000000000000000e+02 8.653597525662679590e-01 1.346402474328705079e-01
8.300000000000000000e+02 5.368006311789328411e-01 4.631993688201999637e-01
8.325000000000000000e+02 1.865920918179088117e-01 8.134079081812263246e-01
8.350000000000000000e+02 9.806379855229465856e-03 9.901936201438964469e-01
8.375000000000000000e+02 9.851822298471414607e-02 9.014817770144128994e-01
8.400000000000000000e+02 4.017069252436961668e-01 5.982930747554134898e-01
8.425000000000000000e+02 7.596806825982704847e-01 2.403193174008333988e-01
8.450000000000000000e+02 9.762514983584693606e-01 2.374850164062583188e-02
8.475000000000000000e+02 9.395989693300177414e-01 6.040103066907618473e-02
8.500000000000000000e+02 6.696767019433494950e-01 3.303232980557401777e-01
8.525000000000000000e+02 3.062824868212914442e-01 6.937175131777918446e-01
8.550000000000000000e+02 4.938262570599405432e-02 9.506173742930953408e-01
8.575000000000000000e+02 3.469723651271114373e-02 9.653027634863780015e-01
8.600000000000000000e+02 2.713208063958991723e-01 7.286791936031757899e-01
8.625000000000000000e+02 6.345557653598585812e-01 3.654442346392157148e-01
8.650000000000000000e+02 9.224686296046388234e-01 7.753137039443259992e-02
8.675000000000000000e+02 9.840967227770672787e-01 1.590327722199807309e-02
8.700000000000000000e+02 7.868204192685678278e-01 2.131795807304860402e-01
8.725000000000000000e+02 4.349159157054949820e-01 5.650840842935553887e-01
8.750000000000000000e+02 1.218275134444668506e-01 8.781724865545880165e-01
8.775000000000000000e+02 1.052596968739511960e-02 9.894740303116580371e-01
8.800000000000000000e+02 1.630518913187186114e-01 8.369481086803379766e-01
8.825000000000000000e+02 5.012744800359054675e-01 4.987255199631476232e-01
8.850000000000000000e+02 8.389121043228233709e-01 1.610878956762255010e-01
8.875000000000000000e+02 9.969842090147721381e-01 3.015790984276214316e-03
8.900000000000000000e+02 8.858432229157160442e-01 1.141567770833240292e-01
8.925000000000000000e+02 5.636755789613532297e-01 4.363244210376899246e-01
8.950000000000000000e+02 2.104810799057409421e-01 7.895189200933003804e-01
8.975000000000000000e+02 1.314367833435099546e-02 9.868563216646897285e-01
9.000000000000000000e+02 8.038660590625021363e-02 9.196133940927927464e-01
9.025000000000000000e+02 3.758974370429891132e-01 6.241025629560500443e-01
9.050000000000000000e+02 7.364396022609229764e-01 2.635603977381150709e-01
9.075000000000000000e+02 9.736838569204109284e-01 2.631614307862089122e-02
9.100000000000000000e+02 9.563264024141950870e-01 4.367359758483539689e-02
9.125000000000000000e+02 6.920169657173425026e-01 3.079830342816852196e-01
9.150000000000000000e+02 3.260645738209047018e-01 6.739354261781113076e-01
9.175000000000000000e+02 5.174356953082109162e-02 9.482564304681904144e-01
9.200000000000000000e+02 2.249382804044718076e-02 9.775061719585437237e-01
9.225000000000000000e+02 2.535709901041169889e-01 7.464290098948751506e-01
9.250000000000000000e+02 6.151472698798438055e-01 3.848527301191492778e-01
9.275000000000000000e+02 9.159661232440118317e-01 8.403387675498628917e-02
9.300000000000000000e+02 9.907717229365085032e-01 9.228277062485768303e-03
9.325000000000000000e+02 8.025939948995062245e-01 1.974060050994880799e-01
9.350000000000000000e+02 4.562549872083024871e-01 5.437450127906859887e-01
9.375000000000000000e+02 1.322626992543129987e-01 8.677373007446771425e-01
9.400000000000000000e+02 8.466778948430030149e-03 9.915332210505505284e-01
9.425000000000000000e+02 1.501625499681581988e-01 8.498374500308151225e-01
9.450000000000000000e+02 4.799126793404671076e-01 5.200873206584945008e-01
9.475000000000000000e+02 8.243113328286659769e-01 1.756886671702941882e-01
9.500000000000000000e+02 9.916413464562416902e-01 8.358653542716223267e-03
9.525000000000000000e+02 8.937339744032379851e-01 1.062660255957213612e-01
9.550000000000000000e+02 5.861056458304236827e-01 4.138943541685320415e-01
9.575000000000000000e+02 2.315764565665704988e-01 7.684235434323847258e-01
9.600000000000000000e+02 2.558683336071947145e-02 9.744131666382206403e-01
9.625000000000000000e+02 7.459627888598202583e-02 9.254037211129604312e-01
9.650000000000000000e+02 3.512274219333636482e-01 6.487725780655724250e-01
9.675000000000000000e+02 7.120128793467531692e-01 2.879871206521839588e-01
9.700000000000000000e+02 9.590012323430691099e-01 4.099876765586919075e-02
9.725000000000000000e+02 9.617216580410786753e-01 3.827834195785990296e-02
9.750000000000000000e+02 7.163847980009149241e-01 2.836152019980157091e-01
9.775000000000000000e+02 3.507351862184951985e-01 6.492648137804295505e-01
9.800000000000000000e+02 6.814129756835474172e-02 9.318587024305654554e-01
9.825000000000000000e+02 1.852673533364838226e-02 9.814732646652621906e-01
9.850000000000000000e+02 2.293061444300424079e-01 7.706938555688557235e-01
9.875000000000000000e+02 5.887784373660978066e-01 4.112215626327945794e-01
9.900000000000000000e+02 8.980586141078243934e-01 1.019413858910652171e-01
9.925000000000000000e+02 9.958841938903612023e-01 4.115806108529481040e-03
9.950000000000000000e+02 8.286761866232846829e-01 1.713238133755921322e-01
9.975000000000000000e+02 4.830989764684202603e-01 5.169010235304551948e-01
1.000000000000000000e+03 1.489728061453166330e-01 8.510271938535570735e-01
1.002500000000000000e+03 2.242079782085191434e-03 9.977579202167913275e-01
1.005000000000000000e+03 1.258807934240103732e-01 8.741192065748689677e-01
1.007500000000000000e+03 4.555873617320351787e-01 5.444126382668412756e-01
1.010000000000000000e+03 8.072721858801973349e-01 1.927278141186787030e-01
1.012500000000000000e+03 9.941492499017363649e-01 5.850750097135764757e-03
1.015000000000000000e+03 9.129994242468909560e-01 8.700057575197657489e-02
1.017500000000000000e+03 6.086185687917753384e-01 3.913814312070940660e-01
1.020000000000000000e+03 2.509145973381262107e-01 7.490854026607416394e-01
1.022500000000000000e+03 2.713972457107577396e-02 9.728602754277904108e-01
1.025000000000000000e+03 5.970113941230609234e-02 9.402988605865638672e-01
1.027500000000000000e+03 3.313791517122965380e-01 6.686208482865689806e-01
1.030000000000000000e+03 6.928089712188200133e-01 3.071910287800463379e-01
1.032500000000000000e+03 9.542587919484510905e-01 4.574120805040988308e-02
1.035000000000000000e+03 9.698678722269913344e-01 3.013212777186634328e-02
1.037500000000000000e+03 7.305917612915325821e-01 2.694082387073237772e-01
1.040000000000000000e+03 3.697529997975370630e-01 6.302470002013160766e-01
1.042500000000000000e+03 7.846560926426757177e-02 9.215343907345835417e-01
1.045000000000000000e+03 1.780446116862303974e-02 9.821955388302217038e-01
1.047500000000000000e+03 2.178580827488099947e-01 7.821419172500295725e-01
1.050000000000000000e+03 5.669245225912949993e-01 4.330754774075480928e-01
1.052500000000000000e+03 8.829850782504633511e-01 1.170149217483771320e-01
1.055000000000000000e+03 9.933792344765616233e-01 6.620765522265443376e-03
1.057500000000000000e+03 8.404833893415426527e-01 1.595166106572822595e-01
1.060000000000000000e+03 5.070352283908986513e-01 4.929647716079182396e-01
1.062500000000000000e+03 1.664776454467510602e-01 8.335223545520640265e-01
1.065000000000000000e+03 7.529970991908261670e-03 9.924700290068997344e-01
1.067500000000000000e+03 1.150229231551065656e-01 8.849770768437019708e-01
1.070000000000000000e+03 4.297390563729698298e-01 5.702609436258285758e-01
1.072500000000000000e+03 7.853816025150049951e-01 2.146183974837945485e-01
1.075000000000000000e+03 9.848181368491250032e-01 1.518186314966899798e-02
1.077500000000000000e+03 9.244134237292471745e-01 7.558657626954468078e-02
1.080000000000000000e+03 6.386693814229192911e-01 3.613306185758696776e-01
1.082500000000000000e+03 2.770464260981673199e-01 7.229535739006244244e-01
1.085000000000000000e+03 3.803818151447697221e-02 9.619618184843102826e-01
1.087500000000000000e+03 4.696555081148542227e-02 9.530344491873019575e-01
1.090000000000000000e+03 3.005671755862263095e-01 6.994328244125520566e-01
1.092500000000000000e+03 6.670141489408354385e-01 3.329858510579417064e-01
1.095000000000000000e+03 9.425704155840148868e-01 5.742958441475801840e-02
1.097500000000000000e+03 9.801026679045353740e-01 1.989733209423742363e-02
1.100000000000000000e+03 7.579474697270488504e-01 2.420525302717176086e-01
1.102500000000000000e+03 3.943228905731261391e-01 6.056771094256425680e-01
1.105000000000000000e+03 9.228404551470970052e-02 9.077159544840474048e-01
1.107500000000000000e+03 1.058079934968354958e-02 9.894192006490740710e-01
1.110000000000000000e+03 1.932194914360476079e-01 8.067805085627240969e-01
1.112500000000000000e+03 5.438710074112043102e-01 4.561289925875768314e-01
1.115000000000000000e+03 8.694546968968451806e-01 1.305453031019281895e-01
1.117500000000000000e+03 9.994859663677214678e-01 5.140336310530876094e-04
1.120000000000000000e+03 8.610258422379627463e-01 1.389741577608025191e-01
1.122500000000000000e+03 5.255207948012134977e-01 4.744792051975490477e-01
1.125000000000000000e+03 1.789575091839108456e-01 8.210424908148397094e-01
1.127500000000000000e+03 5.039780936101028071e-03 9.949602190626503084e-01
1.130000000000000000e+03 1.005403296621736192e-01 8.994596703365688173e-01
1.132500000000000000e+03 4.137284800591966571e-01 5.862715199395457377e-01
1.135000000000000000e+03 7.696195831320662428e-01 2.303804168666751251e-01
1.137500000000000000e+03 9.817690862058278123e-01 1.823091379291235520e-02
1.140000000000000000e+03 9.351032106066486937e-01 6.489678939209039821e-02
1.142500000000000000e+03 6.555216560961117933e-01 3.444783439026269933e-01
1.145000000000000000e+03 2.966700847260116958e-01 7.033299152727204850e-01
1.147500000000000000e+03 4.519430612601252339e-02 9.548056938727120802e-01
1.150000000000000000e+03 3.988360869956739108e-02 9.601163912991522720e-01
1.152500000000000000e+03 2.846006197361434786e-01 7.153993802625698839e-01
1.155000000000000000e+03 6.444308676293903915e-01 3.555691323693222494e-01
1.157500000000000000e+03 9.294264618898454566e-01 7.057353810886496381e-02
1.160000000000000000e+03 9.811137551610146224e-01 1.888624483770105084e-02
1.162500000000000000e+03 7.731404787510255394e-01 2.268595212476751666e-01
1.165000000000000000e+03 4.219918286304941701e-01 5.780081713682019284e-01
1.167500000000000000e+03 1.121084152775270737e-01 8.878915847211735768e-01
1.170000000000000000e+03 1.339142299187223197e-02 9.866085770068219185e-01
1.172500000000000000e+03 1.768273070119689705e-01 8.231726929867289044e-01
1.175000000000000000e+03 5.132947031173020758e-01 4.867052968813928016e-01
1.177500000000000000e+03 8.480235612841289239e-01 1.519764387145624562e-01
1.180000000000000000e+03 9.957966393985561160e-01 4.203360600132307300e-03
1.182500000000000000e+03 8.767953594711140886e-01 1.232046405275694229e-01
1.185000000000000000e+03 5.551144629445926570e-01 4.448855370540842902e-01
1.187500000000000000e+03 2.003259461336485137e-01 7.996740538650259911e-01
1.190000000000000000e+03 1.052156272713215997e-02 9.894784372715388354e-01
1.192500000000000000e+03 8.603251840166999120e-02 9.139674815969975885e-01
1.195000000000000000e+03 3.841457982009814365e-01 6.158542017976756933e-01
1.197500000000000000e+03 7.476354751224478790e-01 2.523645248762038662e-01
1.200000000000000000e+03 9.762148548338460685e-01 2.378514516480541990e-02
1.202500000000000000e+03 9.507880369550217869e-01 4.921196304362712715e-02
1.205000000000000000e+03 6.848749662238299285e-01 3.151250337748176533e-01
1.207500000000000000e+03 3.166738687086312343e-01 6.833261312900099638e-01
1.210000000000000000e+03 4.964651826770063309e-02 9.503534817309500227e-01
1.212500000000000000e+03 2.557861270245366872e-02 9.744213872961884348e-01
1.215000000000000000e+03 2.589383305878318886e-01 7.410616694108166369e-01
1.217500000000000000e+03 6.260698681868529514e-01 3.739301318117869699e-01
1.220000000000000000e+03 9.216830116114754778e-01 7.831698838716678879e-02
1.222500000000000000e+03 9.899510177323853632e-01 1.004898226625810555e-02
1.225000000000000000e+03 7.949743963574096295e-01 2.050256036412340110e-01
1.227500000000000000e+03 4.412324987981783297e-01 5.587675012004633679e-01
1.230000000000000000e+03 1.243570937250756403e-01 8.756429062735632263e-01
1.232500000000000000e+03 9.189756228745292119e-03 9.908102437698926845e-01
1.235000000000000000e+03 1.586792840561119800e-01 8.413207159425308834e-01
1.237500000000000000e+03 4.950961931906842639e-01 5.049038068079574337e-01
1.240000000000000000e+03 8.330183203458552121e-01 1.669816796527840153e-01
1.242500000000000000e+03 9.941865806133293182e-01 5.813419385304920139e-03
1.245000000000000000e+03 8.882678772876638762e-01 1.117321227109717430e-01
1.247500000000000000e+03 5.711766719955357896e-01 4.288233280030963601e-01
1.250000000000000000e+03 2.198404323932867110e-01 7.801595676053443285e-01
1.252500000000000000e+03 1.938984266385610639e-02 9.806101573347703049e-01
1.255000000000000000e+03 7.940873480341167912e-02 9.205912651952071757e-01
1.257500000000000000e+03 3.669277994663867060e-01 6.330722005322340085e-01
1.260000000000000000e+03 7.235302877462701510e-01 2.764697122523441242e-01
1.262500000000000000e+03 9.641348918137676582e-01 3.586510818485019042e-02
1.265000000000000000e+03 9.566556571194891889e-01 4.334434287912060368e-02
1.267500000000000000e+03 7.035282306257047980e-01 2.964717693729024273e-01
1.270000000000000000e+03 3.426543635602550819e-01 6.573456364383513106e-01
1.272500000000000000e+03 6.326718367358946660e-02 9.367328163250150386e-01
1.275000000000000000e+03 2.135061946030088545e-02 9.786493805383009725e-01
1.277500000000000000e+03 2.398541153681598703e-01 7.601458846304398609e-01
1.280000000000000000e+03 5.972008241621152846e-01 4.027991758364822816e-01
1.282500000000000000e+03 9.047989310880194536e-01 9.520106891057752985e-02
1.285000000000000000e+03 9.930245384381379825e-01 6.975461560455647678e-03
1.287500000000000000e+03 8.168218548770516119e-01 1.831781451215457601e-01
1.290000000000000000e+03 4.737146500676615024e-01 5.262853499309313454e-01
1.292500000000000000e+03 1.425187680325478157e-01 8.574812319660445326e-01
1.295000000000000000e+03 5.666377354428233509e-03 9.943336226441596981e-01
1.297500000000000000e+03 1.362257891612468630e-01 8.637742108373323013e-01
1.300000000000000000e+03 4.636230354979824497e-01 5.363769645005914688e-01
1.302500000000000000e+03 8.155763036108280017e-01 1.844236963877473046e-01
1.305000000000000000e+03 9.951363906438241980e-01 4.863609354743555352e-03
1.307500000000000000e+03 9.064369777902052672e-01 9.356302220836078265e-02
1.310000000000000000e+03 5.995556594992601518e-01 4.004443404993007216e-01
1.312500000000000000e+03 2.379172532681946839e-01 7.620827467303640246e-01
1.315000000000000000e+03 2.235266387588738524e-02 9.776473361226643011e-01
1.317500000000000000e+03 6.495460754378334922e-02 9.350453924547681428e-01
1.320000000000000000e+03 3.411614580359789706e-01 6.588385419625558681e-01
1.322500000000000000e+03 7.064195653749676396e-01 2.935804346235657558e-01
1.325000000000000000e+03 9.595887533817010207e-01 4.041124661682815589e-02
1.327500000000000000e+03 9.672906760829522721e-01 3.270932391557727914e-02
1.330000000000000000e+03 7.239171079815358567e-01 2.760828920169925427e-01
1.332500000000000000e+03 3.570024275500983668e-01 6.429975724484271460e-01
1.335000000000000000e+03 7.086694517354268086e-02 9.291330548249822074e-01
1.337500000000000000e+03 1.688493809397046894e-02 9.831150619045501138e-01
1.340000000000000000e+03 2.240017663024942429e-01 7.759982336960076221e-01
1.342500000000000000e+03 5.815445452119549774e-01 4.184554547865569907e-01
1.345000000000000000e+03 8.914871510274889888e-01 1.085128489710130428e-01
1.347500000000000000e+03 9.930674493966089589e-01 6.932550601894281808e-03
1.350000000000000000e+03 8.319873913845742264e-01 1.680126086139288599e-01
1.352500000000000000e+03 4.923963090167102763e-01 5.076036909817921439e-01
1.355000000000000000e+03 1.601435066819405506e-01 8.398564933165566515e-01
1.357500000000000000e+03 8.727865309220438766e-03 9.912721346892732210e-01
1.360000000000000000e+03 1.228092994183613007e-01 8.771907005801247159e-01
1.362500000000000000e+03 4.435263631295010001e-01 5.564736368689888746e-01
1.365000000000000000e+03 7.930040092451712264e-01 2.069959907533170385e-01
1.367500000000000000e+03 9.865498295353164471e-01 1.345017046316548427e-02
1.370000000000000000e+03 9.172109065766134162e-01 8.278909342186033249e-02
1.372500000000000000e+03 6.227778539463235674e-01 3.772221460521512637e-01
1.375000000000000000e+03 2.667619684740732966e-01 7.332380315243935964e-01
1.377500000000000000e+03 3.504350456081072041e-02 9.649564954376500525e-01
1.380000000000000000e+03 5.457107086532228535e-02 9.454289291331376965e-01
1.382500000000000000e+03 3.157444621065395030e-01 6.842555378919290554e-01
1.385000000000000000e+03 6.760332987659030124e-01 3.239667012325545548e-01
1.387500000000000000e+03 9.468313135225494559e-01 5.316868647591316277e-02
1.390000000000000000e+03 9.765332675085176550e-01 2.346673248993958599e-02
1.392500000000000000e+03 7.473178774840293359e-01 2.526821225144272876e-01
1.395000000000000000e+03 3.859426309390633358e-01 6.140573690593869038e-01
1.397500000000000000e+03 8.412399849797139173e-02 9.158760015004731025e-01
1.400000000000000000e+03 1.012677632523891272e-02 9.898732236731969669e-01
1.402500000000000000e+03 2.021925835515287762e-01 7.978074164469090013e-01
1.405000000000000000e+03 5.529690749000284455e-01 4.470309250984044747e-01
1.407500000000000000e+03 8.784503289815714933e-01 1.215496710168599559e-01
1.410000000000000000e+03 9.996940474342742577e-01 3.059525641579291001e-04
1.412500000000000000e+03 8.531253377212862921e-01 1.468746622771458232e-01
1.415000000000000000e+03 5.185581681634494622e-01 4.814418318349836245e-01
1.417500000000000000e+03 1.709158757273795959e-01 8.290841242710449421e-01
1.420000000000000000e+03 3.510235850557582270e-03 9.964897641478669410e-01
1.422500000000000000e+03 1.057237038762642301e-01 8.942762961221613072e-01
1.425000000000000000e+03 4.206545821984483124e-01 5.793454177999720622e-01
1.427500000000000000e+03 7.808171552366731660e-01 2.191828447617449604e-01
1.430000000000000000e+03 9.857837801727328264e-01 1.421621982568056081e-02
1.432500000000000000e+03 9.292609899010840779e-01 7.073901009732648515e-02
1.435000000000000000e+03 6.448650713703781845e-01 3.551349286280279793e-01
1.437500000000000000e+03 2.825927203749488692e-01 7.174072796234557403e-01
1.440000000000000000e+03 4.136227606578237598e-02 9.586377239326189237e-01
1.442500000000000000e+03 4.648825890838694658e-02 9.535117410900095791e-01
1.445000000000000000e+03 2.955159663184638852e-01 7.044840336799345071e-01
1.447500000000000000e+03 6.587458394424992036e-01 3.412541605558951918e-01
1.450000000000000000e+03 9.350952898967110904e-01 6.490471010168631649e-02
1.452500000000000000e+03 9.781628632229221187e-01 2.183713677547174589e-02
1.455000000000000000e+03 7.637297752184762922e-01 2.362702247799044475e-01
1.457500000000000000e+03 4.056179682888714222e-01 5.943820317095105388e-01
1.460000000000000000e+03 1.030139373866562902e-01 8.969860626117132085e-01
1.462500000000000000e+03 1.415850724711563945e-02 9.858414927512505477e-01
1.465000000000000000e+03 1.866462238464665080e-01 8.133537761518887521e-01
1.467500000000000000e+03 5.298357376701874344e-01 4.701642623281656608e-01
1.470000000000000000e+03 8.558027863752173392e-01 1.441972136231294277e-01
1.472500000000000000e+03 9.949013880846678815e-01 5.098611913676352747e-03
1.475000000000000000e+03 8.692773029507065985e-01 1.307226970476388916e-01
1.477500000000000000e+03 5.425491131374691189e-01 4.574508868608738177e-01
1.480000000000000000e+03 1.944645396634132328e-01 8.055354603349338394e-01
1.482500000000000000e+03 9.098155048135611947e-03 9.909018449502056125e-01
1.485000000000000000e+03 9.048462895393581673e-02 9.095153710444172646e-01
1.487500000000000000e+03 3.956925603027064975e-01 6.043074396956492622e-01
1.490000000000000000e+03 7.547304027011240146e-01 2.452695972972292471e-01
1.492500000000000000e+03 9.788995889419395136e-01 2.110041105641473347e-02
1.495000000000000000e+03 9.453562449120549438e-01 5.464375508629906730e-02
1.497500000000000000e+03 6.723707482889064169e-01 3.276292517094411272e-01
1.500000000000000000e+03 3.100013947261653913e-01 6.899986052721813756e-01
1.502500000000000000e+03 4.740995496307429113e-02 9.525900450352647875e-01
1.505000000000000000e+03 3.039479356545103997e-02 9.696052064328797293e-01
1.507500000000000000e+03 2.695754606802978626e-01 7.304245393180249790e-01
1.510000000000000000e+03 6.330014489921030885e-01 3.669985510062102607e-01
1.512500000000000000e+03 9.279170770113261968e-01 7.208292298698920630e-02
1.515000000000000000e+03 9.891865117172933264e-01 1.081348828102092659e-02
1.517500000000000000e+03 7.849707998932863307e-01 2.150292001050274904e-01
1.520000000000000000e+03 4.304909461719643171e-01 5.695090538263429814e-01
1.522500000000000000e+03 1.133896695750245681e-01 8.866103304232809679e-01
1.525000000000000000e+03 8.317250841474076173e-03 9.916827491568378505e-01
1.527500000000000000e+03 1.689957967786983040e-01 8.310042032196103268e-01
1.530000000000000000e+03 5.064823115824230726e-01 4.935176884158864463e-01
1.532500000000000000e+03 8.446088048530312475e-01 1.553911951452688622e-01
1.535000000000000000e+03 9.965782625553920582e-01 3.421737442904560899e-03
1.537500000000000000e+03 8.814055886691909425e-01 1.185944113291054619e-01
1.540000000000000000e+03 5.619462767439518114e-01 4.380537232543387782e-01
1.542500000000000000e+03 2.068070161149598851e-01 7.931929838833321478e-01
1.545000000000000000e+03 1.379514202318092575e-02 9.862048579751084842e-01
1.547500000000000000e+03 8.407623838810997230e-02 9.159237616101696400e-01
1.550000000000000000e+03 3.770531413342109173e-01 6.229468586640629635e-01
1.552500000000000000e+03 7.379884664908198388e-01 2.620115335074558738e-01
1.555000000000000000e+03 9.687111745127345852e-01 3.128882548553917758e-02
1.557500000000000000e+03 9.502623003560130011e-01 4.973769964225822210e-02
1.560000000000000000e+03 6.930690091120810248e-01 3.069309908861809211e-01
1.562500000000000000e+03 3.302577637767466490e-01 6.697422362215095237e-01
1.565000000000000000e+03 6.091290187694185787e-02 9.390870981213126356e-01
1.567500000000000000e+03 2.698873937021858960e-02 9.730112606280282295e-01
1.570000000000000000e+03 2.486819465932161854e-01 7.513180534050298842e-01
1.572500000000000000e+03 6.097337377253708723e-01 3.902662622728735875e-01
1.575000000000000000e+03 9.092688288724755097e-01 9.073117112577502863e-02
1.577500000000000000e+03 9.894200352084290273e-01 1.057996478982248592e-02
1.580000000000000000e+03 8.068522862688043418e-01 1.931477137294408120e-01
1.582500000000000000e+03 4.585500497081363980e-01 5.414499502901077843e-01
1.585000000000000000e+03 1.366909443671293078e-01 8.633090556311175945e-01
1.587500000000000000e+03 8.958869185588597822e-03 9.910411308126577667e-01
1.590000000000000000e+03 1.459998742131778660e-01 8.540001257850751148e-01
1.592500000000000000e+03 4.775429120761692237e-01 5.224570879220731268e-01
1.595000000000000000e+03 8.213375519047554363e-01 1.786624480934781989e-01
1.597500000000000000e+03 9.955832402989569507e-01 4.416759699276665355e-03
1.600000000000000000e+03 9.014915451578822125e-01 9.850845484034538579e-02
1.602500000000000000e+03 5.877174718398430198e-01 4.122825281583852863e-01
1.605000000000000000e+03 2.294965016082578524e-01 7.705034983899610168e-01
1.607500000000000000e+03 1.685684162258375973e-02 9.831431583756368164e-01
1.610000000000000000e+03 6.736348844188162766e-02 9.326365115563303165e-01
1.612500000000000000e+03 3.531404447100973121e-01 6.468595552881137856e-01
1.615000000000000000e+03 7.156736936344676447e-01 2.843263063637339050e-01
1.617500000000000000e+03 9.655618567138803954e-01 3.443814328431919758e-02
1.620000000000000000e+03 9.652606632529407982e-01 3.473933674526290261e-02
1.622500000000000000e+03 7.140786633525677551e-01 2.859213366456434535e-01
1.625000000000000000e+03 3.498082662413115052e-01 6.501917337568968724e-01
1.627500000000000000e+03 6.411993513468765282e-02 9.358800648635207109e-01
1.630000000000000000e+03 1.649871114837521413e-02 9.835012888498204653e-01
1.632500000000000000e+03 2.322893678195373512e-01 7.677106321786637544e-01
1.635000000000000000e+03 5.904756976669230939e-01 4.095243023312707953e-01
1.637500000000000000e+03 9.012821175904905946e-01 9.871788240769971412e-02
1.640000000000000000e+03 9.934476453838732013e-01 6.552354614315941683e-03
1.642500000000000000e+03 8.209668423496490064e-01 1.790331576485372500e-01
1.645000000000000000e+03 4.805347792840260479e-01 5.194652207141583489e-01
1.647500000000000000e+03 1.497973450164644393e-01 8.502026549817207624e-01
1.650000000000000000e+03 9.888533135413622721e-03 9.901114668627652993e-01
1.652500000000000000e+03 1.340961808159276680e-01 8.659038191822449049e-01
1.655000000000000000e+03 4.549390617584093688e-01 5.450609382397589853e-01
1.657500000000000000e+03 8.044182731477856896e-01 1.955817268503803052e-01
1.660000000000000000e+03 9.881877129970466633e-01 1.181228700111452978e-02
1.662500000000000000e+03 9.087738299334141567e-01 9.122617006474026402e-02
1.665000000000000000e+03 6.107415594771901102e-01 3.892584405209641996e-01
1.667500000000000000e+03 2.519571710646774099e-01 7.480428289334729586e-01
1.670000000000000000e+03 3.088954129824519890e-02 9.691104586999003123e-01
1.672500000000000000e+03 6.223341713477077014e-02 9.377665828633762191e-01
1.675000000000000000e+03 3.280220866868298057e-01 6.719779133113039649e-01
1.677500000000000000e+03 6.901023275626892994e-01 3.098976724354490231e-01
1.680000000000000000e+03 9.500217908037524861e-01 4.997820919438045184e-02
1.682500000000000000e+03 9.710329704948026386e-01 2.896702950333000098e-02
1.685000000000000000e+03 7.392558290891960704e-01 2.607441709089236559e-01
1.687500000000000000e+03 3.747723330932951069e-01 6.252276669048223434e-01
1.690000000000000000e+03 7.999222081637617776e-02 9.200077791817322659e-01
1.692500000000000000e+03 1.161747522315340238e-02 9.883825247749437048e-01
1.695000000000000000e+03 2.079547144576468221e-01 7.920452855404577219e-01
1.697500000000000000e+03 5.647416819616706274e-01 4.352583180364269499e-01
1.700000000000000000e+03 8.838497044208716291e-01 1.161502955772287515e-01
1.702500000000000000e+03 9.984824170446100489e-01 1.517582953486531225e-03
1.705000000000000000e+03 8.462969377777536106e-01 1.537030622203438557e-01
1.707500000000000000e+03 5.068574649036846624e-01 4.931425350944044217e-01
1.710000000000000000e+03 1.666815165264227960e-01 8.333184834716580447e-01
1.712500000000000000e+03 4.302141584811544454e-03 9.956978584132747390e-01
1.715000000000000000e+03 1.109438923665087007e-01 8.890561076315713906e-01
1.717500000000000000e+03 4.315177500010778933e-01 5.684822499970028087e-01
1.720000000000000000e+03 7.874340332356031258e-01 2.125659667624715254e-01
1.722500000000000000e+03 9.895472564550155115e-01 1.045274354306177308e-02
1.725000000000000000e+03 9.256672877421194823e-01 7.433271225595292075e-02
1.727500000000000000e+03 6.313674397041733055e-01 3.686325602939000134e-01
1.730000000000000000e+03 2.714450423023755943e-01 7.285549576957019990e-01
1.732500000000000000e+03 3.472628333617021335e-02 9.652737166619009823e-01
1.735000000000000000e+03 5.049085814296419561e-02 9.495091418551013795e-01
1.737500000000000000e+03 3.097477046431292291e-01 6.902522953549397045e-01
1.740000000000000000e+03 6.700379818964256051e-01 3.299620181016338916e-01
1.742500000000000000e+03 9.429709488174562448e-01 5.702905118060271061e-02
1.745000000000000000e+03 9.768475121449936571e-01 2.315248785306428178e-02
1.747500000000000000e+03 7.526462495767514138e-01 2.473537504213057514e-01
1.750000000000000000e+03 3.945397842728362581e-01 6.054602157252153560e-01
1.752500000000000000e+03 9.195895322898800517e-02 9.080410467690618326e-01
1.755000000000000000e+03 1.274091929476040864e-02 9.872590807032891602e-01
1.757500000000000000e+03 1.971712642993843634e-01 8.028287356986518741e-01
1.760000000000000000e+03 5.419682361093227652e-01 4.580317638887093090e-01
1.762500000000000000e+03 8.668879855634739062e-01 1.331120144345515899e-01
1.765000000000000000e+03 9.944088786732567797e-01 5.591121324764283286e-03
1.767500000000000000e+03 8.584460138044462951e-01 1.415539861935790067e-01
1.770000000000000000e+03 5.326203210402136179e-01 4.673796789578139599e-01
1.772500000000000000e+03 1.859560979016044724e-01 8.140439020964169714e-01
1.775000000000000000e+03 1.010281692327876651e-02 9.898971830747489431e-01
1.777500000000000000e+03 9.898624277808770744e-02 9.010137572199351519e-01
1.780000000000000000e+03 4.042895789812884222e-01 5.957104210167434299e-01
1.782500000000000000e+03 7.647775701521192238e-01 2.352224298459124896e-01
1.785000000000000000e+03 9.799734991769848413e-01 2.002650082104357604e-02
1.787500000000000000e+03 9.372980658306216961e-01 6.270193416740382775e-02
1.790000000000000000e+03 6.616386953153422512e-01 3.383613046826767223e-01
1.792500000000000000e+03 2.979418407852510997e-01 7.020581592127724813e-01
1.795000000000000000e+03 4.622374850048577288e-02 9.537762514975302031e-01
1.797500000000000000e+03 3.809781433555668728e-02 9.619021856624691003e-01
1.800000000000000000e+03 2.792515218680899358e-01 7.207484781299240417e-01
1.802500000000000000e+03 6.445176950227795576e-01 3.554823049752279251e-01
1.805000000000000000e+03 9.313134742329078897e-01 6.868652576508878227e-02
1.807500000000000000e+03 9.866678372889216009e-01 1.333216270907077415e-02
1.810000000000000000e+03 7.785517885653617798e-01 2.214482114326219719e-01
1.812500000000000000e+03 4.174575708580948175e-01 5.825424291398848542e-01
1.815000000000000000e+03 1.053479398782061482e-01 8.946520601197673894e-01
1.817500000000000000e+03 6.771325239339037218e-03 9.932286747586366316e-01
1.820000000000000000e+03 1.749697748063091529e-01 8.250302251916538099e-01
1.822500000000000000e+03 5.205443059961715191e-01 4.794556940017832281e-01
1.825000000000000000e+03 8.529605452268268495e-01 1.470394547711253996e-01
1.827500000000000000e+03 9.987457105545040070e-01 1.254289443447490111e-03
1.830000000000000000e+03 8.770033201850719884e-01 1.229966798128707683e-01
1.832500000000000000e+03 5.503956579109365865e-01 4.496043420870061147e-01
1.835000000000000000e+03 1.992671250831881402e-01 8.007328749147595293e-01
1.837500000000000000e+03 9.223613996771816426e-03 9.907763860011715717e-01
1.840000000000000000e+03 8.625841250285390394e-02 9.137415874950880479e-01
1.842500000000000000e+03 3.888579010637278621e-01 6.111420989342094545e-01
1.845000000000000000e+03 7.478322759876808723e-01 2.521677240102550011e-01
1.847500000000000000e+03 9.746082264610274049e-01 2.539177353690346556e-02
1.850000000000000000e+03 9.458503022994295684e-01 5.414969769849824893e-02
1.852500000000000000e+03 6.785026945737588910e-01 3.214973054241631600e-01
1.855000000000000000e+03 3.198650480671679786e-01 6.801349519307511304e-01
1.857500000000000000e+03 5.623309671995126158e-02 9.437669032779668621e-01
1.860000000000000000e+03 3.259719505782122939e-02 9.674028049400913432e-01
1.862500000000000000e+03 2.624690272839011462e-01 7.375309727140091365e-01
1.865000000000000000e+03 6.197775308160944352e-01 3.802224691818100188e-01
1.867500000000000000e+03 9.163068536296570255e-01 8.369314636824852494e-02
1.870000000000000000e+03 9.867514317390050360e-01 1.324856825889791749e-02
1.872500000000000000e+03 7.940769646457646047e-01 2.059230353521360468e-01
1.875000000000000000e+03 4.461256692531558876e-01 5.538743307447487885e-01
1.877500000000000000e+03 1.262773625275634970e-01 8.737226374703360721e-01
1.880000000000000000e+03 1.049162411244151764e-02 9.895083758854549272e-01
1.882500000000000000e+03 1.585548903451671487e-01 8.414451096527287843e-01
1.885000000000000000e+03 4.893446489041559655e-01 5.106553510937353879e-01
1.887500000000000000e+03 8.310271625788937522e-01 1.689728374189970461e-01
1.890000000000000000e+03 9.950325232247572149e-01 4.967476773136152504e-03
1.892500000000000000e+03 8.932913149177194034e-01 1.067086850801706038e-01
1.895000000000000000e+03 5.799746206138312044e-01 4.200253793840548755e-01
1.897500000000000000e+03 2.197840366344450680e-01 7.802159633634384583e-01
1.900000000000000000e+03 1.392196219950762523e-02 9.860780377983723310e-01
1.902500000000000000e+03 7.170160052333271472e-02 9.282983994745399592e-01
1.905000000000000000e+03 3.603345409604125638e-01 6.396654590374571958e-01
1.907500000000000000e+03 7.269531771195683056e-01 2.730468228782949591e-01
1.910000000000000000e+03 9.689857568402320265e-01 3.101424315763307710e-02
1.912500000000000000e+03 9.605779526557393089e-01 3.942204734212626654e-02
1.915000000000000000e+03 7.066694378691049661e-01 2.933305621287554676e-01
1.917500000000000000e+03 3.395172132249417718e-01 6.604827867729193835e-01
1.920000000000000000e+03 6.151374362830307196e-02 9.384862563695484106e-01
1.922500000000000000e+03 1.959075445450757930e-02 9.804092455433475184e-01
1.925000000000000000e+03 2.381707741734938599e-01 7.618292258243657411e-01
1.927500000000000000e+03 6.018899588621533514e-01 3.981100411357068047e-01
1.930000000000000000e+03 9.074629284213312497e-01 9.253707157653162652e-02
1.932500000000000000e+03 9.933570323380296330e-01 6.642967659834683042e-03
1.935000000000000000e+03 8.135549966963201429e-01 1.864450033015389863e-01
1.937500000000000000e+03 4.648462251235501164e-01 5.351537748743071532e-01
1.940000000000000000e+03 1.405894044584087843e-01 8.594105955394435448e-01
1.942500000000000000e+03 9.457177816760184430e-03 9.905428221810849143e-01
1.945000000000000000e+03 1.426810395500642814e-01 8.573189604477839953e-01
1.947500000000000000e+03 4.708767845476049541e-01 5.291232154502398810e-01
1.950000000000000000e+03 8.137270929462001590e-01 1.862729070516386254e-01
1.952500000000000000e+03 9.910484234005927373e-01 8.951576597248944028e-03
1.955000000000000000e+03 9.034517689508537730e-01 9.654823104697943248e-02
1.957500000000000000e+03 5.964137176022826781e-01 4.035862823955556067e-01
1.960000000000000000e+03 2.408064463446757397e-01 7.591935536531517759e-01
1.962500000000000000e+03 2.436341611067341373e-02 9.756365838871523533e-01
1.965000000000000000e+03 6.611866552042980349e-02 9.338813344773958525e-01
1.967500000000000000e+03 3.427290736945854954e-01 6.572709263032414650e-01
1.970000000000000000e+03 7.013279985990772403e-01 2.986720013987409494e-01
1.972500000000000000e+03 9.555606867193439102e-01 4.443931327847450152e-02
1.975000000000000000e+03 9.662117692853686712e-01 3.378823071245142667e-02
1.977500000000000000e+03 7.266372948634011175e-01 2.733627051344175163e-01
1.980000000000000000e+03 3.670592838906265865e-01 6.329407161071901600e-01
1.982500000000000000e+03 7.551448596550361381e-02 9.244855140323122722e-01
1.985000000000000000e+03 1.465412012595095764e-02 9.853458798718440770e-01
1.987500000000000000e+03 2.179098962930655359e-01 7.820901037047212068e-01
1.990000000000000000e+03 5.724833867609349092e-01 4.275166132368492522e-01
1.992500000000000000e+03 8.907719743267141776e-01 1.092280256710706499e-01
1.995000000000000000e+03 9.964753192503656987e-01 3.524680747410320787e-03
1.997500000000000000e+03 8.352843795761335510e-01 1.647156204216380093e-01
2.000000000000000000e+03 4.971387283866585127e-01 5.028612716111116043e-01
