0.000000000000000000e+00 0.000000000000000000e+00 1.000000000000000000e+00
2.500000000000000000e+00 1.373925803444200344e-01 8.626074196555830742e-01
5.000000000000000000e+00 4.734925340258692161e-01 5.265074659741300067e-01
7.500000000000000000e+00 8.230520760172161943e-01 1.769479239827796424e-01
1.000000000000000000e+01 9.954181600184419665e-01 4.581839981549826538e-03
1.250000000000000000e+01 8.993007638242236368e-01 1.006992361757707705e-01
1.500000000000000000e+01 5.904064691854286062e-01 4.095935308145615683e-01
1.750000000000000000e+01 2.381761855188599952e-01 7.618238144811303458e-01
2.000000000000000000e+01 3.275019873242631524e-02 9.672498012675634360e-01
2.250000000000000000e+01 8.342092627872162158e-02 9.165790737212688999e-01
2.500000000000000000e+01 3.615217664752259363e-01 6.384782335247608520e-01
2.750000000000000000e+01 7.163504984699523570e-01 2.836495015300349865e-01
3.000000000000000000e+01 9.556237565589219551e-01 4.437624344106209928e-02
3.250000000000000000e+01 9.489771866826890445e-01 5.102281331729559277e-02
3.500000000000000000e+01 6.996014910512036167e-01 3.003985089487817839e-01
3.750000000000000000e+01 3.438527939358904106e-01 6.561472060640969328e-01
4.000000000000000000e+01 7.684353284178534194e-02 9.231564671582019876e-01
4.250000000000000000e+01 4.415401248230461928e-02 9.558459875176855691e-01
4.500000000000000000e+01 2.609316214927765443e-01 7.390683785072148515e-01
4.750000000000000000e+01 6.049380861896596073e-01 3.950619138103275696e-01
5.000000000000000000e+01 8.868035189491199066e-01 1.131964810508676172e-01
5.250000000000000000e+01 9.557396935233751778e-01 4.426030647661099993e-02
5.500000000000000000e+01 7.803171700120258292e-01 2.196828299879606539e-01
5.750000000000000000e+01 4.611957743133942023e-01 5.388042256865906987e-01
6.000000000000000000e+01 1.726844670528210612e-01 8.273155329471651998e-01
6.250000000000000000e+01 6.799940346253083301e-02 9.320005965374555945e-01
6.500000000000000000e+01 1.992203716451215190e-01 8.007796283548668237e-01
6.750000000000000000e+01 4.922065936431380684e-01 5.077934063568525502e-01
7.000000000000000000e+01 7.876645909390140865e-01 2.123354090609764211e-01
7.250000000000000000e+01 9.265724664868996152e-01 7.342753351309036502e-02
7.500000000000000000e+01 8.355695920598839033e-01 1.644304079401038010e-01
7.750000000000000000e+01 5.666479738157912394e-01 4.333520261841949939e-01
8.000000000000000000e+01 2.684240367210212752e-01 7.315759632789615718e-01
8.250000000000000000e+01 1.036104509904247489e-01 8.963895490095610263e-01
8.500000000000000000e+01 1.587067391384436310e-01 8.412932608615356633e-01
8.750000000000000000e+01 3.975889581584806098e-01 6.024110418414970747e-01
9.000000000000000000e+01 6.850917523262839426e-01 3.149082476736926872e-01
9.250000000000000000e+01 8.650043261588412635e-01 1.349956738411366985e-01
9.500000000000000000e+01 8.459242318352492296e-01 1.540757681647279276e-01
9.750000000000000000e+01 6.469349963091821643e-01 3.530650036907933553e-01
1.000000000000000000e+02 3.812893626343620834e-01 6.187106373656134917e-01
1.025000000000000000e+02 1.917112624630899487e-01 8.082887375368856819e-01
1.050000000000000000e+02 1.746870518805444528e-01 8.253129481194347861e-01
1.075000000000000000e+02 3.327955084512010386e-01 6.672044915487773675e-01
1.100000000000000000e+02 5.769941206737508876e-01 4.230058793262237993e-01
1.125000000000000000e+02 7.755861339124492382e-01 2.244138660875225899e-01
1.150000000000000000e+02 8.243053276551447484e-01 1.756946723448279402e-01
1.175000000000000000e+02 7.013312771507310694e-01 2.986687228492410640e-01
1.200000000000000000e+02 4.777819444805750937e-01 5.222180555193960405e-01
1.225000000000000000e+02 2.772666638524776683e-01 7.227333361474908013e-01
1.250000000000000000e+02 2.066541459249620627e-01 7.933458540750056853e-01
1.275000000000000000e+02 2.976474179435929512e-01 7.023525820563714106e-01
1.300000000000000000e+02 4.927513919395358211e-01 5.072486080604300396e-01
1.325000000000000000e+02 6.820426379871549205e-01 3.179573620128096079e-01
1.350000000000000000e+02 7.665111584272050749e-01 2.334888415727588429e-01
1.375000000000000000e+02 7.100505485972019581e-01 2.899494514027634029e-01
1.400000000000000000e+02 5.527020243862830196e-01 4.472979756136813423e-01
1.425000000000000000e+02 3.827479818222012664e-01 6.172520181777640946e-01
1.450000000000000000e+02 2.874364041342536980e-01 7.125635958657112745e-01
1.475000000000000000e+02 3.096210733433978346e-01 6.903789266565646399e-01
1.500000000000000000e+02 4.302167958660258473e-01 5.697832041339324638e-01
1.525000000000000000e+02 5.818727586837308952e-01 4.181272413162271384e-01
1.550000000000000000e+02 6.852905971378001615e-01 3.147094028621561512e-01
1.575000000000000000e+02 6.901107258003582601e-01 3.098892741996004396e-01
1.600000000000000000e+02 5.999191255806572975e-01 4.000808744193021238e-01
1.625000000000000000e+02 4.680766124855774701e-01 5.319233875143811741e-01
1.650000000000000000e+02 3.664291699828706173e-01 6.335708300170850293e-01
1.675000000000000000e+02 3.449361883350584579e-01 6.550638116649003528e-01
1.700000000000000000e+02 4.062101023754625673e-01 5.937898976244914140e-01
1.725000000000000000e+02 5.092645100068335928e-01 4.907354899931186121e-01
1.750000000000000000e+02 5.973850119738645104e-01 4.026149880260865288e-01
1.775000000000000000e+02 6.303556241530694493e-01 3.696443758468820895e-01
1.800000000000000000e+02 6.016980413545023332e-01 3.983019586454495387e-01
1.825000000000000000e+02 5.346597934128265450e-01 4.653402065871252713e-01
1.850000000000000000e+02 4.647532420260920283e-01 5.352467579738590109e-01
1.875000000000000000e+02 4.217240535768080889e-01 5.782759464231402857e-01
1.900000000000000000e+02 4.191942357065491231e-01 5.808057642933982523e-01
1.925000000000000000e+02 4.529177067329582806e-01 5.470822932669864302e-01
1.950000000000000000e+02 5.051254314786177702e-01 4.948745685213266077e-01
1.975000000000000000e+02 5.527001972502865179e-01 4.472998027496568607e-01
2.000000000000000000e+02 5.769009201545881593e-01 4.230990798453525548e-01
2.025000000000000000e+02 5.708457237609090296e-01 4.291542762390306298e-01
2.050000000000000000e+02 5.407941582914328471e-01 4.592058417085082000e-01
2.075000000000000000e+02 5.007347728971304202e-01 4.992652271028110711e-01
2.100000000000000000e+02 4.647371157167981548e-01 5.352628842831432809e-01
2.125000000000000000e+02 4.428063588808344164e-01 5.571936411191065197e-01
2.150000000000000000e+02 4.414311069186599990e-01 5.585688930812813258e-01
2.175000000000000000e+02 4.643598714901587821e-01 5.356401285097803777e-01
2.200000000000000000e+02 5.092832588883450251e-01 4.907167411115920808e-01
2.225000000000000000e+02 5.625284619707902056e-01 4.374715380291452904e-01
2.250000000000000000e+02 5.993802910232820524e-01 4.006197089766512232e-01
2.275000000000000000e+02 5.951251608456262776e-01 4.048748391543059988e-01
2.300000000000000000e+02 5.422119908904196040e-01 4.577880091095126724e-01
2.325000000000000000e+02 4.608136823892136080e-01 5.391863176107182243e-01
2.350000000000000000e+02 3.922549474189439556e-01 6.077450525809855453e-01
2.375000000000000000e+02 3.768083780020216600e-01 6.231916219979074523e-01
2.400000000000000000e+02 4.293161762167119200e-01 5.706838237832156935e-01
2.425000000000000000e+02 5.281932097720191122e-01 4.718067902279094450e-01
2.450000000000000000e+02 6.247177226162869967e-01 3.752822773836406167e-01
2.475000000000000000e+02 6.673807266694435913e-01 3.326192733304835225e-01
2.500000000000000000e+02 6.285721945380808862e-01 3.714278054618463387e-01
2.525000000000000000e+02 5.208016969939670560e-01 4.791983030059592807e-01
2.550000000000000000e+02 3.944520949209912586e-01 6.055479050789330797e-01
2.575000000000000000e+02 3.159663777781349658e-01 6.840336222217865414e-01
2.600000000000000000e+02 3.339347470118261274e-01 6.660652529880977113e-01
2.625000000000000000e+02 4.490955588530377574e-01 5.509044411468860813e-01
2.650000000000000000e+02 6.068313440882528997e-01 3.931686559116702173e-01
2.675000000000000000e+02 7.215738649103656810e-01 2.784261350895562703e-01
2.700000000000000000e+02 7.237288776973086479e-01 2.762711223026139695e-01
2.725000000000000000e+02 6.027944978713868363e-01 3.972055021285332832e-01
2.750000000000000000e+02 4.187684158464844986e-01 5.812315841534353433e-01
2.775000000000000000e+02 2.717874269683424604e-01 7.282125730315763823e-01
2.800000000000000000e+02 2.462562985039913332e-01 7.537437014959271764e-01
2.825000000000000000e+02 3.621717202989215845e-01 6.378282797009959815e-01
2.850000000000000000e+02 5.619925992701209072e-01 4.380074007297968253e-01
2.875000000000000000e+02 7.402495915213065381e-01 2.597504084786095291e-01
2.900000000000000000e+02 7.993126007300508373e-01 2.006873992698644527e-01
2.925000000000000000e+02 7.018186431754995791e-01 2.981813568244146562e-01
2.950000000000000000e+02 4.929777250859857518e-01 5.070222749139274843e-01
2.975000000000000000e+02 2.806519209354380040e-01 7.193480790644748435e-01
3.000000000000000000e+02 1.809756391869785097e-01 8.190243608129306185e-01
3.025000000000000000e+02 2.552620686900033964e-01 7.447379313099056208e-01
3.050000000000000000e+02 4.718192354254978627e-01 5.281807645744096558e-01
3.075000000000000000e+02 7.170125471155934793e-01 2.829874528843147607e-01
3.100000000000000000e+02 8.543983262748433560e-01 1.456016737250654947e-01
3.125000000000000000e+02 8.016278616332925822e-01 1.983721383666136040e-01
3.150000000000000000e+02 5.806458390991990903e-01 4.193541609007069848e-01
3.175000000000000000e+02 3.094393079447795292e-01 6.905606920551266015e-01
3.200000000000000000e+02 1.377622248761160295e-01 8.622377751237861876e-01
3.225000000000000000e+02 1.633041803466027120e-01 8.366958196532943148e-01
3.250000000000000000e+02 3.764768746332856630e-01 6.235231253666071449e-01
3.275000000000000000e+02 6.646963604543473236e-01 3.353036395455436525e-01
3.300000000000000000e+02 8.728501443543739136e-01 1.271498556455175899e-01
3.325000000000000000e+02 8.864501876015091764e-01 1.135498123983812030e-01
3.350000000000000000e+02 6.934957017974846538e-01 3.065042982024065998e-01
3.375000000000000000e+02 3.930979941457990456e-01 6.069020058540925966e-01
3.400000000000000000e+02 1.455679954141436971e-01 8.544320045857474177e-01
3.425000000000000000e+02 8.786961671385118411e-02 9.121303832860379046e-01
3.450000000000000000e+02 2.576503691498573945e-01 7.423496308500328045e-01
3.475000000000000000e+02 5.679824262663490941e-01 4.320175737335381627e-01
3.500000000000000000e+02 8.505022868177617434e-01 1.494977131821252914e-01
3.525000000000000000e+02 9.469562266228674918e-01 5.304377337701937645e-02
3.550000000000000000e+02 7.991046730397777242e-01 2.008953269601107539e-01
3.575000000000000000e+02 4.844452543790418453e-01 5.155547456208462442e-01
3.600000000000000000e+02 1.750261245072147198e-01 8.249738754926747575e-01
3.625000000000000000e+02 4.189307791354444227e-02 9.581069220863456248e-01
3.650000000000000000e+02 1.598654629713380515e-01 8.401345370285510095e-01
3.675000000000000000e+02 4.663976844299027591e-01 5.336023155699892717e-01
3.700000000000000000e+02 7.962412171141649564e-01 2.037587828857276850e-01
3.725000000000000000e+02 9.711602244979576914e-01 2.883977550193429773e-02
3.750000000000000000e+02 8.955264810133157782e-01 1.044735189865754199e-01
3.775000000000000000e+02 6.076383512926456509e-01 3.923616487072439374e-01
3.800000000000000000e+02 2.605304048516154380e-01 7.394695951482738172e-01
3.825000000000000000e+02 4.169450887513743986e-02 9.583054911247506080e-01
3.850000000000000000e+02 7.239090341704038090e-02 9.276090965828531765e-01
3.875000000000000000e+02 3.396975966971386707e-01 6.603024033027539152e-01
3.900000000000000000e+02 6.999841830299753376e-01 3.000158169699155830e-01
3.925000000000000000e+02 9.553551422943015181e-01 4.464485770558956901e-02
3.950000000000000000e+02 9.631298310754886627e-01 3.687016892440132115e-02
3.975000000000000000e+02 7.168909582170543970e-01 2.831090417828358019e-01
4.000000000000000000e+02 3.515128561585000866e-01 6.484871438413888356e-01
4.025000000000000000e+02 6.814150556353404387e-02 9.318584944363534905e-01
4.050000000000000000e+02 2.210414045022287416e-02 9.778958595496628492e-01
4.075000000000000000e+02 2.377030611203408417e-01 7.622969388795456380e-01
4.100000000000000000e+02 5.967384741749114374e-01 4.032615258249756529e-01
4.125000000000000000e+02 9.046876279978968149e-01 9.531237200199235704e-02
4.150000000000000000e+02 9.962031327355977961e-01 3.796867264291026341e-03
4.175000000000000000e+02 8.229043323040855507e-01 1.770956676958032605e-01
4.200000000000000000e+02 4.782856070422558115e-01 5.217143929576317785e-01
4.225000000000000000e+02 1.478359928250122524e-01 8.521640071748718404e-01
4.250000000000000000e+02 1.023488629494015943e-02 9.897651137049450210e-01
4.275000000000000000e+02 1.408261537150770348e-01 8.591738462848077518e-01
4.300000000000000000e+02 4.691653038348385096e-01 5.308346961650461937e-01
4.325000000000000000e+02 8.156640983876332074e-01 1.843359016122507743e-01
4.350000000000000000e+02 9.896997215428476879e-01 1.030027845703648456e-02
4.375000000000000000e+02 8.956957523300379531e-01 1.043042476698448628e-01
4.400000000000000000e+02 5.867584149117442971e-01 4.132415850881367980e-01
4.425000000000000000e+02 2.344210825287409428e-01 7.655789174711407075e-01
4.450000000000000000e+02 3.199187088036857529e-02 9.680081291195115067e-01
4.475000000000000000e+02 8.752356670548457063e-02 9.124764332943942069e-01
4.500000000000000000e+02 3.667530896017003883e-01 6.332469103981793745e-01
4.525000000000000000e+02 7.155275106609634284e-01 2.844724893389158904e-01
4.550000000000000000e+02 9.458733506848648886e-01 5.412664931501530441e-02
4.575000000000000000e+02 9.368568229935244629e-01 6.314317700635389830e-02
4.600000000000000000e+02 6.969460115451462379e-01 3.030539884547305829e-01
4.625000000000000000e+02 3.572539506491660966e-01 6.427460493507086703e-01
4.650000000000000000e+02 1.007927731743879646e-01 8.992072268254859280e-01
4.675000000000000000e+02 6.471423983469741514e-02 9.352857601651772823e-01
4.700000000000000000e+02 2.665672961541083463e-01 7.334327038457604253e-01
4.725000000000000000e+02 5.944759414477367443e-01 4.055240585521311392e-01
4.750000000000000000e+02 8.681529671386922775e-01 1.318470328611761611e-01
4.775000000000000000e+02 9.385133328113626217e-01 6.148666718850409607e-02
4.800000000000000000e+02 7.702976049821435023e-01 2.297023950177204954e-01
4.825000000000000000e+02 4.602883958744733439e-01 5.397116041253889884e-01
4.850000000000000000e+02 1.809069065990631109e-01 8.190930934007973896e-01
4.875000000000000000e+02 8.290263191923592789e-02 9.170973680806286943e-01
4.900000000000000000e+02 2.136340457369594881e-01 7.863659542628974597e-01
4.925000000000000000e+02 4.957020602518517616e-01 5.042979397480060744e-01
4.950000000000000000e+02 7.739925516199785971e-01 2.260074483798791556e-01
4.975000000000000000e+02 9.013585987601460126e-01 9.864140123970920049e-02
5.000000000000000000e+02 8.154538222032758910e-01 1.845461777965784755e-01
5.025000000000000000e+02 5.679681027171075147e-01 4.320318972827461579e-01
5.050000000000000000e+02 2.940942475235199804e-01 7.059057524763328040e-01
5.075000000000000000e+02 1.397802147045334731e-01 8.602197852953197277e-01
5.100000000000000000e+02 1.844815385713775013e-01 8.155184614284732847e-01
5.125000000000000000e+02 3.995296782769129362e-01 6.004703217229374612e-01
5.150000000000000000e+02 6.647107334178014026e-01 3.352892665820496054e-01
5.175000000000000000e+02 8.349793025353534626e-01 1.650206974644946867e-01
5.200000000000000000e+02 8.207975456374708711e-01 1.792024543623767785e-01
5.225000000000000000e+02 6.364704467289702405e-01 3.635295532708764932e-01
5.250000000000000000e+02 3.888406361188493920e-01 6.111593638809964535e-01
5.275000000000000000e+02 2.143024193353449125e-01 7.856975806644962423e-01
5.300000000000000000e+02 2.025172956154704662e-01 7.974827043843696339e-01
5.325000000000000000e+02 3.508034569435883321e-01 6.491965430562512962e-01
5.350000000000000000e+02 5.720218318098382326e-01 4.279781681900025614e-01
5.375000000000000000e+02 7.466441403500830853e-01 2.533558596497560989e-01
5.400000000000000000e+02 7.870413326501617401e-01 2.129586673496779159e-01
5.425000000000000000e+02 6.799597041906564332e-01 3.200402958091819738e-01
5.450000000000000000e+02 4.884337194922862557e-01 5.115662805075509301e-01
5.475000000000000000e+02 3.156572620987380118e-01 6.843427379010962319e-01
5.500000000000000000e+02 2.505019641131904784e-01 7.494980358866473180e-01
5.525000000000000000e+02 3.220221475881736573e-01 6.779778524116634175e-01
5.550000000000000000e+02 4.859652040289452746e-01 5.140347959708929659e-01
5.575000000000000000e+02 6.506032227720607297e-01 3.493967772277751793e-01
5.600000000000000000e+02 7.281668432808208191e-01 2.718331567190150899e-01
5.625000000000000000e+02 6.829215569943347663e-01 3.170784430055002545e-01
5.650000000000000000e+02 5.480375628401199517e-01 4.519624371597132373e-01
5.675000000000000000e+02 4.023388575136675471e-01 5.976611424861641986e-01
5.700000000000000000e+02 3.230370017721586051e-01 6.769629982276712532e-01
5.725000000000000000e+02 3.441897536687719139e-01 6.558102463310571117e-01
5.750000000000000000e+02 4.439939013995610195e-01 5.560060986002635097e-01
5.775000000000000000e+02 5.637273038159411609e-01 4.362726961838839235e-01
5.800000000000000000e+02 6.426159174100002369e-01 3.573840825898233486e-01
5.825000000000000000e+02 6.475972507313227933e-01 3.524027492685010698e-01
5.850000000000000000e+02 5.847458322375773676e-01 4.152541677622488825e-01
5.875000000000000000e+02 4.911578883035927490e-01 5.088421116962311697e-01
5.900000000000000000e+02 4.143353442478483473e-01 5.856646557519730178e-01
5.925000000000000000e+02 3.891305171121361983e-01 6.108694828876839455e-01
5.950000000000000000e+02 4.221646238283548458e-01 5.778353761714650760e-01
5.975000000000000000e+02 4.907798050324489458e-01 5.092201949673694772e-01
6.000000000000000000e+02 5.571741923565673993e-01 4.428258076432505796e-01
6.025000000000000000e+02 5.899194290152585118e-01 4.100805709845574132e-01
6.050000000000000000e+02 5.798565031800604341e-01 4.201434968197555464e-01
6.075000000000000000e+02 5.407816296862590910e-01 4.592183703135562234e-01
6.100000000000000000e+02 4.963843536033748505e-01 5.036156463964398533e-01
6.125000000000000000e+02 4.647717542971010474e-01 5.352282457027133233e-01
6.150000000000000000e+02 4.518739520960889933e-01 5.481260479037241007e-01
6.175000000000000000e+02 4.555973131387869302e-01 5.444026868610227776e-01
6.200000000000000000e+02 4.730626192803187302e-01 5.269373807194934756e-01
6.225000000000000000e+02 5.023911200650825748e-01 4.976088799347270220e-01
6.250000000000000000e+02 5.382210303954051422e-01 4.617789696044030112e-01
6.275000000000000000e+02 5.679470624009830271e-01 4.320529375988244603e-01
6.300000000000000000e+02 5.753940460276902868e-01 4.246059539721165343e-01
6.325000000000000000e+02 5.509607530505578055e-01 4.490392469492483496e-01
6.350000000000000000e+02 5.004290187777571397e-01 4.995709812220485713e-01
6.375000000000000000e+02 4.450785885513106055e-01 5.549214114484950500e-01
6.400000000000000000e+02 4.122412737826537388e-01 5.877587262171493077e-01
6.425000000000000000e+02 4.217302530454080101e-01 5.782697469543949254e-01
6.450000000000000000e+02 4.751059248839277771e-01 5.248940751158737150e-01
6.475000000000000000e+02 5.523149306714524309e-01 4.476850693283465077e-01
6.500000000000000000e+02 6.175378566528588742e-01 3.824621433469387322e-01
6.525000000000000000e+02 6.340311786473896705e-01 3.659688213524066591e-01
6.550000000000000000e+02 5.839324538352395066e-01 4.160675461645566009e-01
6.575000000000000000e+02 4.833595005860333860e-01 5.166404994137619999e-01
6.600000000000000000e+02 3.810190833494154772e-01 6.189809166503795756e-01
6.625000000000000000e+02 3.355173396344909853e-01 6.644826603653019026e-01
6.650000000000000000e+02 3.809213184424101728e-01 6.190786815573832147e-01
6.675000000000000000e+02 5.016815611429319421e-01 4.983184388568578926e-01
6.700000000000000000e+02 6.357396105571767597e-01 3.642603894426139632e-01
6.725000000000000000e+02 7.074123209004559154e-01 2.925876790993349186e-01
6.750000000000000000e+02 6.713590716820191373e-01 3.286409283177714191e-01
6.775000000000000000e+02 5.407764719958518818e-01 4.592235280039378420e-01
6.800000000000000000e+02 3.825732960050780007e-01 6.174267039947088920e-01
6.825000000000000000e+02 2.822355227439385938e-01 7.177644772558486874e-01
6.850000000000000000e+02 2.979876983496672072e-01 7.020123016501242930e-01
6.875000000000000000e+02 4.284513255954894850e-01 5.715486744043019041e-01
6.900000000000000000e+02 6.102220245545200150e-01 3.897779754452717627e-01
6.925000000000000000e+02 7.475490985543983280e-01 2.524509014453944489e-01
6.950000000000000000e+02 7.614500507599575307e-01 2.385499492398330812e-01
6.975000000000000000e+02 6.346675899145135524e-01 3.653324100852787804e-01
7.000000000000000000e+02 4.272924571799832649e-01 5.727075428198084017e-01
7.025000000000000000e+02 2.499821877938169234e-01 7.500178122059729668e-01
7.050000000000000000e+02 2.047381965835142759e-01 7.952618034162743932e-01
7.075000000000000000e+02 3.249298066843979149e-01 6.750701933153895329e-01
7.100000000000000000e+02 5.511357104392335948e-01 4.488642895605533534e-01
7.125000000000000000e+02 7.605296954520028851e-01 2.394703045477823977e-01
7.150000000000000000e+02 8.350294193308824831e-01 1.649705806689012455e-01
7.175000000000000000e+02 7.288022871801472791e-01 2.711977128196360609e-01
7.200000000000000000e+02 4.956308855927462620e-01 5.043691144070368004e-01
7.225000000000000000e+02 2.605804188079288153e-01 7.394195811918573558e-01
7.250000000000000000e+02 1.523991894347264953e-01 8.476008105650594260e-01
7.275000000000000000e+02 2.338624920067432778e-01 7.661375079930397014e-01
7.300000000000000000e+02 4.667713639517888091e-01 5.332286360479916443e-01
7.325000000000000000e+02 7.296191514680399060e-01 2.703808485317392707e-01
7.350000000000000000e+02 8.798086413219895485e-01 1.201913586777883514e-01
7.375000000000000000e+02 8.299957067133849620e-01 1.700042932863909118e-01
7.400000000000000000e+02 5.988943759032124836e-01 4.011056240965648056e-01
7.425000000000000000e+02 3.067930772086432389e-01 6.932069227911329401e-01
7.450000000000000000e+02 1.136583724060151457e-01 8.863416275937635591e-01
7.475000000000000000e+02 1.306275417772227443e-01 8.693724582225558217e-01
7.500000000000000000e+02 3.545917204372230902e-01 6.454082795625600832e-01
7.525000000000000000e+02 6.658533666384420791e-01 3.341466333613378747e-01
7.550000000000000000e+02 8.930362114401715345e-01 1.069637885596078780e-01
7.575000000000000000e+02 9.089647475551609901e-01 9.103525244461849186e-02
7.600000000000000000e+02 7.023045438104840166e-01 2.976954561892956597e-01
7.625000000000000000e+02 3.842767020729968563e-01 6.157232979267821538e-01
7.650000000000000000e+02 1.276763507451680879e-01 8.723236492546120324e-01
7.675000000000000000e+02 7.301950369301320187e-02 9.269804963067698189e-01
7.700000000000000000e+02 2.528190878411732956e-01 7.471809121586134861e-01
7.725000000000000000e+02 5.734050852957159883e-01 4.265949147040700162e-01
7.750000000000000000e+02 8.632978879944646078e-01 1.367021120053211747e-01
7.775000000000000000e+02 9.637104554914300847e-01 3.628954450835773088e-02
7.800000000000000000e+02 8.149380142477439248e-01 1.850619857520448830e-01
7.825000000000000000e+02 4.922940885329796235e-01 5.077059114668065476e-01
7.850000000000000000e+02 1.692441992843675136e-01 8.307558007154138835e-01
7.875000000000000000e+02 2.410950080827849867e-02 9.758904991915045013e-01
7.900000000000000000e+02 1.402209245366757284e-01 8.597790754631051691e-01
7.925000000000000000e+02 4.567309400142574027e-01 5.432690599855256597e-01
7.950000000000000000e+02 8.004611158903555124e-01 1.995388841094244137e-01
7.975000000000000000e+02 9.820857544165652042e-01 1.791424558321460386e-02
8.000000000000000000e+02 9.017133694842872638e-01 9.828663051548934548e-02
8.025000000000000000e+02 6.037351350970898700e-01 3.962648649026853098e-01
8.050000000000000000e+02 2.511386404528095362e-01 7.488613595469668649e-01
8.075000000000000000e+02 3.558255456425531149e-02 9.644174454355189940e-01
8.100000000000000000e+02 7.382438760856964433e-02 9.261756123912064931e-01
8.125000000000000000e+02 3.458300459478325095e-01 6.541699540519433365e-01
8.150000000000000000e+02 7.058204121811619824e-01 2.941795878186149182e-01
8.175000000000000000e+02 9.595914588629692599e-01 4.040854113680830695e-02
8.200000000000000000e+02 9.681813684386804120e-01 3.181863156109657198e-02
8.225000000000000000e+02 7.239062407441680946e-01 2.760937592556076403e-01
8.250000000000000000e+02 3.571729565346852264e-01 6.428270434650895648e-01
8.275000000000000000e+02 6.761101533844966760e-02 9.323889846613272470e-01
8.300000000000000000e+02 1.471582202960956820e-02 9.852841779701684288e-01
8.325000000000000000e+02 2.283415662328472651e-01 7.716584337669287752e-01
8.350000000000000000e+02 5.908916780972034433e-01 4.091083219025761775e-01
8.375000000000000000e+02 9.027618421520351433e-01 9.723815784774277049e-02
8.400000000000000000e+02 9.938370491885769598e-01 6.162950811200282666e-03
8.425000000000000000e+02 8.171301734266247507e-01 1.828698265731511508e-01
8.450000000000000000e+02 4.723074255376384922e-01 5.276925744621365766e-01
8.475000000000000000e+02 1.483453696665892885e-01 8.516546303331866685e-01
8.500000000000000000e+02 1.971588491833443230e-02 9.802841150814416427e-01
8.525000000000000000e+02 1.535080163958994770e-01 8.464919836038771184e-01
8.550000000000000000e+02 4.757211046144796951e-01 5.242788953852965950e-01
8.575000000000000000e+02 8.121940386883502727e-01 1.878059613114248794e-01
8.600000000000000000e+02 9.816570524299059741e-01 1.834294756987074962e-02
8.625000000000000000e+02 8.926010429490206510e-01 1.073989570507550562e-01
8.650000000000000000e+02 5.931491720919797039e-01 4.068508279077962531e-01
8.675000000000000000e+02 2.461322150294594779e-01 7.538677849703205869e-01
8.700000000000000000e+02 4.078730670787225621e-02 9.592126932919097237e-01
8.725000000000000000e+02 8.836002815323805437e-02 9.116399718465478808e-01
8.750000000000000000e+02 3.602722979885039645e-01 6.397277020112787094e-01
8.775000000000000000e+02 7.048351568558625102e-01 2.951648431439199416e-01
8.800000000000000000e+02 9.330825978600341131e-01 6.691740213974718687e-02
8.825000000000000000e+02 9.238782792562072466e-01 7.612172074357256846e-02
8.850000000000000000e+02 6.883883716586999268e-01 3.116116283410804710e-01
8.875000000000000000e+02 3.595978658642186576e-01 6.404021341355629060e-01
8.900000000000000000e+02 1.163419262504076374e-01 8.836580737493743287e-01
8.925000000000000000e+02 8.637238725679613482e-02 9.136276127429854288e-01
8.950000000000000000e+02 2.806904244272389048e-01 7.193095755725402718e-01
8.975000000000000000e+02 5.912902485424941235e-01 4.087097514572841650e-01
9.000000000000000000e+02 8.506221132802659346e-01 1.493778867195128535e-01
9.025000000000000000e+02 9.208208697637174645e-01 7.917913023605967215e-02
9.050000000000000000e+02 7.666401336916393028e-01 2.333598663081359326e-01
9.075000000000000000e+02 4.738959439967073695e-01 5.261040560030663116e-01
9.100000000000000000e+02 2.026674472022244877e-01 7.973325527975497762e-01
9.125000000000000000e+02 9.946431794594810805e-02 9.005356820538242824e-01
9.150000000000000000e+02 2.166076890819934320e-01 7.833923109177769462e-01
9.175000000000000000e+02 4.846784230748630296e-01 5.153215769249077649e-01
9.200000000000000000e+02 7.537803272365382057e-01 2.462196727632331716e-01
9.225000000000000000e+02 8.788265964175794309e-01 1.211734035821936395e-01
9.250000000000000000e+02 7.988047575517536192e-01 2.011952424480150103e-01
9.275000000000000000e+02 5.657260079260152397e-01 4.342739920737532788e-01
9.300000000000000000e+02 3.104765540650416544e-01 6.895234459347245881e-01
9.325000000000000000e+02 1.688640616565590946e-01 8.311359383432107562e-01
9.350000000000000000e+02 2.102769256592227631e-01 7.897230743405478925e-01
9.375000000000000000e+02 4.054295936467261496e-01 5.945704063530452554e-01
9.400000000000000000e+02 6.462595481338104797e-01 3.537404518659594821e-01
9.425000000000000000e+02 8.047639779102847557e-01 1.952360220894867326e-01
9.450000000000000000e+02 8.000106474720558580e-01 1.999893525277134931e-01
9.475000000000000000e+02 6.394845151904819947e-01 3.605154848092876896e-01
9.500000000000000000e+02 4.134623551534735153e-01 5.865376448462946701e-01
9.525000000000000000e+02 2.449223998189696827e-01 7.550776001808001681e-01
9.550000000000000000e+02 2.218518227637734375e-01 7.781481772359970517e-01
9.575000000000000000e+02 3.499099675274943699e-01 6.500900324722780343e-01
9.600000000000000000e+02 5.525174883871616371e-01 4.474825116126109892e-01
9.625000000000000000e+02 7.172496973168082102e-01 2.827503026829637500e-01
9.650000000000000000e+02 7.596619936911099824e-01 2.403380063086598128e-01
9.675000000000000000e+02 6.668297807046251746e-01 3.331702192951437325e-01
9.700000000000000000e+02 4.978911279005892032e-01 5.021088720991810916e-01
9.725000000000000000e+02 3.460262371886407839e-01 6.539737628111255141e-01
9.750000000000000000e+02 2.871240630268642735e-01 7.128759369728985273e-01
9.775000000000000000e+02 3.434126887232601955e-01 6.565873112764982755e-01
9.800000000000000000e+02 4.777469622322134124e-01 5.222530377675440594e-01
9.825000000000000000e+02 6.170279663129931702e-01 3.829720336867629138e-01
9.850000000000000000e+02 6.907514123648681448e-01 3.092485876348876062e-01
9.875000000000000000e+02 6.658690015016045516e-01 3.341309984981508663e-01
9.900000000000000000e+02 5.616148226653586706e-01 4.383851773343959701e-01
9.925000000000000000e+02 4.371025002716115160e-01 5.628974997281435133e-01
9.950000000000000000e+02 3.580695143997493224e-01 6.419304856000056514e-01
9.975000000000000000e+02 3.610937659320327398e-01 6.389062340677238439e-01
1.000000000000000000e+03 4.359567778436044816e-01 5.640432221561515469e-01
1.002500000000000000e+03 5.359213470236161569e-01 4.640786529761423140e-01
1.005000000000000000e+03 6.077203629792606865e-01 3.922796370204982286e-01
1.007500000000000000e+03 6.210235870832111482e-01 3.789764129165478779e-01
1.010000000000000000e+03 5.799064554458351894e-01 4.200935445539238366e-01
1.012500000000000000e+03 5.131919979458012815e-01 4.868080020539573560e-01
1.015000000000000000e+03 4.544623983351360197e-01 5.455376016646208415e-01
1.017500000000000000e+03 4.259073194191920209e-01 5.740926805805648403e-01
1.020000000000000000e+03 4.329296531513067148e-01 5.670703468484497023e-01
1.022500000000000000e+03 4.672282338798902090e-01 5.327717661198667631e-01
1.025000000000000000e+03 5.128403699492742884e-01 4.871596300504820176e-01
1.027500000000000000e+03 5.521272094733695734e-01 4.478727905263850673e-01
1.030000000000000000e+03 5.713304684702832370e-01 4.286695315294712372e-01
1.032500000000000000e+03 5.649911576234369903e-01 4.350088423763170953e-01
1.035000000000000000e+03 5.372320343209837645e-01 4.627679656787692108e-01
1.037500000000000000e+03 4.989187576538486879e-01 5.010812423459030107e-01
1.040000000000000000e+03 4.628136329001525939e-01 5.371863670995981055e-01
1.042500000000000000e+03 4.402350582778847832e-01 5.597649417218656387e-01
1.045000000000000000e+03 4.400352267995890632e-01 5.599647732001593603e-01
1.047500000000000000e+03 4.669679980826487720e-01 5.330320019171000956e-01
1.050000000000000000e+03 5.170865198109695360e-01 4.829134801887776662e-01
1.052500000000000000e+03 5.731723251206375380e-01 4.268276748791073882e-01
1.055000000000000000e+03 6.073213968834390020e-01 3.926786031163085888e-01
1.057500000000000000e+03 5.944547153240444803e-01 4.055452846757017782e-01
1.060000000000000000e+03 5.306095139873663324e-01 4.693904860123770950e-01
1.062500000000000000e+03 4.422328547062440163e-01 5.577671452934964691e-01
1.065000000000000000e+03 3.761469186228172945e-01 6.238530813769213035e-01
1.067500000000000000e+03 3.734466209274757698e-01 6.265533790722599417e-01
1.070000000000000000e+03 4.433634187528084913e-01 5.566365812469245000e-01
1.072500000000000000e+03 5.544401260015898725e-01 4.455598739981398992e-01
1.075000000000000000e+03 6.493791298981403948e-01 3.506208701015884333e-01
1.077500000000000000e+03 6.752508299772477240e-01 3.247491700224810485e-01
1.080000000000000000e+03 6.123696908977458442e-01 3.876303091019809299e-01
1.082500000000000000e+03 4.868841846885493263e-01 5.131158153111763376e-01
1.085000000000000000e+03 3.606624905815687399e-01 6.393375094181564799e-01
1.087500000000000000e+03 3.020969724117009703e-01 6.979030275880233614e-01
1.090000000000000000e+03 3.501108870539550999e-01 6.498891129457684546e-01
1.092500000000000000e+03 4.889876142938551773e-01 5.110123857058676000e-01
1.095000000000000000e+03 6.499643628131439588e-01 3.500356371865768756e-01
1.097500000000000000e+03 7.438973364822580869e-01 2.561026635174613597e-01
1.100000000000000000e+03 7.109763760034193414e-01 2.890236239962968856e-01
1.102500000000000000e+03 5.593389181927455045e-01 4.406610818069685021e-01
1.105000000000000000e+03 3.666629763442776357e-01 6.333370236554372035e-01
1.107500000000000000e+03 2.397162494153518009e-01 7.602837505843624832e-01
1.110000000000000000e+03 2.537583465277297723e-01 7.462416534719810146e-01
1.112500000000000000e+03 4.077151194124524203e-01 5.922848805872571454e-01
1.115000000000000000e+03 6.221434853997468428e-01 3.778565145999631669e-01
1.117500000000000000e+03 7.814659460604221897e-01 2.185340539392868209e-01
1.120000000000000000e+03 7.966056181108407408e-01 2.033943818888669930e-01
1.122500000000000000e+03 6.538510454682640027e-01 3.461489545314433425e-01
1.125000000000000000e+03 4.243630459931966303e-01 5.756369540065086055e-01
1.127500000000000000e+03 2.292396446033560520e-01 7.707603553963535692e-01
1.130000000000000000e+03 1.768061767056155476e-01 8.231938232940910760e-01
1.132500000000000000e+03 3.031100812763228847e-01 6.968899187233852377e-01
1.135000000000000000e+03 5.474576169249716351e-01 4.525423830747351550e-01
1.137500000000000000e+03 7.796542343618840798e-01 2.203457656378214891e-01
1.140000000000000000e+03 8.687907737035258648e-01 1.312092262961804534e-01
1.142500000000000000e+03 7.578633611909730838e-01 2.421366388087320409e-01
1.145000000000000000e+03 5.006774742935634626e-01 4.993225257061401634e-01
1.147500000000000000e+03 2.361941889146777218e-01 7.638058110850272087e-01
1.150000000000000000e+03 1.121341421411540945e-01 8.878658578585534311e-01
1.152500000000000000e+03 2.012357126736749324e-01 7.987642873260319965e-01
1.155000000000000000e+03 4.589343497127396088e-01 5.410656502869650719e-01
1.157500000000000000e+03 7.468454930744434783e-01 2.531545069252587044e-01
1.160000000000000000e+03 9.082629660698694485e-01 9.173703392983521832e-02
1.162500000000000000e+03 8.533383184918075237e-01 1.466616815078964076e-01
1.165000000000000000e+03 6.080189868916774376e-01 3.919810131080239124e-01
1.167500000000000000e+03 3.015191577019178393e-01 6.984808422977819564e-01
1.170000000000000000e+03 9.901227535913263711e-02 9.009877246405642026e-01
1.172500000000000000e+03 1.136810322486050684e-01 8.863189677510922015e-01
1.175000000000000000e+03 3.435564632061847146e-01 6.564435367935096410e-01
1.177500000000000000e+03 6.681197100316728088e-01 3.318802899680230456e-01
1.180000000000000000e+03 9.101535437888272906e-01 8.984645621086786993e-02
1.182500000000000000e+03 9.325606062827996867e-01 6.743939371689483542e-02
1.185000000000000000e+03 7.171439825058006923e-01 2.828560174938927196e-01
1.187500000000000000e+03 3.786750477192084574e-01 6.213249522804827896e-01
1.190000000000000000e+03 1.031578372418784778e-01 8.968421627578152533e-01
1.192500000000000000e+03 4.406527890766960553e-02 9.559347210920234872e-01
1.195000000000000000e+03 2.360466508546577857e-01 7.639533491450307690e-01
1.197500000000000000e+03 5.754674674573196924e-01 4.245325325423701668e-01
1.200000000000000000e+03 8.779182290244174069e-01 1.220817709752720637e-01
1.202500000000000000e+03 9.792328798919847088e-01 2.076712010770458833e-02
1.205000000000000000e+03 8.240303946439636595e-01 1.759696053557265605e-01
1.207500000000000000e+03 4.949697250962555861e-01 5.050302749034342176e-01
1.210000000000000000e+03 1.686640909618548068e-01 8.313359090378362737e-01
1.212500000000000000e+03 2.188507184146397042e-02 9.781149281582242061e-01
1.215000000000000000e+03 1.365824346412121415e-01 8.634175653584754695e-01
1.217500000000000000e+03 4.536580179777076616e-01 5.463419820219805878e-01
1.220000000000000000e+03 8.019178554519994506e-01 1.980821445476865783e-01
1.222500000000000000e+03 9.896666784912353521e-01 1.033332150845027615e-02
1.225000000000000000e+03 9.108537053275581608e-01 8.914629467212770164e-02
1.227500000000000000e+03 6.062059506582693214e-01 3.937940493414163190e-01
1.230000000000000000e+03 2.425818291488417433e-01 7.574181708508453958e-01
1.232500000000000000e+03 2.041733979284317962e-02 9.795826602068502531e-01
1.235000000000000000e+03 6.178150468359371039e-02 9.382184953160994656e-01
1.237500000000000000e+03 3.430970540960972537e-01 6.569029459035986562e-01
1.240000000000000000e+03 7.098417364187948886e-01 2.901582635809009103e-01
1.242500000000000000e+03 9.629163106108616921e-01 3.708368938883103982e-02
1.245000000000000000e+03 9.670273215049264293e-01 3.297267849476574059e-02
1.247500000000000000e+03 7.220705938528025891e-01 2.779294061468871591e-01
1.250000000000000000e+03 3.612399543745712927e-01 6.387600456251151249e-01
1.252500000000000000e+03 7.901590772771163729e-02 9.209840922719739753e-01
1.255000000000000000e+03 2.744983276074102613e-02 9.725501672389450514e-01
1.257500000000000000e+03 2.346159493141738162e-01 7.653840506855079662e-01
1.260000000000000000e+03 5.883595208476035676e-01 4.116404791520767992e-01
1.262500000000000000e+03 8.956629899894033020e-01 1.043370100102746084e-01
1.265000000000000000e+03 9.876980879258256962e-01 1.230191207385214133e-02
1.267500000000000000e+03 8.136582857873025931e-01 1.863417142123724446e-01
1.270000000000000000e+03 4.699032429219419660e-01 5.300967570777319615e-01
1.272500000000000000e+03 1.463332029886503238e-01 8.536667970110212167e-01
1.275000000000000000e+03 2.001617934367853555e-02 9.799838206559922105e-01
1.277500000000000000e+03 1.571872459588711246e-01 8.428127540407959195e-01
1.280000000000000000e+03 4.790437301364752209e-01 5.209562698631894362e-01
1.282500000000000000e+03 8.084884943787371547e-01 1.915115056209269750e-01
1.285000000000000000e+03 9.687067353595102404e-01 3.129326464015383391e-02
1.287500000000000000e+03 8.777415451572418981e-01 1.222584548424234530e-01
1.290000000000000000e+03 5.891561297945169251e-01 4.108438702051458447e-01
1.292500000000000000e+03 2.602983218449533287e-01 7.397016781547092190e-01
1.295000000000000000e+03 6.735608818347199600e-02 9.326439118161951036e-01
1.297500000000000000e+03 1.119947301819028684e-01 8.880052698177673953e-01
1.300000000000000000e+03 3.677091166748188700e-01 6.322908833248479521e-01
1.302500000000000000e+03 6.941793264831437327e-01 3.058206735165221457e-01
1.305000000000000000e+03 9.132062638709301794e-01 8.679373612873579613e-02
1.307500000000000000e+03 9.063161406388654528e-01 9.368385936079887122e-02
1.310000000000000000e+03 6.801531620467458072e-01 3.198468379529178507e-01
1.312500000000000000e+03 3.619641075308512312e-01 6.380358924688123157e-01
1.315000000000000000e+03 1.272181311509908985e-01 8.727818688486734811e-01
1.317500000000000000e+03 1.013359488172972112e-01 8.986640511823625888e-01
1.320000000000000000e+03 2.921792084390077981e-01 7.078207915606526957e-01
1.322500000000000000e+03 5.902318478332650997e-01 4.097681521663956161e-01
1.325000000000000000e+03 8.328736389369935100e-01 1.671263610626680940e-01
1.327500000000000000e+03 8.936612308539214622e-01 1.063387691457362977e-01
1.330000000000000000e+03 7.472476363007005684e-01 2.527523636989549849e-01
1.332500000000000000e+03 4.779549920560941523e-01 5.220450079435624557e-01
1.335000000000000000e+03 2.315054906740322549e-01 7.684945093256235760e-01
1.337500000000000000e+03 1.373058415835486101e-01 8.626941584161046395e-01
1.340000000000000000e+03 2.413090254359450126e-01 7.586909745637110403e-01
1.342500000000000000e+03 4.832611140617871781e-01 5.167388859378649890e-01
1.345000000000000000e+03 7.301147482943332045e-01 2.698852517053165756e-01
1.347500000000000000e+03 8.486029434875671518e-01 1.513970565120816014e-01
1.350000000000000000e+03 7.780491706053768164e-01 2.219508293942724086e-01
1.352500000000000000e+03 5.625937653938243299e-01 4.374062346058249506e-01
1.355000000000000000e+03 3.241645095785142261e-01 6.758354904211318903e-01
1.357500000000000000e+03 1.923092118338139977e-01 8.076907881658320632e-01
1.360000000000000000e+03 2.325373000863606154e-01 7.674626999132854177e-01
1.362500000000000000e+03 4.142105902551698193e-01 5.857894097444753534e-01
1.365000000000000000e+03 6.334199247256578902e-01 3.665800752739853952e-01
1.367500000000000000e+03 7.735400111661270284e-01 2.264599888335170619e-01
1.370000000000000000e+03 7.670903864863276578e-01 2.329096135133172929e-01
1.372500000000000000e+03 6.264926784300446361e-01 3.735073215695998150e-01
1.375000000000000000e+03 4.317769418654885394e-01 5.682230581341540798e-01
1.377500000000000000e+03 2.857954575089125537e-01 7.142045424907297324e-01
1.380000000000000000e+03 2.611605129950300141e-01 7.388394870046137708e-01
1.382500000000000000e+03 3.647245065312011980e-01 6.352754934684385901e-01
1.385000000000000000e+03 5.363684482503241480e-01 4.636315517493154181e-01
1.387500000000000000e+03 6.825382834986544189e-01 3.174617165009844255e-01
1.390000000000000000e+03 7.272349202057221129e-01 2.727650797939153993e-01
1.392500000000000000e+03 6.526744708285894259e-01 3.473255291710456438e-01
1.395000000000000000e+03 5.064055456393908861e-01 4.935944543602450163e-01
1.397500000000000000e+03 3.711824803534710115e-01 6.288175196461630589e-01
1.400000000000000000e+03 3.167844381850923874e-01 6.832155618145439036e-01
1.402500000000000000e+03 3.633228886497156807e-01 6.366771113499199997e-01
1.405000000000000000e+03 4.762092857619267816e-01 5.237907142377060676e-01
1.407500000000000000e+03 5.915204129900717422e-01 4.084795870095607184e-01
1.410000000000000000e+03 6.527979769921967712e-01 3.472020230074333025e-01
1.412500000000000000e+03 6.375171164991717543e-01 3.624828835004569871e-01
1.415000000000000000e+03 5.621951786411087948e-01 4.378048213585205017e-01
1.417500000000000000e+03 4.687752338380519745e-01 5.312247661615799865e-01
1.420000000000000000e+03 4.023965570399945513e-01 5.976034429596350783e-01
1.422500000000000000e+03 3.909943678048671267e-01 6.090056321947638907e-01
1.425000000000000000e+03 4.343088595205004121e-01 5.656911404791286069e-01
1.427500000000000000e+03 5.062479716634449289e-01 4.937520283361840345e-01
1.430000000000000000e+03 5.695866784524938886e-01 4.304133215471341867e-01
1.432500000000000000e+03 5.957533558170180488e-01 4.042466441826082502e-01
1.435000000000000000e+03 5.785312288236487133e-01 4.214687711759780853e-01
1.437500000000000000e+03 5.336125626889753892e-01 4.663874373106514093e-01
1.440000000000000000e+03 4.856903140319168144e-01 5.143096859677096511e-01
1.442500000000000000e+03 4.535683098935001101e-01 5.464316901061269105e-01
1.445000000000000000e+03 4.436940009330675450e-01 5.563059990665595311e-01
1.447500000000000000e+03 4.538151784257236088e-01 5.461848215739031343e-01
1.450000000000000000e+03 4.795795006423135831e-01 5.204204993573113835e-01
1.452500000000000000e+03 5.161733341366846473e-01 4.838266658629403194e-01
1.455000000000000000e+03 5.546109560118559489e-01 4.453890439877695728e-01
1.457500000000000000e+03 5.796573399630402523e-01 4.203426600365845478e-01
1.460000000000000000e+03 5.754681022336060048e-01 4.245318977660169635e-01
1.462500000000000000e+03 5.367739826634706501e-01 4.632260173361533173e-01
1.465000000000000000e+03 4.765518357173519348e-01 5.234481642822708114e-01
1.467500000000000000e+03 4.226087037063162577e-01 5.773912962933034354e-01
1.470000000000000000e+03 4.038274376213145112e-01 5.961725623783047379e-01
1.472500000000000000e+03 4.343480347025665544e-01 5.656519652970528611e-01
1.475000000000000000e+03 5.047879447781800089e-01 4.952120552214385185e-01
1.477500000000000000e+03 5.846575284636079672e-01 4.153424715360083397e-01
1.480000000000000000e+03 6.346781866121465887e-01 3.653218133874692741e-01
1.482500000000000000e+03 6.246757367708475339e-01 3.753242632287675518e-01
1.485000000000000000e+03 5.506431345814899458e-01 4.493568654181223088e-01
1.487500000000000000e+03 4.424574485238951804e-01 5.575425514757170742e-01
1.490000000000000000e+03 3.545803453146348927e-01 6.454196546849781946e-01
1.492500000000000000e+03 3.394842821737905636e-01 6.605157178258231898e-01
1.495000000000000000e+03 4.157218814044587041e-01 5.842781185951528844e-01
1.497500000000000000e+03 5.507003364298522774e-01 4.492996635697580898e-01
1.500000000000000000e+03 6.730616616954928633e-01 3.269383383041141178e-01
1.502500000000000000e+03 7.113814432330693993e-01 2.886185567665368046e-01
1.505000000000000000e+03 6.370180988142751799e-01 3.629819011853289146e-01
1.507500000000000000e+03 4.841138772951725233e-01 5.158861227044287956e-01
1.510000000000000000e+03 3.333148195022042626e-01 6.666851804973972229e-01
1.512500000000000000e+03 2.681651695612150554e-01 7.318348304383874847e-01
1.515000000000000000e+03 3.290663145629996178e-01 6.709336854365998137e-01
1.517500000000000000e+03 4.899311166042960575e-01 5.100688833953027634e-01
1.520000000000000000e+03 6.694471768331007322e-01 3.305528231664993655e-01
1.522500000000000000e+03 7.714236541792348634e-01 2.285763458203639020e-01
1.525000000000000000e+03 7.350893980701452834e-01 2.649106019294530934e-01
1.527500000000000000e+03 5.705752087772770764e-01 4.294247912223205232e-01
1.530000000000000000e+03 3.594915709498053835e-01 6.405084290497927713e-01
1.532500000000000000e+03 2.159420560561507718e-01 7.840579439434430808e-01
1.535000000000000000e+03 2.247868109484006949e-01 7.752131890511964052e-01
1.537500000000000000e+03 3.903891282404342578e-01 6.096108717591599557e-01
1.540000000000000000e+03 6.279116991997919506e-01 3.720883007998024850e-01
1.542500000000000000e+03 8.067558338049261035e-01 1.932441661946666944e-01
1.545000000000000000e+03 8.237673716420683689e-01 1.762326283575247898e-01
1.547500000000000000e+03 6.636202530025466784e-01 3.363797469970476461e-01
1.550000000000000000e+03 4.100602514942591759e-01 5.899397485053351486e-01
1.552500000000000000e+03 2.008509710368436285e-01 7.991490289627489751e-01
1.555000000000000000e+03 1.522364316541161555e-01 8.477635683454756155e-01
1.557500000000000000e+03 2.951667103416958926e-01 7.048332896578933804e-01
1.560000000000000000e+03 5.573912649628918192e-01 4.426087350366969542e-01
1.562500000000000000e+03 8.001979011027674504e-01 1.998020988968204348e-01
1.565000000000000000e+03 8.908444916606466091e-01 1.091555083389408320e-01
1.567500000000000000e+03 7.741010176716104363e-01 2.258989823279766440e-01
1.570000000000000000e+03 5.055989792191954990e-01 4.944010207803913870e-01
1.572500000000000000e+03 2.269244207608570041e-01 7.730755792387278280e-01
1.575000000000000000e+03 9.171031983906215157e-02 9.082896801605223613e-01
1.577500000000000000e+03 1.801752789859192849e-01 8.198247210136653251e-01
1.580000000000000000e+03 4.502051791726908725e-01 5.497948208268931269e-01
1.582500000000000000e+03 7.561385336939178137e-01 2.438614663056685172e-01
1.585000000000000000e+03 9.281497662948270388e-01 7.185023370475916715e-02
1.587500000000000000e+03 8.680209383425571135e-01 1.319790616570304109e-01
1.590000000000000000e+03 6.056809748483157341e-01 3.943190251512713740e-01
1.592500000000000000e+03 2.835250485307355128e-01 7.164749514688499854e-01
1.595000000000000000e+03 7.785610103361001455e-02 9.221438989659758168e-01
1.597500000000000000e+03 1.022910798307167524e-01 8.977089201688657205e-01
1.600000000000000000e+03 3.462254140312737150e-01 6.537745859683035121e-01
1.602500000000000000e+03 6.803294360864471368e-01 3.196705639131282584e-01
1.605000000000000000e+03 9.249821058430078846e-01 7.501789415656671955e-02
1.607500000000000000e+03 9.457629893380662400e-01 5.423701066150960620e-02
1.610000000000000000e+03 7.266501008494603564e-01 2.733498991501183695e-01
1.612500000000000000e+03 3.818580875679931097e-01 6.181419124315871150e-01
1.615000000000000000e+03 9.745626616623198624e-02 9.025437338333484050e-01
1.617500000000000000e+03 3.104423840256602396e-02 9.689557615970124660e-01
1.620000000000000000e+03 2.231153675446750639e-01 7.768846324549086857e-01
1.622500000000000000e+03 5.711110796269072143e-01 4.288889203726771737e-01
1.625000000000000000e+03 8.839920433190363580e-01 1.160079566805473777e-01
1.627500000000000000e+03 9.884386142133763098e-01 1.156138578620636258e-02
1.630000000000000000e+03 8.261881605250086524e-01 1.738118394745731821e-01
1.632500000000000000e+03 4.864763505514199671e-01 5.135236494481643099e-01
1.635000000000000000e+03 1.557138755288422494e-01 8.442861244707412505e-01
1.637500000000000000e+03 1.426311638699177299e-02 9.857368836125907086e-01
1.640000000000000000e+03 1.385954567066280674e-01 8.614045432929532398e-01
1.642500000000000000e+03 4.613773336699621419e-01 5.386226663296174166e-01
1.645000000000000000e+03 8.087313265836126863e-01 1.912686734159657065e-01
1.647500000000000000e+03 9.933367701832026553e-01 6.663229816373428607e-03
1.650000000000000000e+03 9.144047859836190728e-01 8.559521401595771017e-02
1.652500000000000000e+03 6.125185799310340906e-01 3.874814200685430254e-01
1.655000000000000000e+03 2.497175836493503998e-01 7.502824163502221921e-01
1.657500000000000000e+03 2.332175342366642895e-02 9.766782465759051846e-01
1.660000000000000000e+03 5.808196638612928703e-02 9.419180336134430620e-01
1.662500000000000000e+03 3.358389917552427328e-01 6.641610082443321073e-01
1.665000000000000000e+03 7.038831044136930615e-01 2.961168955858818896e-01
1.667500000000000000e+03 9.594481136705367286e-01 4.055188632903909685e-02
1.670000000000000000e+03 9.629770548144589437e-01 3.702294518511645149e-02
1.672500000000000000e+03 7.152278399908831297e-01 2.847721600086917659e-01
1.675000000000000000e+03 3.547554042624451176e-01 6.452445957371294449e-01
1.677500000000000000e+03 7.915649349219366915e-02 9.208435065073830028e-01
1.680000000000000000e+03 3.635702601399372347e-02 9.636429739855860710e-01
1.682500000000000000e+03 2.462741238133799027e-01 7.537258761861949097e-01
1.685000000000000000e+03 5.931827174496839827e-01 4.068172825498924672e-01
1.687500000000000000e+03 8.897723303006349616e-01 1.102276696989418492e-01
1.690000000000000000e+03 9.773772442030004282e-01 2.262275579657749627e-02
1.692500000000000000e+03 8.100086856970029059e-01 1.899913143025741546e-01
1.695000000000000000e+03 4.787519636732194273e-01 5.212480363263553018e-01
1.697500000000000000e+03 1.632170183205993164e-01 8.367829816789749131e-01
1.700000000000000000e+03 3.452802045116348806e-02 9.654719795484116851e-01
1.702500000000000000e+03 1.614790591458938052e-01 8.385209408536768994e-01
1.705000000000000000e+03 4.721963042885278794e-01 5.278036957110421312e-01
1.707500000000000000e+03 7.942923385810788384e-01 2.057076614184904229e-01
1.710000000000000000e+03 9.515942944867320508e-01 4.840570551283804313e-02
1.712500000000000000e+03 8.619786523305152937e-01 1.380213476690515806e-01
1.715000000000000000e+03 5.804348317840299920e-01 4.195651682155372986e-01
1.717500000000000000e+03 2.646499034963779029e-01 7.353500965031902759e-01
1.720000000000000000e+03 8.565385663804783722e-02 9.143461433615224232e-01
1.722500000000000000e+03 1.354226177826850508e-01 8.645773822168756340e-01
1.725000000000000000e+03 3.811590227726558422e-01 6.188409772269072295e-01
1.727500000000000000e+03 6.872946472258686379e-01 3.127053527736934346e-01
1.730000000000000000e+03 8.899669113197330450e-01 1.100330886798293883e-01
1.732500000000000000e+03 8.836326124387985370e-01 1.163673875607627584e-01
1.735000000000000000e+03 6.754560996453256028e-01 3.245439003542361922e-01
1.737500000000000000e+03 3.800956899357982310e-01 6.199043100637618986e-01
1.740000000000000000e+03 1.575385148674876001e-01 8.424614851320753051e-01
1.742500000000000000e+03 1.263378554039923940e-01 8.736621445955707888e-01
1.745000000000000000e+03 2.991346320704610928e-01 7.008653679291029226e-01
1.747500000000000000e+03 5.768834074061790496e-01 4.231165925933869643e-01
1.750000000000000000e+03 8.056888889742173099e-01 1.943111110253469553e-01
1.752500000000000000e+03 8.634867240558394830e-01 1.365132759437245324e-01
1.755000000000000000e+03 7.262192969544782883e-01 2.737807030450860601e-01
1.757500000000000000e+03 4.765095477342726205e-01 5.234904522652913395e-01
1.760000000000000000e+03 2.530772472847467314e-01 7.469227527148177836e-01
1.762500000000000000e+03 1.730572594915419649e-01 8.269427405080221893e-01
1.765000000000000000e+03 2.714991757715992104e-01 7.285008242279658042e-01
1.767500000000000000e+03 4.883398197813902941e-01 5.116601802181749425e-01
1.770000000000000000e+03 7.051305238915869245e-01 2.948694761079783122e-01
1.772500000000000000e+03 8.089293744799401775e-01 1.910706255196249759e-01
1.775000000000000000e+03 7.499903491067999584e-01 2.500096508927640016e-01
1.777500000000000000e+03 5.651675273659393373e-01 4.348324726336237900e-01
1.780000000000000000e+03 3.562790117103762366e-01 6.437209882891874457e-01
1.782500000000000000e+03 2.347862388421146640e-01 7.652137611574492126e-01
1.785000000000000000e+03 2.617709618797375293e-01 7.382290381198294282e-01
1.787500000000000000e+03 4.159952414649772390e-01 5.840047585345898851e-01
1.790000000000000000e+03 6.082854941326421017e-01 3.917145058669254110e-01
1.792500000000000000e+03 7.337136869757069357e-01 2.662863130238599663e-01
1.795000000000000000e+03 7.302921001075478591e-01 2.697078998920174886e-01
1.797500000000000000e+03 6.097835028930724821e-01 3.902164971064908117e-01
1.800000000000000000e+03 4.449759691591561039e-01 5.550240308404063017e-01
1.802500000000000000e+03 3.249238599051496035e-01 6.750761400944143009e-01
1.805000000000000000e+03 3.067675642957377047e-01 6.932324357038244234e-01
1.807500000000000000e+03 3.903201324573166153e-01 6.096798675422467895e-01
1.810000000000000000e+03 5.248109761064052581e-01 4.751890238931587018e-01
1.812500000000000000e+03 6.392624210122977990e-01 3.607375789872675487e-01
1.815000000000000000e+03 6.787520645776323747e-01 3.212479354219314187e-01
1.817500000000000000e+03 6.295177129392919291e-01 3.704822870602707541e-01
1.820000000000000000e+03 5.227467827041100135e-01 4.772532172954534468e-01
1.822500000000000000e+03 4.163901545449306130e-01 5.836098454546303493e-01
1.825000000000000000e+03 3.641189449166729597e-01 6.358810550828866148e-01
1.827500000000000000e+03 3.874552409655339091e-01 6.125447590340266091e-01
1.830000000000000000e+03 4.665411018652552144e-01 5.334588981343042491e-01
1.832500000000000000e+03 5.547030847396275943e-01 4.452969152599313696e-01
1.835000000000000000e+03 6.070099173224531297e-01 3.929900826771056677e-01
1.837500000000000000e+03 6.042157115953320501e-01 3.957842884042265252e-01
1.840000000000000000e+03 5.580495629254598189e-01 4.419504370740983679e-01
1.842500000000000000e+03 4.980197955160158285e-01 5.019802044835427468e-01
1.845000000000000000e+03 4.520826944687998394e-01 5.479173055307576812e-01
1.847500000000000000e+03 4.345190383980015447e-01 5.654809616015558094e-01
1.850000000000000000e+03 4.453533720048655220e-01 5.546466279946939970e-01
1.852500000000000000e+03 4.761790988130117919e-01 5.238209011865442299e-01
1.855000000000000000e+03 5.153328321664932821e-01 4.846671678330632949e-01
1.857500000000000000e+03 5.501862880847576687e-01 4.498137119147975760e-01
1.860000000000000000e+03 5.689656072719184721e-01 4.310343927276349407e-01
1.862500000000000000e+03 5.642137893764800349e-01 4.357862106230697141e-01
1.865000000000000000e+03 5.364879988692490276e-01 4.635120011303001109e-01
1.867500000000000000e+03 4.951336971659229258e-01 5.048663028336276559e-01
1.870000000000000000e+03 4.551433964680083322e-01 5.448566035315418610e-01
1.872500000000000000e+03 4.321525942186773550e-01 5.678474057808733377e-01
1.875000000000000000e+03 4.376996150076971626e-01 5.623003849918548624e-01
1.877500000000000000e+03 4.747742914415297166e-01 5.252257085580233076e-01
1.880000000000000000e+03 5.335726587443645474e-01 4.664273412551867559e-01
1.882500000000000000e+03 5.904360568380052632e-01 4.095639431615443748e-01
1.885000000000000000e+03 6.148792217500492763e-01 3.851207782495005283e-01
1.887500000000000000e+03 5.855548978554474537e-01 4.144451021441016847e-01
1.890000000000000000e+03 5.072360456651864302e-01 4.927639543343630413e-01
1.892500000000000000e+03 4.154982424782331374e-01 5.845017575213178329e-01
1.895000000000000000e+03 3.611795927897551994e-01 6.388204072097956043e-01
1.897500000000000000e+03 3.809668634904710971e-01 6.190331365090789850e-01
1.900000000000000000e+03 4.724410099801717999e-01 5.275589900193746740e-01
1.902500000000000000e+03 5.910905120929621503e-01 4.089094879065857113e-01
1.905000000000000000e+03 6.729728274471985516e-01 3.270271725523500317e-01
1.907500000000000000e+03 6.700815148206501481e-01 3.299184851788963813e-01
1.910000000000000000e+03 5.778734996577761240e-01 4.221265003417669082e-01
1.912500000000000000e+03 4.398549054084130994e-01 5.601450945911284895e-01
1.915000000000000000e+03 3.270910222635300402e-01 6.729089777360091063e-01
1.917500000000000000e+03 3.026106395486364287e-01 6.973893604509029398e-01
1.920000000000000000e+03 3.873561250445085591e-01 6.126438749550313645e-01
1.922500000000000000e+03 5.446943259004642934e-01 4.553056740990755191e-01
1.925000000000000000e+03 6.940292609290225068e-01 3.059707390705167507e-01
1.927500000000000000e+03 7.508326447325447406e-01 2.491673552669936842e-01
1.930000000000000000e+03 6.746181399726145500e-01 3.253818600269233752e-01
1.932500000000000000e+03 4.974114436094313474e-01 5.025885563901045794e-01
1.935000000000000000e+03 3.122264518856004978e-01 6.877735481139344298e-01
1.937500000000000000e+03 2.236117941252070973e-01 7.763882058743277748e-01
1.940000000000000000e+03 2.872201338789661662e-01 7.127798661205695385e-01
1.942500000000000000e+03 4.747906563901974075e-01 5.252093436093363543e-01
1.945000000000000000e+03 6.869006614566862678e-01 3.130993385428451625e-01
1.947500000000000000e+03 8.070665463915138726e-01 1.929334536080185014e-01
1.950000000000000000e+03 7.662197569979396494e-01 2.337802430015915589e-01
1.952500000000000000e+03 5.814481189426174979e-01 4.185518810569128223e-01
1.955000000000000000e+03 3.484511044060442653e-01 6.515488955934871651e-01
1.957500000000000000e+03 1.921906567645607078e-01 8.078093432349722214e-01
1.960000000000000000e+03 2.010094838726915190e-01 7.989905161268415767e-01
1.962500000000000000e+03 3.775538701442909262e-01 6.224461298552420585e-01
1.965000000000000000e+03 6.327551227466848838e-01 3.672448772528462135e-01
1.967500000000000000e+03 8.291601553979452977e-01 1.708398446015835237e-01
1.970000000000000000e+03 8.542937002310212469e-01 1.457062997685089623e-01
1.972500000000000000e+03 6.856323604833600704e-01 3.143676395161703052e-01
1.975000000000000000e+03 4.088742254722401159e-01 5.911257745272899822e-01
1.977500000000000000e+03 1.747628633518671371e-01 8.252371366476600745e-01
1.980000000000000000e+03 1.157197944541091122e-01 8.842802055454170862e-01
1.982500000000000000e+03 2.696429312814414558e-01 7.303570687180883647e-01
1.985000000000000000e+03 5.560665851799106996e-01 4.439334148196132368e-01
1.987500000000000000e+03 8.194772338891184171e-01 1.805227661104050196e-01
1.990000000000000000e+03 9.150778700327483195e-01 8.492212996677568626e-02
1.992500000000000000e+03 7.883898494272282287e-01 2.116101505722934595e-01
1.995000000000000000e+03 5.051670850525362688e-01 4.948329149469813948e-01
1.997500000000000000e+03 2.166569279604511067e-01 7.833430720390652802e-01
2.000000000000000000e+03 7.944088088840596529e-02 9.205591191111114346e-01
