0.000000000000000000e+00 0.000000000000000000e+00
2.500000000000000000e+00 4.819957260797938053e-06
5.000000000000000000e+00 6.394101605885838858e-05
7.500000000000000000e+00 2.451272775287269821e-04
1.000000000000000000e+01 5.150705044834304669e-04
1.250000000000000000e+01 7.410657181523002757e-04
1.500000000000000000e+01 7.955840690824549305e-04
1.750000000000000000e+01 6.942932728881620608e-04
2.000000000000000000e+01 5.846784494249259194e-04
2.250000000000000000e+01 6.076331903363615819e-04
2.500000000000000000e+01 7.681753453437273121e-04
2.750000000000000000e+01 9.381735692506172836e-04
3.000000000000000000e+01 9.780379829758185407e-04
3.250000000000000000e+01 8.715548620709965893e-04
3.500000000000000000e+01 7.227944672947095653e-04
3.750000000000000000e+01 6.343162334698950041e-04
4.000000000000000000e+01 6.173113998932388017e-04
4.250000000000000000e+01 6.171079840231288079e-04
4.500000000000000000e+01 6.281476440024295243e-04
4.750000000000000000e+01 7.328398458292963548e-04
5.000000000000000000e+01 1.001785352416326635e-03
5.250000000000000000e+01 1.387634529019798240e-03
5.500000000000000000e+01 1.715751441676918732e-03
5.750000000000000000e+01 1.849901793509201855e-03
6.000000000000000000e+01 1.802152150529432893e-03
6.250000000000000000e+01 1.730580814361492095e-03
6.500000000000000000e+01 1.790914354571118130e-03
6.750000000000000000e+01 2.000946743524369652e-03
7.000000000000000000e+01 2.236536753283763831e-03
7.250000000000000000e+01 2.370811970648462226e-03
7.500000000000000000e+01 2.378578982379804790e-03
7.750000000000000000e+01 2.339636607200764034e-03
8.000000000000000000e+01 2.327548514120033035e-03
8.250000000000000000e+01 2.335417924935494736e-03
8.500000000000000000e+01 2.325916726618968474e-03
8.750000000000000000e+01 2.332849499827123821e-03
9.000000000000000000e+01 2.468530160252320124e-03
9.250000000000000000e+01 2.810931357917210213e-03
9.500000000000000000e+01 3.277496005881330981e-03
9.750000000000000000e+01 3.680738411679499323e-03
1.000000000000000000e+02 3.858285462423304869e-03
1.025000000000000000e+02 3.833177020405207150e-03
1.050000000000000000e+02 3.776499025807217910e-03
1.075000000000000000e+02 3.856004682872064566e-03
1.100000000000000000e+02 4.094763881954865438e-03
1.125000000000000000e+02 4.383020292093565105e-03
1.150000000000000000e+02 4.589239893332486275e-03
1.175000000000000000e+02 4.687863828034560636e-03
1.200000000000000000e+02 4.732203245646795370e-03
1.225000000000000000e+02 4.767024909985296231e-03
1.250000000000000000e+02 4.772929600952703806e-03
1.275000000000000000e+02 4.731685395552662037e-03
1.300000000000000000e+02 4.714212013643720445e-03
1.325000000000000000e+02 4.859321751898641219e-03
1.350000000000000000e+02 5.235242227796374839e-03
1.375000000000000000e+02 5.749388647744210941e-03
1.400000000000000000e+02 6.174295734828208482e-03
1.425000000000000000e+02 6.354571357399898569e-03
1.450000000000000000e+02 6.314400490823948719e-03
1.475000000000000000e+02 6.240445766986746530e-03
1.500000000000000000e+02 6.310932187466727038e-03
1.525000000000000000e+02 6.556716092910331098e-03
1.550000000000000000e+02 6.863540892449628526e-03
1.575000000000000000e+02 7.113390152171608465e-03
1.600000000000000000e+02 7.265632482642853801e-03
1.625000000000000000e+02 7.357277723741791065e-03
1.650000000000000000e+02 7.403407008795911785e-03
1.675000000000000000e+02 7.377298825627830875e-03
1.700000000000000000e+02 7.280704939122335274e-03
1.725000000000000000e+02 7.214795921325889254e-03
1.750000000000000000e+02 7.336200701483524232e-03
1.775000000000000000e+02 7.712578192103376924e-03
1.800000000000000000e+02 8.216515539266068188e-03
1.825000000000000000e+02 8.621053240198656153e-03
1.850000000000000000e+02 8.754930684622713732e-03
1.875000000000000000e+02 8.661384785772521105e-03
1.900000000000000000e+02 8.541189269183535951e-03
1.925000000000000000e+02 8.576857666984355130e-03
1.950000000000000000e+02 8.796274461745459336e-03
1.975000000000000000e+02 9.094391405003647219e-03
2.000000000000000000e+02 9.346162611270435183e-03
2.025000000000000000e+02 9.516296971939841587e-03
2.050000000000000000e+02 9.616175724656832180e-03
2.075000000000000000e+02 9.641868341100692449e-03
2.100000000000000000e+02 9.559350642568223769e-03
2.125000000000000000e+02 9.385947390692135281e-03
2.150000000000000000e+02 9.252002179153695841e-03
2.175000000000000000e+02 9.323415904994979825e-03
2.200000000000000000e+02 9.654362587244042990e-03
2.225000000000000000e+02 1.011245892555634636e-02
2.250000000000000000e+02 1.044430983037807417e-02
2.275000000000000000e+02 1.049640272943752790e-02
2.300000000000000000e+02 1.032259787430816513e-02
2.325000000000000000e+02 1.013239024116538607e-02
2.350000000000000000e+02 1.011216912674709270e-02
2.375000000000000000e+02 1.028493390316763921e-02
2.400000000000000000e+02 1.053888508569791882e-02
2.425000000000000000e+02 1.076405431004070178e-02
2.450000000000000000e+02 1.091548253276854001e-02
2.475000000000000000e+02 1.099619421046381038e-02
2.500000000000000000e+02 1.097948926535190564e-02
2.525000000000000000e+02 1.082580350634230679e-02
2.550000000000000000e+02 1.057042720479213146e-02
2.575000000000000000e+02 1.035464641361067729e-02
2.600000000000000000e+02 1.035450222924866673e-02
2.625000000000000000e+02 1.061695301888262825e-02
2.650000000000000000e+02 1.098685899399660243e-02
2.675000000000000000e+02 1.122122958149050082e-02
2.700000000000000000e+02 1.116815518251529880e-02
2.725000000000000000e+02 1.089852509227469228e-02
2.750000000000000000e+02 1.063503251913662691e-02
2.775000000000000000e+02 1.055039799644605022e-02
2.800000000000000000e+02 1.065918735652981661e-02
2.825000000000000000e+02 1.085353910800489208e-02
2.850000000000000000e+02 1.102488907512582002e-02
2.875000000000000000e+02 1.113971110079016100e-02
2.900000000000000000e+02 1.118529098920969904e-02
2.925000000000000000e+02 1.112061584535252792e-02
2.950000000000000000e+02 1.090225684499464623e-02
2.975000000000000000e+02 1.056661305289910424e-02
3.000000000000000000e+02 1.027521446019580807e-02
3.025000000000000000e+02 1.019700794860744185e-02
3.050000000000000000e+02 1.037171061882303548e-02
3.075000000000000000e+02 1.064369218597788561e-02
3.100000000000000000e+02 1.076436442594521335e-02
3.125000000000000000e+02 1.060320889331596399e-02
3.150000000000000000e+02 1.025018782466746020e-02
3.175000000000000000e+02 9.919318919911339696e-03
3.200000000000000000e+02 9.778771187415116750e-03
3.225000000000000000e+02 9.824734188370827515e-03
3.250000000000000000e+02 9.948876594850959015e-03
3.275000000000000000e+02 1.006145798655256988e-02
3.300000000000000000e+02 1.013287567549945277e-02
3.325000000000000000e+02 1.014761647865755102e-02
3.350000000000000000e+02 1.004952873115679685e-02
3.375000000000000000e+02 9.783008767671129077e-03
3.400000000000000000e+02 9.395460027207846662e-03
3.425000000000000000e+02 9.039714168545268796e-03
3.450000000000000000e+02 8.893575633160863067e-03
3.475000000000000000e+02 8.986531598430625226e-03
3.500000000000000000e+02 9.158039022916571181e-03
3.525000000000000000e+02 9.176070124808777609e-03
3.550000000000000000e+02 8.928769559242776682e-03
3.575000000000000000e+02 8.512599994624550290e-03
3.600000000000000000e+02 8.147908005076401686e-03
3.625000000000000000e+02 7.969480471116325779e-03
3.650000000000000000e+02 7.963928775923695413e-03
3.675000000000000000e+02 8.026840352620714242e-03
3.700000000000000000e+02 8.085025612509150195e-03
3.725000000000000000e+02 8.126235837048825100e-03
3.750000000000000000e+02 8.130007923451303131e-03
3.775000000000000000e+02 8.025722047578237248e-03
3.800000000000000000e+02 7.750879554207760862e-03
3.825000000000000000e+02 7.338278951431497985e-03
3.850000000000000000e+02 6.953498329839107213e-03
3.875000000000000000e+02 6.758577944877600628e-03
3.900000000000000000e+02 6.786107041189069072e-03
3.925000000000000000e+02 6.879749162571263850e-03
3.950000000000000000e+02 6.821561514511914268e-03
3.975000000000000000e+02 6.519621139062709882e-03
4.000000000000000000e+02 6.089528948289771662e-03
4.025000000000000000e+02 5.722968376932421192e-03
4.050000000000000000e+02 5.540314447444931109e-03
4.075000000000000000e+02 5.504332452669551817e-03
4.100000000000000000e+02 5.521736160162549201e-03
4.125000000000000000e+02 5.545087137004952281e-03
4.150000000000000000e+02 5.579137965201434908e-03
4.175000000000000000e+02 5.603825670590164773e-03
4.200000000000000000e+02 5.534212031557070484e-03
4.225000000000000000e+02 5.287779953693228820e-03
4.250000000000000000e+02 4.897949794948783415e-03
4.275000000000000000e+02 4.511766559918342114e-03
4.300000000000000000e+02 4.301713319951151054e-03
4.325000000000000000e+02 4.292229770615489659e-03
4.350000000000000000e+02 4.337257175110092837e-03
4.375000000000000000e+02 4.239963107453444818e-03
4.400000000000000000e+02 3.934996384653367818e-03
4.425000000000000000e+02 3.531149654413629543e-03
4.450000000000000000e+02 3.212246887283057555e-03
4.475000000000000000e+02 3.054381603450811999e-03
4.500000000000000000e+02 3.013105711018807496e-03
4.525000000000000000e+02 3.006936621919507197e-03
4.550000000000000000e+02 3.018798841113940704e-03
4.575000000000000000e+02 3.075892711310483814e-03
4.600000000000000000e+02 3.156484204608324406e-03
4.625000000000000000e+02 3.160058262977707630e-03
4.650000000000000000e+02 2.987310573507656261e-03
4.675000000000000000e+02 2.650661342787026531e-03
4.700000000000000000e+02 2.304113558828233682e-03
4.725000000000000000e+02 2.105768689838239532e-03
4.750000000000000000e+02 2.090316746038059937e-03
4.775000000000000000e+02 2.122000965850182573e-03
4.800000000000000000e+02 2.028808523129447747e-03
4.825000000000000000e+02 1.761779613625125097e-03
4.850000000000000000e+02 1.437266943466262558e-03
4.875000000000000000e+02 1.197400780119873588e-03
4.900000000000000000e+02 1.094669712562328524e-03
4.925000000000000000e+02 1.067677001591083984e-03
4.950000000000000000e+02 1.057362739666877285e-03
4.975000000000000000e+02 1.080551642331971374e-03
5.000000000000000000e+02 1.186223452031324619e-03
5.025000000000000000e+02 1.354710507192677035e-03
5.050000000000000000e+02 1.463183484251093496e-03
5.075000000000000000e+02 1.391206524036143989e-03
5.100000000000000000e+02 1.141670114042138157e-03
5.125000000000000000e+02 8.534665939382122960e-04
5.150000000000000000e+02 6.951039313091111850e-04
5.175000000000000000e+02 6.991808206604114640e-04
5.200000000000000000e+02 7.472400828324802765e-04
5.225000000000000000e+02 6.921001953457147195e-04
5.250000000000000000e+02 5.061515551675195264e-04
5.275000000000000000e+02 2.888406613982368032e-04
5.300000000000000000e+02 1.570582557556444048e-04
5.325000000000000000e+02 1.224204684987442585e-04
5.350000000000000000e+02 1.207939215039167594e-04
5.375000000000000000e+02 1.173318527232951515e-04
5.400000000000000000e+02 1.654208372784267650e-04
5.425000000000000000e+02 3.387255709140282452e-04
5.450000000000000000e+02 6.094118391178395813e-04
5.475000000000000000e+02 8.408389080749628826e-04
5.500000000000000000e+02 8.843459213460186071e-04
5.525000000000000000e+02 7.285754068513304810e-04
5.550000000000000000e+02 5.152761249771686466e-04
5.575000000000000000e+02 4.062522760622955947e-04
5.600000000000000000e+02 4.450254489898624764e-04
5.625000000000000000e+02 5.295532980709265463e-04
5.650000000000000000e+02 5.366110014572327610e-04
5.675000000000000000e+02 4.509023978273851707e-04
5.700000000000000000e+02 3.608280021628063332e-04
5.725000000000000000e+02 3.407717644097722092e-04
5.750000000000000000e+02 3.739291328968261975e-04
5.775000000000000000e+02 3.944443610968097137e-04
5.800000000000000000e+02 3.968079690049282696e-04
5.825000000000000000e+02 4.725589083212631322e-04
5.850000000000000000e+02 7.121456124439746235e-04
5.875000000000000000e+02 1.090007123133549406e-03
5.900000000000000000e+02 1.435967170090325521e-03
5.925000000000000000e+02 1.588645833179755731e-03
5.950000000000000000e+02 1.522030016017117274e-03
5.975000000000000000e+02 1.374206387379419119e-03
6.000000000000000000e+02 1.314346141862692474e-03
6.025000000000000000e+02 1.389609811979674453e-03
6.050000000000000000e+02 1.513975325975988259e-03
6.075000000000000000e+02 1.589953910854893316e-03
6.100000000000000000e+02 1.609424489566704591e-03
6.125000000000000000e+02 1.640323089373420511e-03
6.150000000000000000e+02 1.719349006826561242e-03
6.175000000000000000e+02 1.803117868207719174e-03
6.200000000000000000e+02 1.828594927513519123e-03
6.225000000000000000e+02 1.823253500181409685e-03
6.250000000000000000e+02 1.913023453707898315e-03
6.275000000000000000e+02 2.209630669149976936e-03
6.300000000000000000e+02 2.668523255928006554e-03
6.325000000000000000e+02 3.111270565325397787e-03
6.350000000000000000e+02 3.343504737341369132e-03
6.375000000000000000e+02 3.339889914654942463e-03
6.400000000000000000e+02 3.239750391214425880e-03
6.425000000000000000e+02 3.211863391648573512e-03
6.450000000000000000e+02 3.310182396242432150e-03
6.475000000000000000e+02 3.467138254796325349e-03
6.500000000000000000e+02 3.600577441756572933e-03
6.525000000000000000e+02 3.710479951968524877e-03
6.550000000000000000e+02 3.838533768793704355e-03
6.575000000000000000e+02 3.988539528302137427e-03
6.600000000000000000e+02 4.090999898676218188e-03
6.625000000000000000e+02 4.094652018530473003e-03
6.650000000000000000e+02 4.058134792048698897e-03
6.675000000000000000e+02 4.140680698358225297e-03
6.700000000000000000e+02 4.461080326028432630e-03
6.725000000000000000e+02 4.975176232804431539e-03
6.750000000000000000e+02 5.466011759951022037e-03
6.775000000000000000e+02 5.740909952134329482e-03
6.800000000000000000e+02 5.763221800589633445e-03
6.825000000000000000e+02 5.678243046134752621e-03
6.850000000000000000e+02 5.657748585980465310e-03
6.875000000000000000e+02 5.759282799942206342e-03
6.900000000000000000e+02 5.925573933679526006e-03
6.925000000000000000e+02 6.096128766380251064e-03
6.950000000000000000e+02 6.265054474591930794e-03
6.975000000000000000e+02 6.456570164872070874e-03
7.000000000000000000e+02 6.635802379652324876e-03
7.025000000000000000e+02 6.722124533838842383e-03
7.050000000000000000e+02 6.672697275695826415e-03
7.075000000000000000e+02 6.576910540713675271e-03
7.100000000000000000e+02 6.621703952335366433e-03
7.125000000000000000e+02 6.936841199096193539e-03
7.150000000000000000e+02 7.452795541819510171e-03
7.175000000000000000e+02 7.952046049271865175e-03
7.200000000000000000e+02 8.216610667362955756e-03
7.225000000000000000e+02 8.224247048629578297e-03
7.250000000000000000e+02 8.122755395022360908e-03
7.275000000000000000e+02 8.081716169432007560e-03
7.300000000000000000e+02 8.159970209841410638e-03
7.325000000000000000e+02 8.313478978380459128e-03
7.350000000000000000e+02 8.488367851279276372e-03
7.375000000000000000e+02 8.683615875251892227e-03
7.400000000000000000e+02 8.894461658781055088e-03
7.425000000000000000e+02 9.066338423188933723e-03
7.450000000000000000e+02 9.100835362083479346e-03
7.475000000000000000e+02 8.969835257456730201e-03
7.500000000000000000e+02 8.792139517307756558e-03
7.525000000000000000e+02 8.772877128995123716e-03
7.550000000000000000e+02 9.041283601028465497e-03
7.575000000000000000e+02 9.524544569223801146e-03
7.600000000000000000e+02 9.974493032121244107e-03
7.625000000000000000e+02 1.018904086217128392e-02
7.650000000000000000e+02 1.014568813526644034e-02
7.675000000000000000e+02 9.998366893314217588e-03
7.700000000000000000e+02 9.915445640591507084e-03
7.725000000000000000e+02 9.950998467068884398e-03
7.750000000000000000e+02 1.006567460227373971e-02
7.775000000000000000e+02 1.021962249765767314e-02
7.800000000000000000e+02 1.040316692281091984e-02
7.825000000000000000e+02 1.060143440781774124e-02
7.850000000000000000e+02 1.073122983785623069e-02
7.875000000000000000e+02 1.069081126198805597e-02
7.900000000000000000e+02 1.046435289372124773e-02
7.925000000000000000e+02 1.018724873854011566e-02
7.950000000000000000e+02 1.008537617540931387e-02
7.975000000000000000e+02 1.028412830766090372e-02
8.000000000000000000e+02 1.068900290426932562e-02
8.025000000000000000e+02 1.105936037370877124e-02
8.050000000000000000e+02 1.118688865335469747e-02
8.075000000000000000e+02 1.106896144495087345e-02
8.100000000000000000e+02 1.086410223427990845e-02
8.125000000000000000e+02 1.072723659837351504e-02
8.150000000000000000e+02 1.070860931506322292e-02
8.175000000000000000e+02 1.077151641994655677e-02
8.200000000000000000e+02 1.088048035830420888e-02
8.225000000000000000e+02 1.103086418079734024e-02
8.250000000000000000e+02 1.118937061733151807e-02
8.275000000000000000e+02 1.126313473130415022e-02
8.300000000000000000e+02 1.114178001339633656e-02
8.325000000000000000e+02 1.081553795363717103e-02
8.350000000000000000e+02 1.044503465346638578e-02
8.375000000000000000e+02 1.025362101929797390e-02
8.400000000000000000e+02 1.036411242884227937e-02
8.425000000000000000e+02 1.067574568173652524e-02
8.450000000000000000e+02 1.093706493066242021e-02
8.475000000000000000e+02 1.096530881368386334e-02
8.500000000000000000e+02 1.077051896844549023e-02
8.525000000000000000e+02 1.050723877196886938e-02
8.550000000000000000e+02 1.032408363122154157e-02
8.575000000000000000e+02 1.025322231913789600e-02
8.600000000000000000e+02 1.025990310775061823e-02
8.625000000000000000e+02 1.031703995552230371e-02
8.650000000000000000e+02 1.042056812576620459e-02
8.675000000000000000e+02 1.053592584237336184e-02
8.700000000000000000e+02 1.055503803431995583e-02
8.725000000000000000e+02 1.036261559577075948e-02
8.750000000000000000e+02 9.960950516173657301e-03
8.775000000000000000e+02 9.507722262170462124e-03
8.800000000000000000e+02 9.241003321035256776e-03
8.825000000000000000e+02 9.266305303194265555e-03
8.850000000000000000e+02 9.473858776271385645e-03
8.875000000000000000e+02 9.627991759517329912e-03
8.900000000000000000e+02 9.562093934443075677e-03
8.925000000000000000e+02 9.302343602259472571e-03
8.950000000000000000e+02 9.006321119189109395e-03
8.975000000000000000e+02 8.793703054604298450e-03
9.000000000000000000e+02 8.687646330482660592e-03
9.025000000000000000e+02 8.647263184643974240e-03
9.050000000000000000e+02 8.655665202235809583e-03
9.075000000000000000e+02 8.719206749382006280e-03
9.100000000000000000e+02 8.800511186053544543e-03
9.125000000000000000e+02 8.786187335822868635e-03
9.150000000000000000e+02 8.556158116792665289e-03
9.175000000000000000e+02 8.105606114651367836e-03
9.200000000000000000e+02 7.610443227424608381e-03
9.225000000000000000e+02 7.288163307206218210e-03
9.250000000000000000e+02 7.243782436236101754e-03
9.275000000000000000e+02 7.362716636375324884e-03
9.300000000000000000e+02 7.422169631576245458e-03
9.325000000000000000e+02 7.285336683189014804e-03
9.350000000000000000e+02 6.997689375923099586e-03
9.375000000000000000e+02 6.698233394589552490e-03
9.400000000000000000e+02 6.492046809608130117e-03
9.425000000000000000e+02 6.373962436600463626e-03
9.450000000000000000e+02 6.305745820101980002e-03
9.475000000000000000e+02 6.280950110463257019e-03
9.500000000000000000e+02 6.321081289407581329e-03
9.525000000000000000e+02 6.395265235554537485e-03
9.550000000000000000e+02 6.382242512331289148e-03
9.575000000000000000e+02 6.151711622312234541e-03
9.600000000000000000e+02 5.705074797085740376e-03
9.625000000000000000e+02 5.199972765643511019e-03
9.650000000000000000e+02 4.862142424237506956e-03
9.675000000000000000e+02 4.773461142621815943e-03
9.700000000000000000e+02 4.825804408957926929e-03
9.725000000000000000e+02 4.820702403213427550e-03
9.750000000000000000e+02 4.652553448601307387e-03
9.775000000000000000e+02 4.374174459421235200e-03
9.800000000000000000e+02 4.118827818863766109e-03
9.825000000000000000e+02 3.951413800032250491e-03
9.850000000000000000e+02 3.852225660747710806e-03
9.875000000000000000e+02 3.777398887026551556e-03
9.900000000000000000e+02 3.740913804595540158e-03
9.925000000000000000e+02 3.783856889000489915e-03
9.950000000000000000e+02 3.882131351546339818e-03
9.975000000000000000e+02 3.910062206964347309e-03
1.000000000000000000e+03 3.728416952920758382e-03
1.002500000000000000e+03 3.323334657026481235e-03
1.005000000000000000e+03 2.860374057196450430e-03
1.007500000000000000e+03 2.536324660429080304e-03
1.010000000000000000e+03 2.435287262253527010e-03
1.012500000000000000e+03 2.451766543601757546e-03
1.015000000000000000e+03 2.417510738432287858e-03
1.017500000000000000e+03 2.256618257641507686e-03
1.020000000000000000e+03 2.036404038254296337e-03
1.022500000000000000e+03 1.860420661108338211e-03
1.025000000000000000e+03 1.767506688814402937e-03
1.027500000000000000e+03 1.709754068913441755e-03
1.030000000000000000e+03 1.649512120217089435e-03
1.032500000000000000e+03 1.621301322073416019e-03
1.035000000000000000e+03 1.691513097446667013e-03
1.037500000000000000e+03 1.847254709365794834e-03
1.040000000000000000e+03 1.952008582243001727e-03
1.042500000000000000e+03 1.854872738499355233e-03
1.045000000000000000e+03 1.537948830382295179e-03
1.047500000000000000e+03 1.143747590916849386e-03
1.050000000000000000e+03 8.696501907130074760e-04
1.052500000000000000e+03 7.807093936124140203e-04
1.055000000000000000e+03 7.892819464296019737e-04
1.057500000000000000e+03 7.585030454619998315e-04
1.060000000000000000e+03 6.449578765819161423e-04
1.062500000000000000e+03 5.147766843780901070e-04
1.065000000000000000e+03 4.509785711108978763e-04
1.067500000000000000e+03 4.514646034509440533e-04
1.070000000000000000e+03 4.498518274585643680e-04
1.072500000000000000e+03 4.140747613043244926e-04
1.075000000000000000e+03 4.079620579279753995e-04
1.077500000000000000e+03 5.251836266876916794e-04
1.080000000000000000e+03 7.575900481332465634e-04
1.082500000000000000e+03 9.654432510139762799e-04
1.085000000000000000e+03 9.797533212288799583e-04
1.087500000000000000e+03 7.691620038183976304e-04
1.090000000000000000e+03 4.723940045902986313e-04
1.092500000000000000e+03 2.606899277145227536e-04
1.095000000000000000e+03 2.025302721029354261e-04
1.097500000000000000e+03 2.230083448204260002e-04
1.100000000000000000e+03 2.203327424423170749e-04
1.102500000000000000e+03 1.771871669794959680e-04
1.105000000000000000e+03 1.600844246427062596e-04
1.107500000000000000e+03 2.195819171413369668e-04
1.110000000000000000e+03 3.171203785146378728e-04
1.112500000000000000e+03 3.696263641225708144e-04
1.115000000000000000e+03 3.569379076680076371e-04
1.117500000000000000e+03 3.748625864475944283e-04
1.120000000000000000e+03 5.424175141376834982e-04
1.122500000000000000e+03 8.629542247080726567e-04
1.125000000000000000e+03 1.176534999095452550e-03
1.127500000000000000e+03 1.308299425602516951e-03
1.130000000000000000e+03 1.212724254526878834e-03
1.132500000000000000e+03 1.010842816294424493e-03
1.135000000000000000e+03 8.676866871062568739e-04
1.137500000000000000e+03 8.425700588501606981e-04
1.140000000000000000e+03 8.821140885306860691e-04
1.142500000000000000e+03 9.176909282117185103e-04
1.145000000000000000e+03 9.539627755116169856e-04
1.147500000000000000e+03 1.051143031823034051e-03
1.150000000000000000e+03 1.225091692163529167e-03
1.152500000000000000e+03 1.405973376379182627e-03
1.155000000000000000e+03 1.493365950110497409e-03
1.157500000000000000e+03 1.487794118992816651e-03
1.160000000000000000e+03 1.517979837740849811e-03
1.162500000000000000e+03 1.730136198519415273e-03
1.165000000000000000e+03 2.122198488401831184e-03
1.167500000000000000e+03 2.534225329444350465e-03
1.170000000000000000e+03 2.766141547851853032e-03
1.172500000000000000e+03 2.768556744888843891e-03
1.175000000000000000e+03 2.650364005447834563e-03
1.177500000000000000e+03 2.559497945176027276e-03
1.180000000000000000e+03 2.558358625367447656e-03
1.182500000000000000e+03 2.611945997107186380e-03
1.185000000000000000e+03 2.680304256595879200e-03
1.187500000000000000e+03 2.787601806802060718e-03
1.190000000000000000e+03 2.979559844956014992e-03
1.192500000000000000e+03 3.244742611128971325e-03
1.195000000000000000e+03 3.473737572069832656e-03
1.197500000000000000e+03 3.565885068470530869e-03
1.200000000000000000e+03 3.540486304485958823e-03
1.202500000000000000e+03 3.561287239956110323e-03
1.205000000000000000e+03 3.791534695374749585e-03
1.207500000000000000e+03 4.236221033144031006e-03
1.210000000000000000e+03 4.708353936425121664e-03
1.212500000000000000e+03 5.012520118389457435e-03
1.215000000000000000e+03 5.081257969679598384e-03
1.217500000000000000e+03 5.015439750070222955e-03
1.220000000000000000e+03 4.953864806977090716e-03
1.222500000000000000e+03 4.956912974161938566e-03
1.225000000000000000e+03 5.007628004830730513e-03
1.227500000000000000e+03 5.092938437034435530e-03
1.230000000000000000e+03 5.245609784264602948e-03
1.232500000000000000e+03 5.503687458535687881e-03
1.235000000000000000e+03 5.815486358759962629e-03
1.237500000000000000e+03 6.054595267143301693e-03
1.240000000000000000e+03 6.111043690425583923e-03
1.242500000000000000e+03 6.033126613933454188e-03
1.245000000000000000e+03 6.015397905634402125e-03
1.247500000000000000e+03 6.237370251128245696e-03
1.250000000000000000e+03 6.689331230946900242e-03
1.252500000000000000e+03 7.188521306761515295e-03
1.255000000000000000e+03 7.515988281901548468e-03
1.257500000000000000e+03 7.611659179523441905e-03
1.260000000000000000e+03 7.563610375883491992e-03
1.262500000000000000e+03 7.500614295069982403e-03
1.265000000000000000e+03 7.484520873847552193e-03
1.267500000000000000e+03 7.512250924228982239e-03
1.270000000000000000e+03 7.588739644919082275e-03
1.272500000000000000e+03 7.758201812387219287e-03
1.275000000000000000e+03 8.037801217180569335e-03
1.277500000000000000e+03 8.357420458022053397e-03
1.280000000000000000e+03 8.558530350846652035e-03
1.282500000000000000e+03 8.542905663178085307e-03
1.285000000000000000e+03 8.383732150460312255e-03
1.287500000000000000e+03 8.299514241778221599e-03
1.290000000000000000e+03 8.476549563530883305e-03
1.292500000000000000e+03 8.904365561306007773e-03
1.295000000000000000e+03 9.376099278158887135e-03
1.297500000000000000e+03 9.687878757729447357e-03
1.300000000000000000e+03 9.767655199733993321e-03
1.302500000000000000e+03 9.702650888175401445e-03
1.305000000000000000e+03 9.613584916632082408e-03
1.307500000000000000e+03 9.557719850090564892e-03
1.310000000000000000e+03 9.542591218052917310e-03
1.312500000000000000e+03 9.587581339263243768e-03
1.315000000000000000e+03 9.738725536095860572e-03
1.317500000000000000e+03 1.000686313530459344e-02
1.320000000000000000e+03 1.028815278549986487e-02
1.322500000000000000e+03 1.041894186089119788e-02
1.325000000000000000e+03 1.030411960243389144e-02
1.327500000000000000e+03 1.004056497664174326e-02
1.330000000000000000e+03 9.871463950107572938e-03
1.332500000000000000e+03 9.980484613658887130e-03
1.335000000000000000e+03 1.034119674796661267e-02
1.337500000000000000e+03 1.075480614742777181e-02
1.340000000000000000e+03 1.100659103722067232e-02
1.342500000000000000e+03 1.103989766319748642e-02
1.345000000000000000e+03 1.093571160359000337e-02
1.347500000000000000e+03 1.080368697839175288e-02
1.350000000000000000e+03 1.069867287738263985e-02
1.352500000000000000e+03 1.062859959489426825e-02
1.355000000000000000e+03 1.062356090345517243e-02
1.357500000000000000e+03 1.073475290059008706e-02
1.360000000000000000e+03 1.095758932333815508e-02
1.362500000000000000e+03 1.117819547686015567e-02
1.365000000000000000e+03 1.121583581748750690e-02
1.367500000000000000e+03 1.098894427943418982e-02
1.370000000000000000e+03 1.062146621767781803e-02
1.372500000000000000e+03 1.035816721181457949e-02
1.375000000000000000e+03 1.038262342209488910e-02
1.377500000000000000e+03 1.065985720091386889e-02
1.380000000000000000e+03 1.098062180162090451e-02
1.382500000000000000e+03 1.115301934424837473e-02
1.385000000000000000e+03 1.112254457351017495e-02
1.387500000000000000e+03 1.097021171440730122e-02
1.390000000000000000e+03 1.079834963468831628e-02
1.392500000000000000e+03 1.064517620183533242e-02
1.395000000000000000e+03 1.052146359826845907e-02
1.397500000000000000e+03 1.045999070352377977e-02
1.400000000000000000e+03 1.051710080843515534e-02
1.402500000000000000e+03 1.068526789312325941e-02
1.405000000000000000e+03 1.083158147066912158e-02
1.407500000000000000e+03 1.077623619490157732e-02
1.410000000000000000e+03 1.045111882546653943e-02
1.412500000000000000e+03 9.986953004340767132e-03
1.415000000000000000e+03 9.644513276303605387e-03
1.417500000000000000e+03 9.585645830618522156e-03
1.420000000000000000e+03 9.766721776442020830e-03
1.422500000000000000e+03 9.990509267212368399e-03
1.425000000000000000e+03 1.007398802369361031e-02
1.427500000000000000e+03 9.981664476055602392e-03
1.430000000000000000e+03 9.795585496230030040e-03
1.432500000000000000e+03 9.597894253297203568e-03
1.435000000000000000e+03 9.416866268292181305e-03
1.437500000000000000e+03 9.249697954240014564e-03
1.440000000000000000e+03 9.139395408880177790e-03
1.442500000000000000e+03 9.146373931428326137e-03
1.445000000000000000e+03 9.260305190024062383e-03
1.447500000000000000e+03 9.344777972784781839e-03
1.450000000000000000e+03 9.217489988753518881e-03
1.452500000000000000e+03 8.817006719899905809e-03
1.455000000000000000e+03 8.296251640238254052e-03
1.457500000000000000e+03 7.893781558404776300e-03
1.460000000000000000e+03 7.768573437129974550e-03
1.462500000000000000e+03 7.865057735271312536e-03
1.465000000000000000e+03 7.994476821988663259e-03
1.467500000000000000e+03 8.002505364669582760e-03
1.470000000000000000e+03 7.870297136166073265e-03
1.472500000000000000e+03 7.675110346549059159e-03
1.475000000000000000e+03 7.486444499447301310e-03
1.477500000000000000e+03 7.302474945976249361e-03
1.480000000000000000e+03 7.117686023445498819e-03
1.482500000000000000e+03 6.974144188150665884e-03
1.485000000000000000e+03 6.946672847164432445e-03
1.487500000000000000e+03 7.027236224574105045e-03
1.490000000000000000e+03 7.074567045355297130e-03
1.492500000000000000e+03 6.909009115285177915e-03
1.495000000000000000e+03 6.484286124494979993e-03
1.497500000000000000e+03 5.940763072584923261e-03
1.500000000000000000e+03 5.522349691618734686e-03
1.502500000000000000e+03 5.355247462606470103e-03
1.505000000000000000e+03 5.386015210619108165e-03
1.507500000000000000e+03 5.443828183309655164e-03
1.510000000000000000e+03 5.401901881794176491e-03
1.512500000000000000e+03 5.260886602751094036e-03
1.515000000000000000e+03 5.098787000014973723e-03
1.517500000000000000e+03 4.953833085953647346e-03
1.520000000000000000e+03 4.803841034245224378e-03
1.522500000000000000e+03 4.625356642851128838e-03
1.525000000000000000e+03 4.475092566968052327e-03
1.527500000000000000e+03 4.436890094584875280e-03
1.530000000000000000e+03 4.510912897337949340e-03
1.532500000000000000e+03 4.557987202495400111e-03
1.535000000000000000e+03 4.402286128761473752e-03
1.537500000000000000e+03 3.995341084890344230e-03
1.540000000000000000e+03 3.487296338522058448e-03
1.542500000000000000e+03 3.085181755236318570e-03
1.545000000000000000e+03 2.911112484628755083e-03
1.547500000000000000e+03 2.903373741819586119e-03
1.550000000000000000e+03 2.916108579457683814e-03
1.552500000000000000e+03 2.856444835544202920e-03
1.555000000000000000e+03 2.747763139290094504e-03
1.557500000000000000e+03 2.656274532377865018e-03
1.560000000000000000e+03 2.594747615181648790e-03
1.562500000000000000e+03 2.506275130042364980e-03
1.565000000000000000e+03 2.362703644981627420e-03
1.567500000000000000e+03 2.226639213191352901e-03
1.570000000000000000e+03 2.203880754668874342e-03
1.572500000000000000e+03 2.303088477922046566e-03
1.575000000000000000e+03 2.386537284837896532e-03
1.577500000000000000e+03 2.282062504771349785e-03
1.580000000000000000e+03 1.947580578163854437e-03
1.582500000000000000e+03 1.508781711765494688e-03
1.585000000000000000e+03 1.166484128412175608e-03
1.587500000000000000e+03 1.010801781750299668e-03
1.590000000000000000e+03 9.905763074805203853e-04
1.592500000000000000e+03 9.858705935632311370e-04
1.595000000000000000e+03 9.413519370551639252e-04
1.597500000000000000e+03 8.981248216453862048e-04
1.600000000000000000e+03 9.121056613347038738e-04
1.602500000000000000e+03 9.596256093525631740e-04
1.605000000000000000e+03 9.542831577999985430e-04
1.607500000000000000e+03 8.591942080509905799e-04
1.610000000000000000e+03 7.565240484383112599e-04
1.612500000000000000e+03 7.687032374416292134e-04
1.615000000000000000e+03 9.156984377474576943e-04
1.617500000000000000e+03 1.067178301439662084e-03
1.620000000000000000e+03 1.050640324572337577e-03
1.622500000000000000e+03 8.173568414552414077e-04
1.625000000000000000e+03 4.867151827061837101e-04
1.627500000000000000e+03 2.218175437508794674e-04
1.630000000000000000e+03 1.069792217752192490e-04
1.632500000000000000e+03 9.182532432178672113e-05
1.635000000000000000e+03 9.012094543067562607e-05
1.637500000000000000e+03 8.350218339543860710e-05
1.640000000000000000e+03 1.297636104875584523e-04
1.642500000000000000e+03 2.676575434042372187e-04
1.645000000000000000e+03 4.332838117533531399e-04
1.647500000000000000e+03 5.145270685595001742e-04
1.650000000000000000e+03 4.719286035304654436e-04
1.652500000000000000e+03 4.056095985699821257e-04
1.655000000000000000e+03 4.608765140120037337e-04
1.657500000000000000e+03 6.707606952024802813e-04
1.660000000000000000e+03 9.035214418004948542e-04
1.662500000000000000e+03 9.926964694252735522e-04
1.665000000000000000e+03 8.816718510941829725e-04
1.667500000000000000e+03 6.652547668323455579e-04
1.670000000000000000e+03 4.907406510456440796e-04
1.672500000000000000e+03 4.199032075799119805e-04
1.675000000000000000e+03 4.164306970787751507e-04
1.677500000000000000e+03 4.263354084318272215e-04
1.680000000000000000e+03 4.674454440824757427e-04
1.682500000000000000e+03 6.107744897707799393e-04
1.685000000000000000e+03 8.683709262179793026e-04
1.687500000000000000e+03 1.144787933385017688e-03
1.690000000000000000e+03 1.296269671110711341e-03
1.692500000000000000e+03 1.291839051736883579e-03
1.695000000000000000e+03 1.253591577254207839e-03
1.697500000000000000e+03 1.347509810494787593e-03
1.700000000000000000e+03 1.613280189394656131e-03
1.702500000000000000e+03 1.930139067018078140e-03
1.705000000000000000e+03 2.121564116008742805e-03
1.707500000000000000e+03 2.126490381547293303e-03
1.710000000000000000e+03 2.020910974621559133e-03
1.712500000000000000e+03 1.923889431803437649e-03
1.715000000000000000e+03 1.889554419415027118e-03
1.717500000000000000e+03 1.890792777326438540e-03
1.720000000000000000e+03 1.907599697236175102e-03
1.722500000000000000e+03 1.991948479249097334e-03
1.725000000000000000e+03 2.217771803101835359e-03
1.727500000000000000e+03 2.578381968927095924e-03
1.730000000000000000e+03 2.930793682820254011e-03
1.732500000000000000e+03 3.123855987929861650e-03
1.735000000000000000e+03 3.130058823865213263e-03
1.737500000000000000e+03 3.097187615787355512e-03
1.740000000000000000e+03 3.209110029967503133e-03
1.742500000000000000e+03 3.517895306875274374e-03
1.745000000000000000e+03 3.894254101486107050e-03
1.747500000000000000e+03 4.170857675119993800e-03
1.750000000000000000e+03 4.268315698994523677e-03
1.752500000000000000e+03 4.246875560009268774e-03
1.755000000000000000e+03 4.205618424616367618e-03
1.757500000000000000e+03 4.186205584494956042e-03
1.760000000000000000e+03 4.175083121176153753e-03
1.762500000000000000e+03 4.183602875398708190e-03
1.765000000000000000e+03 4.290754920925911840e-03
1.767500000000000000e+03 4.576191055518937824e-03
1.770000000000000000e+03 4.995394531596174421e-03
1.772500000000000000e+03 5.386664027656796333e-03
1.775000000000000000e+03 5.575281840676431754e-03
1.777500000000000000e+03 5.556230915966493301e-03
1.780000000000000000e+03 5.499098135608338801e-03
1.782500000000000000e+03 5.603520383344022179e-03
1.785000000000000000e+03 5.920815741441900343e-03
1.787500000000000000e+03 6.332261982789095384e-03
1.790000000000000000e+03 6.654070158710124680e-03
1.792500000000000000e+03 6.809398615433773748e-03
1.795000000000000000e+03 6.837039059620543362e-03
1.797500000000000000e+03 6.819027725140467712e-03
1.800000000000000000e+03 6.788630531496895465e-03
1.802500000000000000e+03 6.742575593977903105e-03
1.805000000000000000e+03 6.720985680109146584e-03
1.807500000000000000e+03 6.826324064938593499e-03
1.810000000000000000e+03 7.129160537367285055e-03
1.812500000000000000e+03 7.568628861575620731e-03
1.815000000000000000e+03 7.942011545376015738e-03
1.817500000000000000e+03 8.084776885470552898e-03
1.820000000000000000e+03 8.003814247667672549e-03
1.822500000000000000e+03 7.890457383932991328e-03
1.825000000000000000e+03 7.955352929246388774e-03
1.827500000000000000e+03 8.254241624699667698e-03
1.830000000000000000e+03 8.655571771809339454e-03
1.832500000000000000e+03 8.987623669913544916e-03
1.835000000000000000e+03 9.156396686871865614e-03
1.837500000000000000e+03 9.195979599915436731e-03
1.840000000000000000e+03 9.170424978740404631e-03
1.842500000000000000e+03 9.103598304607003755e-03
1.845000000000000000e+03 9.003123134218308371e-03
1.847500000000000000e+03 8.929942454721477227e-03
1.850000000000000000e+03 9.003442634636255396e-03
1.852500000000000000e+03 9.291358591258404645e-03
1.855000000000000000e+03 9.697218030661886728e-03
1.857500000000000000e+03 1.001417694162771641e-02
1.860000000000000000e+03 1.007015201196027193e-02
1.862500000000000000e+03 9.896574516012938971e-03
1.865000000000000000e+03 9.704824950384410842e-03
1.867500000000000000e+03 9.706614047207134596e-03
1.870000000000000000e+03 9.951808064210060367e-03
1.872500000000000000e+03 1.031510087051380406e-02
1.875000000000000000e+03 1.061226233189545981e-02
1.877500000000000000e+03 1.076058841721782948e-02
1.880000000000000000e+03 1.078045465803168131e-02
1.882500000000000000e+03 1.072405309384776018e-02
1.885000000000000000e+03 1.060661463160341746e-02
1.887500000000000000e+03 1.043767606493335720e-02
1.890000000000000000e+03 1.030006227085631179e-02
1.892500000000000000e+03 1.032128214124360469e-02
1.895000000000000000e+03 1.055745827354635964e-02
1.897500000000000000e+03 1.090120474355436159e-02
1.900000000000000000e+03 1.112318022993376114e-02
1.902500000000000000e+03 1.107003520892787737e-02
1.905000000000000000e+03 1.079259998134554470e-02
1.907500000000000000e+03 1.050819217932732856e-02
1.910000000000000000e+03 1.043346606272530473e-02
1.912500000000000000e+03 1.060962899430284781e-02
1.915000000000000000e+03 1.090157422695397886e-02
1.917500000000000000e+03 1.114067723231107129e-02
1.920000000000000000e+03 1.124055198733739207e-02
1.922500000000000000e+03 1.122422661208021151e-02
1.925000000000000000e+03 1.113019473144564661e-02
1.927500000000000000e+03 1.095849423254641707e-02
1.930000000000000000e+03 1.072534661273791441e-02
1.932500000000000000e+03 1.051829380643028514e-02
1.935000000000000000e+03 1.047623051859791418e-02
1.937500000000000000e+03 1.064689569943111543e-02
1.940000000000000000e+03 1.090226828098224410e-02
1.942500000000000000e+03 1.101975587987666198e-02
1.945000000000000000e+03 1.085516569193416443e-02
1.947500000000000000e+03 1.047348564712477156e-02
1.950000000000000000e+03 1.010824946756248323e-02
1.952500000000000000e+03 9.957464839400806747e-03
1.955000000000000000e+03 1.005518320203134010e-02
1.957500000000000000e+03 1.026843765818472726e-02
1.960000000000000000e+03 1.043104194769948340e-02
1.962500000000000000e+03 1.047629363303011034e-02
1.965000000000000000e+03 1.042503233790723419e-02
1.967500000000000000e+03 1.030109245386505445e-02
1.970000000000000000e+03 1.009339514135167842e-02
1.972500000000000000e+03 9.807137209177418935e-03
1.975000000000000000e+03 9.545515413065672888e-03
1.977500000000000000e+03 9.442889549811732050e-03
1.980000000000000000e+03 9.542878011289630119e-03
1.982500000000000000e+03 9.714017359972812113e-03
1.985000000000000000e+03 9.732510640602140550e-03
1.987500000000000000e+03 9.471251520593587311e-03
1.990000000000000000e+03 9.016776487529454959e-03
1.992500000000000000e+03 8.587726774126039700e-03
1.995000000000000000e+03 8.381041986440747327e-03
1.997500000000000000e+03 8.410285156688932645e-03
2.000000000000000000e+03 8.542834101438807892e-03
