0.000000000000000000e+00 0.000000000000000000e+00 1.000000000000000000e+00
2.500000000000000000e+00 1.373928893900264459e-01 8.626071106099745256e-01
5.000000000000000000e+00 4.697290040577969394e-01 5.302709959422063912e-01
7.500000000000000000e+00 8.203251469218704184e-01 1.796748530781280828e-01
1.000000000000000000e+01 9.951624171835371513e-01 4.837582816461990023e-03
1.250000000000000000e+01 9.052682976166643858e-01 9.473170238333435134e-02
1.500000000000000000e+01 6.038195290570910201e-01 3.961804709429091464e-01
1.750000000000000000e+01 2.501681070012850006e-01 7.498318929987086712e-01
2.000000000000000000e+01 3.788722052039521226e-02 9.621127794796082711e-01
2.250000000000000000e+01 7.573625481422506522e-02 9.242637451857829145e-01
2.500000000000000000e+01 3.422651114123502758e-01 6.577348885876705964e-01
2.750000000000000000e+01 6.993798865662955722e-01 3.006201134337189163e-01
3.000000000000000000e+01 9.513501072193661923e-01 4.864989278065831591e-02
3.250000000000000000e+01 9.654453652919268158e-01 3.455463470808917137e-02
3.500000000000000000e+01 7.317694747827976354e-01 2.682305252172186294e-01
3.750000000000000000e+01 3.716100026941667744e-01 6.283899973058476585e-01
4.000000000000000000e+01 8.482939456388212396e-02 9.151706054361307130e-01
4.250000000000000000e+01 2.340943453127375048e-02 9.765905654687448978e-01
4.500000000000000000e+01 2.208668120764009368e-01 7.791331879236205182e-01
4.750000000000000000e+01 5.706797196251680582e-01 4.293202803748483731e-01
5.000000000000000000e+01 8.767868432162351233e-01 1.232131567837853187e-01
5.250000000000000000e+01 9.791859561292834968e-01 2.081404387072988832e-02
5.500000000000000000e+01 8.255218306744163126e-01 1.744781693255975097e-01
5.750000000000000000e+01 5.011884358245728421e-01 4.988115641754476970e-01
6.000000000000000000e+01 1.869249972496910273e-01 8.130750027503290678e-01
6.250000000000000000e+01 4.514991222638824186e-02 9.548500877736321168e-01
6.500000000000000000e+01 1.505978777870623508e-01 8.494021222129617410e-01
6.750000000000000000e+01 4.463765758304222286e-01 5.536234241696045277e-01
7.000000000000000000e+01 7.701419047954271013e-01 2.298580952046013481e-01
7.250000000000000000e+01 9.537788507687765538e-01 4.622114923124975849e-02
7.500000000000000000e+01 8.962012318308966163e-01 1.037987681691350667e-01
7.750000000000000000e+01 6.269305807020598698e-01 3.730694192979712165e-01
8.000000000000000000e+01 2.946811120188805866e-01 7.053188879811513878e-01
8.250000000000000000e+01 7.481312600324696582e-02 9.251868739967870070e-01
8.500000000000000000e+01 8.928876911889976897e-02 9.107112308811367019e-01
8.750000000000000000e+01 3.283390127032869144e-01 6.716609872967529427e-01
9.000000000000000000e+01 6.556642995826396092e-01 3.443357004173972502e-01
9.250000000000000000e+01 8.966758797384766222e-01 1.033241202615577115e-01
9.500000000000000000e+01 9.198637957423703160e-01 8.013620425766616873e-02
9.750000000000000000e+01 7.188280752598807943e-01 2.811719247401579524e-01
1.000000000000000000e+02 4.102990366013173906e-01 5.897009633987229105e-01
1.025000000000000000e+02 1.576029206936657989e-01 8.423970793063723095e-01
1.050000000000000000e+02 9.711943773972689375e-02 9.028805622603032210e-01
1.075000000000000000e+02 2.558398340507561097e-01 7.441601659492833587e-01
1.100000000000000000e+02 5.436708506348806313e-01 4.563291493651570052e-01
1.125000000000000000e+02 8.104270410000316005e-01 1.895729590000029274e-01
1.150000000000000000e+02 9.108193453880698565e-01 8.918065461196887644e-02
1.175000000000000000e+02 7.936421769526311731e-01 2.063578230474041875e-01
1.200000000000000000e+02 5.242857117399450928e-01 4.757142882600909894e-01
1.225000000000000000e+02 2.448920514296989148e-01 7.551079485703392491e-01
1.250000000000000000e+02 1.107884818573831587e-01 8.892115181426571979e-01
1.275000000000000000e+02 1.916008367677684010e-01 8.083991632322735654e-01
1.300000000000000000e+02 4.389580516355873208e-01 5.610419483644576433e-01
1.325000000000000000e+02 7.178907680373541877e-01 2.821092319626897216e-01
1.350000000000000000e+02 8.717005649756528474e-01 1.282994350243913950e-01
1.375000000000000000e+02 8.226129556818935207e-01 1.773870443181486678e-01
1.400000000000000000e+02 6.047215434653524513e-01 3.952784565346887380e-01
1.425000000000000000e+02 3.385752612402156969e-01 6.614247387598268801e-01
1.450000000000000000e+02 1.722526215284286566e-01 8.277473784716167238e-01
1.475000000000000000e+02 1.886924493384872226e-01 8.113075506615576860e-01
1.500000000000000000e+02 3.731529511997772608e-01 6.268470488002679808e-01
1.525000000000000000e+02 6.258936086241017049e-01 3.741063913759476445e-01
1.550000000000000000e+02 8.080848316621229710e-01 1.919151683379191065e-01
1.575000000000000000e+02 8.269031219215543516e-01 1.730968780784924999e-01
1.600000000000000000e+02 6.744232691785188027e-01 3.255767308215262168e-01
1.625000000000000000e+02 4.323740080829299726e-01 5.676259919171162682e-01
1.650000000000000000e+02 2.359052969387036292e-01 7.640947030613463031e-01
1.675000000000000000e+02 1.886823653026268865e-01 8.113176346974195763e-01
1.700000000000000000e+02 3.149170042293900629e-01 6.850829957706616735e-01
1.725000000000000000e+02 5.433331396236590338e-01 4.566668603763908152e-01
1.750000000000000000e+02 7.420444702553163907e-01 2.579555297447326256e-01
1.775000000000000000e+02 8.047733237715555266e-01 1.952266762284897705e-01
1.800000000000000000e+02 7.009249333437707064e-01 2.990750666562776994e-01
1.825000000000000000e+02 4.930000286572376322e-01 5.069999713428148258e-01
1.850000000000000000e+02 3.021478821119487623e-01 6.978521178880997544e-01
1.875000000000000000e+02 2.287480237544471384e-01 7.712519762455998240e-01
1.900000000000000000e+02 3.080542808673808475e-01 6.919457191326641166e-01
1.925000000000000000e+02 4.919786228497033398e-01 5.080213771503435671e-01
1.950000000000000000e+02 6.757524749791377072e-01 3.242475250209112536e-01
1.975000000000000000e+02 7.641232010497085447e-01 2.358767989503364471e-01
2.000000000000000000e+02 7.116635132235569206e-01 2.883364867764894313e-01
2.025000000000000000e+02 5.492694481579232235e-01 4.507305518421202972e-01
2.050000000000000000e+02 3.691332732056557542e-01 6.308667267943908197e-01
2.075000000000000000e+02 2.674231499785314492e-01 7.325768500215152912e-01
2.100000000000000000e+02 3.004555783773747435e-01 6.995444216226758272e-01
2.125000000000000000e+02 4.479769430673299357e-01 5.520230569327184700e-01
2.150000000000000000e+02 6.225949032228734747e-01 3.774050967771782616e-01
2.175000000000000000e+02 7.268458823985128880e-01 2.731541176015394035e-01
2.200000000000000000e+02 7.018486221013512383e-01 2.981513778986992769e-01
2.225000000000000000e+02 5.658780393503924921e-01 4.341219606496564687e-01
2.250000000000000000e+02 4.025365466815081228e-01 5.974634533185428920e-01
2.275000000000000000e+02 3.034937865781856536e-01 6.965062134218676926e-01
2.300000000000000000e+02 3.227638069187881431e-01 6.772361930812649256e-01
2.325000000000000000e+02 4.439194071930596119e-01 5.560805928069941784e-01
2.350000000000000000e+02 5.931965700777422912e-01 4.068034299223094452e-01
2.375000000000000000e+02 6.892794484340785122e-01 3.107205515659754447e-01
2.400000000000000000e+02 6.807343377771549742e-01 3.192656622228972618e-01
2.425000000000000000e+02 5.761194196635486264e-01 4.238805803365021108e-01
2.450000000000000000e+02 4.371382309833548585e-01 5.628617690166941578e-01
2.475000000000000000e+02 3.395541594113733463e-01 6.604458405886768357e-01
2.500000000000000000e+02 3.389238225667119409e-01 6.610761774333392404e-01
2.525000000000000000e+02 4.352083884373378342e-01 5.647916115627170663e-01
2.550000000000000000e+02 5.715993239843284446e-01 4.284006760157225147e-01
2.575000000000000000e+02 6.701524178641988794e-01 3.298475821358514692e-01
2.600000000000000000e+02 6.708547089655867435e-01 3.291452910344636051e-01
2.625000000000000000e+02 5.728498972789688448e-01 4.271501027210797830e-01
2.650000000000000000e+02 4.361432446014755770e-01 5.638567553985743830e-01
2.675000000000000000e+02 3.411065709080107200e-01 6.588934290920386294e-01
2.700000000000000000e+02 3.454362129881575205e-01 6.545637870118943269e-01
2.725000000000000000e+02 4.450690102345165045e-01 5.549309897655372303e-01
2.750000000000000000e+02 5.780118851969617833e-01 4.219881148030882323e-01
2.775000000000000000e+02 6.676201695639727429e-01 3.323798304360790490e-01
2.800000000000000000e+02 6.619217932234122692e-01 3.380782067766414101e-01
2.825000000000000000e+02 5.662074930616951551e-01 4.337925069383574694e-01
2.850000000000000000e+02 4.378156756740962385e-01 5.621843243259536660e-01
2.875000000000000000e+02 3.482221351468035575e-01 6.517778648532468466e-01
2.900000000000000000e+02 3.497388988095168072e-01 6.502611011905393701e-01
2.925000000000000000e+02 4.430360400863878056e-01 5.569639599136664287e-01
2.950000000000000000e+02 5.758448118627099710e-01 4.241551881373435973e-01
2.975000000000000000e+02 6.745036597674523016e-01 3.254963402326020994e-01
3.000000000000000000e+02 6.781832766045373662e-01 3.218167233955171458e-01
3.025000000000000000e+02 5.798344871125117317e-01 4.201655128875411149e-01
3.050000000000000000e+02 4.340452324757322899e-01 5.659547675243247200e-01
3.075000000000000000e+02 3.236099557593034026e-01 6.763900442407516644e-01
3.100000000000000000e+02 3.177265419268078261e-01 6.822734580732461307e-01
3.125000000000000000e+02 4.236990046645884300e-01 5.763009953354661929e-01
3.150000000000000000e+02 5.801940956578774955e-01 4.198059043421780712e-01
3.175000000000000000e+02 6.977386569848975650e-01 3.022613430151580016e-01
3.200000000000000000e+02 7.049916895465171418e-01 2.950083104535378142e-01
3.225000000000000000e+02 5.964572242859020879e-01 4.035427757141537564e-01
3.250000000000000000e+02 4.349704091045462628e-01 5.650295908955114133e-01
3.275000000000000000e+02 3.098645197479978908e-01 6.901354802520605070e-01
3.300000000000000000e+02 2.940892279090118189e-01 7.059107720910440253e-01
3.325000000000000000e+02 3.984220774156569389e-01 6.015779225843985722e-01
3.350000000000000000e+02 5.664136766722401850e-01 4.335863233278127726e-01
3.375000000000000000e+02 7.090925939314274284e-01 2.909074060686280272e-01
3.400000000000000000e+02 7.437594441926558275e-01 2.562405558073962974e-01
3.425000000000000000e+02 6.462367380205443768e-01 3.537632619795123001e-01
3.450000000000000000e+02 4.660054039792161373e-01 5.339945960208387632e-01
3.475000000000000000e+02 2.984178267632275339e-01 7.015821732368278107e-01
3.500000000000000000e+02 2.422955120826492115e-01 7.577044879174061887e-01
3.525000000000000000e+02 3.345587149696978568e-01 6.654412850303568217e-01
3.550000000000000000e+02 5.272102887690794937e-01 4.727897112309724648e-01
3.575000000000000000e+02 7.155417449985834732e-01 2.844582550014729261e-01
3.600000000000000000e+02 7.882668622749636755e-01 2.117331377250962765e-01
3.625000000000000000e+02 7.016157685434234459e-01 2.983842314566382825e-01
3.650000000000000000e+02 5.027609934972947503e-01 4.972390065027592621e-01
3.675000000000000000e+02 2.993600264498484376e-01 7.006399735502046866e-01
3.700000000000000000e+02 2.080949203956208304e-01 7.919050796044276863e-01
3.725000000000000000e+02 2.800406808876387821e-01 7.199593191124156188e-01
3.750000000000000000e+02 4.773501910815267646e-01 5.226498089185224183e-01
3.775000000000000000e+02 6.975408473370749984e-01 3.024591526629752947e-01
3.800000000000000000e+02 8.182965726429820563e-01 1.817034273570677094e-01
3.825000000000000000e+02 7.728563919776973989e-01 2.271436080223558918e-01
3.850000000000000000e+02 5.811038211199500703e-01 4.188961788801014996e-01
3.875000000000000000e+02 3.398584959617607648e-01 6.601415040382954125e-01
3.900000000000000000e+02 1.835153339428399755e-01 8.164846660572142589e-01
3.925000000000000000e+02 1.999565449595083200e-01 8.000434550405473022e-01
3.950000000000000000e+02 3.863827610209883412e-01 6.136172389790679471e-01
3.975000000000000000e+02 6.467907480674813803e-01 3.532092519325762403e-01
4.000000000000000000e+02 8.331482703706469817e-01 1.668517296294134700e-01
4.025000000000000000e+02 8.408990805645887301e-01 1.591009194354658651e-01
4.050000000000000000e+02 6.613868564623801571e-01 3.386131435376796284e-01
4.075000000000000000e+02 3.890882687717677202e-01 6.109117312282872359e-01
4.100000000000000000e+02 1.779476541654405608e-01 8.220523458346130630e-01
4.125000000000000000e+02 1.423734302035962185e-01 8.576265697964536860e-01
4.150000000000000000e+02 3.041745379168690477e-01 6.958254620831864079e-01
4.175000000000000000e+02 5.797245698049123819e-01 4.202754301951461824e-01
4.200000000000000000e+02 8.177426447680495869e-01 1.822573552320062018e-01
4.225000000000000000e+02 8.932406937448801321e-01 1.067593062551681210e-01
4.250000000000000000e+02 7.619601907821098585e-01 2.380398092179444036e-01
4.275000000000000000e+02 4.883598692306717060e-01 5.116401307693849709e-01
4.300000000000000000e+02 2.204929957552199948e-01 7.795070042448368763e-01
4.325000000000000000e+02 9.997888793504296212e-02 9.000211120650132290e-01
4.350000000000000000e+02 1.984288062878782344e-01 8.015711937121768882e-01
4.375000000000000000e+02 4.692458716873352254e-01 5.307541283127208409e-01
4.400000000000000000e+02 7.634492560764751801e-01 2.365507439235760845e-01
4.425000000000000000e+02 9.223360867619099235e-01 7.766391323814900161e-02
4.450000000000000000e+02 8.523193357248590729e-01 1.476806642751977150e-01
4.475000000000000000e+02 5.871248920731394483e-01 4.128751079269161184e-01
4.500000000000000000e+02 2.745261488772013370e-01 7.254738511228542297e-01
4.525000000000000000e+02 8.187553515179574193e-02 9.181244648482562720e-01
4.550000000000000000e+02 1.181463554423912848e-01 8.818536445576639071e-01
4.575000000000000000e+02 3.652313387489167784e-01 6.347686612511413973e-01
4.600000000000000000e+02 6.871827448243861269e-01 3.128172551756681630e-01
4.625000000000000000e+02 9.163032550545741062e-01 8.369674494548880184e-02
4.650000000000000000e+02 9.267023496076396416e-01 7.329765039241342706e-02
4.675000000000000000e+02 7.114356179253662482e-01 2.885643820746924271e-01
4.700000000000000000e+02 3.860070204709907804e-01 6.139929795290686165e-01
4.725000000000000000e+02 1.183886038094282556e-01 8.816113961906257845e-01
4.750000000000000000e+02 5.723141608044118867e-02 9.427685839196194850e-01
4.775000000000000000e+02 2.386414399831801869e-01 7.613585600168779610e-01
4.800000000000000000e+02 5.660113095478955803e-01 4.339886904521709776e-01
4.825000000000000000e+02 8.673817888017490985e-01 1.326182111983221779e-01
4.850000000000000000e+02 9.721311661211173849e-01 2.786883387894683456e-02
4.875000000000000000e+02 8.207287527005724392e-01 1.792712472994932305e-01
4.900000000000000000e+02 4.953710120460645960e-01 5.046289879539991308e-01
4.925000000000000000e+02 1.687271797078579993e-01 8.312728202922068377e-01
4.950000000000000000e+02 2.408781043195709279e-02 9.759121895681017733e-01
4.975000000000000000e+02 1.384573905464724364e-01 8.615426094535856283e-01
5.000000000000000000e+02 4.481962528255086786e-01 5.518037471745492750e-01
5.025000000000000000e+02 7.908873711133820317e-01 2.091126288866772265e-01
5.050000000000000000e+02 9.788248380336338483e-01 2.117516196642387633e-02
5.075000000000000000e+02 9.152487107619171613e-01 8.475128923814008453e-02
5.100000000000000000e+02 6.349995294205562635e-01 3.650004705795032445e-01
5.125000000000000000e+02 2.824369557014325682e-01 7.175630442986331570e-01
5.150000000000000000e+02 4.983850501612520356e-02 9.501614949839343183e-01
5.175000000000000000e+02 5.941056625180712175e-02 9.405894337482556544e-01
5.200000000000000000e+02 3.086393957858236670e-01 6.913606042142302899e-01
5.225000000000000000e+02 6.691707876017862766e-01 3.308292123982701227e-01
5.250000000000000000e+02 9.409900277147204006e-01 5.900997228534562988e-02
5.275000000000000000e+02 9.779724026407644599e-01 2.202759735929380597e-02
5.300000000000000000e+02 7.566640432619421430e-01 2.433359567381157273e-01
5.325000000000000000e+02 3.931581790039368474e-01 6.068418209961246035e-01
5.350000000000000000e+02 9.071936414405835925e-02 9.092806358560021618e-01
5.375000000000000000e+02 9.927934525392633283e-03 9.900720654746661964e-01
5.400000000000000000e+02 1.949122976490254566e-01 8.050877023510359942e-01
5.425000000000000000e+02 5.468515089523016126e-01 4.531484910477585060e-01
5.450000000000000000e+02 8.710555455548039117e-01 1.289444544452656161e-01
5.475000000000000000e+02 9.998785181141933709e-01 1.214818858693941550e-04
5.500000000000000000e+02 8.652013833800742404e-01 1.347986166199886537e-01
5.525000000000000000e+02 5.385489895818484918e-01 4.614510104182196204e-01
5.550000000000000000e+02 1.984169060144203856e-01 8.015830939856455339e-01
5.575000000000000000e+02 2.056736202617421086e-02 9.794326379738931276e-01
5.600000000000000000e+02 1.026600329824524788e-01 8.973399670176147591e-01
5.625000000000000000e+02 4.031922912685466653e-01 5.968077087315218909e-01
5.650000000000000000e+02 7.573869288920627163e-01 2.426130711080039526e-01
5.675000000000000000e+02 9.784133337484720583e-01 2.158666625159693167e-02
5.700000000000000000e+02 9.415860701146215872e-01 5.841392988544325676e-02
5.725000000000000000e+02 6.648075950404986889e-01 3.351924049595707555e-01
5.750000000000000000e+02 3.023043292148420713e-01 6.976956707852249862e-01
5.775000000000000000e+02 4.675771702852705991e-02 9.532422829715450074e-01
5.800000000000000000e+02 4.006274718661902157e-02 9.599372528134400007e-01
5.825000000000000000e+02 2.834694638527520683e-01 7.165305361473076617e-01
5.850000000000000000e+02 6.395658151283061255e-01 3.604341848717509400e-01
5.875000000000000000e+02 9.213261667902048480e-01 7.867383320985305017e-02
5.900000000000000000e+02 9.764299046294008244e-01 2.357009537065419408e-02
5.925000000000000000e+02 7.803880201489485913e-01 2.196119798511055876e-01
5.950000000000000000e+02 4.433864993351759876e-01 5.566135006648768035e-01
5.975000000000000000e+02 1.405355191962772698e-01 8.594644808037764649e-01
6.000000000000000000e+02 3.618645271685649173e-02 9.638135472831927952e-01
6.025000000000000000e+02 1.835259754161990553e-01 8.164740245838548738e-01
6.050000000000000000e+02 5.015445986299705838e-01 4.984554013700837061e-01
6.075000000000000000e+02 8.239248678326265285e-01 1.760751321674301484e-01
6.100000000000000000e+02 9.716653333790263858e-01 2.833466662102628042e-02
6.125000000000000000e+02 8.658676847522444042e-01 1.341323152478086089e-01
6.150000000000000000e+02 5.651870519465189702e-01 4.348129480535326552e-01
6.175000000000000000e+02 2.296866850360486656e-01 7.703133149640065680e-01
6.200000000000000000e+02 4.696053861231996168e-02 9.530394613877287702e-01
6.225000000000000000e+02 1.121043632215098368e-01 8.878956367785383330e-01
6.250000000000000000e+02 3.852133433797335083e-01 6.147866566203137317e-01
6.275000000000000000e+02 7.191732064350071507e-01 2.808267935650415881e-01
6.300000000000000000e+02 9.295311863817317111e-01 7.046881361831361379e-02
6.325000000000000000e+02 9.104835300945575138e-01 8.951646990549445848e-02
6.350000000000000000e+02 6.781360175771401488e-01 3.218639824229088120e-01
6.375000000000000000e+02 3.569942160625643734e-01 6.430057839374815343e-01
6.400000000000000000e+02 1.228841086985331815e-01 8.771158913015092429e-01
6.425000000000000000e+02 9.501086865171898266e-02 9.049891313483202637e-01
6.450000000000000000e+02 2.863108877317471768e-01 7.136891122682769151e-01
6.475000000000000000e+02 5.958934818840240233e-01 4.041065181160048980e-01
6.500000000000000000e+02 8.527603780991447335e-01 1.472396219008824114e-01
6.525000000000000000e+02 9.217575239593356340e-01 7.824247604069051176e-02
6.550000000000000000e+02 7.646722826447397425e-01 2.353277173552886237e-01
6.575000000000000000e+02 4.655658055343989687e-01 5.344341944656276766e-01
6.600000000000000000e+02 1.926890524848543229e-01 8.073109475151765135e-01
6.625000000000000000e+02 9.081175783963893466e-02 9.091882421603942888e-01
6.650000000000000000e+02 2.139356999769159995e-01 7.860643000231127830e-01
6.675000000000000000e+02 4.920059946296334585e-01 5.079940053703985159e-01
6.700000000000000000e+02 7.670247359877873095e-01 2.329752640122398077e-01
6.725000000000000000e+02 8.953852275155642637e-01 1.046147724844683213e-01
6.750000000000000000e+02 8.118159928734269837e-01 1.881840071265993286e-01
6.775000000000000000e+02 5.668254101097034425e-01 4.331745898903306968e-01
6.800000000000000000e+02 2.987549716711109804e-01 7.012450283289241026e-01
6.825000000000000000e+02 1.463074291162415885e-01 8.536925708837928006e-01
6.850000000000000000e+02 1.894651262612869203e-01 8.105348737387522151e-01
6.875000000000000000e+02 4.022563315273509077e-01 5.977436684726886718e-01
6.900000000000000000e+02 6.659255805623192082e-01 3.340744194377185949e-01
6.925000000000000000e+02 8.421288410366556398e-01 1.578711589633840784e-01
6.950000000000000000e+02 8.337953062080578626e-01 1.662046937919792189e-01
6.975000000000000000e+02 6.464990167615480843e-01 3.535009832384908846e-01
7.000000000000000000e+02 3.865468631107119579e-01 6.134531368893276770e-01
7.025000000000000000e+02 1.936321046753043673e-01 8.063678953247347403e-01
7.050000000000000000e+02 1.751097684261491705e-01 8.248902315738940727e-01
7.075000000000000000e+02 3.368528106325937022e-01 6.631471893674496521e-01
7.100000000000000000e+02 5.828958545328570828e-01 4.171041454671871040e-01
7.125000000000000000e+02 7.795865332244638068e-01 2.204134667755796861e-01
7.150000000000000000e+02 8.196732228366785389e-01 1.803267771633603189e-01
7.175000000000000000e+02 6.889492243730845900e-01 3.110507756269615953e-01
7.200000000000000000e+02 4.669255920194019249e-01 5.330744079806403191e-01
7.225000000000000000e+02 2.730761431215285584e-01 7.269238568785136856e-01
7.250000000000000000e+02 2.120870078706912354e-01 7.879129921293503980e-01
7.275000000000000000e+02 3.109321730457229593e-01 6.890678269543180079e-01
7.300000000000000000e+02 5.110954682300041796e-01 4.889045317700388416e-01
7.325000000000000000e+02 7.060776266582221572e-01 2.939223733418257489e-01
7.350000000000000000e+02 7.883240488078528951e-01 2.116759511921934289e-01
7.375000000000000000e+02 7.157975910400768971e-01 2.842024089599678449e-01
7.400000000000000000e+02 5.308799694726000773e-01 4.691200305274472737e-01
7.425000000000000000e+02 3.342740268164541284e-01 6.657259731835902805e-01
7.450000000000000000e+02 2.378800542704305743e-01 7.621199457296148339e-01
7.475000000000000000e+02 2.920475791457562420e-01 7.079524208542889996e-01
7.500000000000000000e+02 4.617251533048801759e-01 5.382748466951660093e-01
7.525000000000000000e+02 6.504122304408596067e-01 3.495877695591853573e-01
7.550000000000000000e+02 7.494906046107913111e-01 2.505093953892539860e-01
7.575000000000000000e+02 7.093260418735176653e-01 2.906739581265217476e-01
7.600000000000000000e+02 5.597291068501927258e-01 4.402708931498498512e-01
7.625000000000000000e+02 3.868369354073800115e-01 6.131630645926628986e-01
7.650000000000000000e+02 2.887719485254311991e-01 7.112280514746149862e-01
7.675000000000000000e+02 3.138223879744249101e-01 6.861776120256213307e-01
7.700000000000000000e+02 4.425960670576221667e-01 5.574039329424250733e-01
7.725000000000000000e+02 6.032944899145797901e-01 3.967055100854690597e-01
7.750000000000000000e+02 7.056946036108555642e-01 2.943053963891903990e-01
7.775000000000000000e+02 6.967024588095734883e-01 3.032975411904733631e-01
7.800000000000000000e+02 5.831491489955245022e-01 4.168508510045236815e-01
7.825000000000000000e+02 4.277945107031124738e-01 5.722054892969359319e-01
7.850000000000000000e+02 3.206001784212204608e-01 6.793998215788288331e-01
7.875000000000000000e+02 3.208103530777394186e-01 6.791896469223093202e-01
7.900000000000000000e+02 4.271379061698981072e-01 5.728620938301479670e-01
7.925000000000000000e+02 5.775923139674823403e-01 4.224076860325658989e-01
7.950000000000000000e+02 6.812616028139988344e-01 3.187383971860516252e-01
7.975000000000000000e+02 6.798240236404453629e-01 3.201759763596020436e-01
8.000000000000000000e+02 5.772503299198583626e-01 4.227496700801902096e-01
8.025000000000000000e+02 4.356259507333824499e-01 5.643740492666646791e-01
8.050000000000000000e+02 3.406216913700225724e-01 6.593783086300213370e-01
8.075000000000000000e+02 3.439844676846342542e-01 6.560155323154100993e-01
8.100000000000000000e+02 4.400057548033193822e-01 5.599942451967228063e-01
8.125000000000000000e+02 5.723361823698484008e-01 4.276638176301971184e-01
8.150000000000000000e+02 6.637407089426973217e-01 3.362592910573455884e-01
8.175000000000000000e+02 6.651991923690342423e-01 3.348008076310116099e-01
8.200000000000000000e+02 5.770546442695609901e-01 4.229453557304846401e-01
8.225000000000000000e+02 4.480355093471053984e-01 5.519644906529420636e-01
8.250000000000000000e+02 3.530686500448567133e-01 6.469313499551891944e-01
8.275000000000000000e+02 3.462477203759097844e-01 6.537522796241385103e-01
8.300000000000000000e+02 4.338703709579211365e-01 5.661296290421313770e-01
8.325000000000000000e+02 5.679700145441168857e-01 4.320299854559316310e-01
8.350000000000000000e+02 6.676992895441358211e-01 3.323007104559164149e-01
8.375000000000000000e+02 6.729255180440445461e-01 3.270744819560079675e-01
8.400000000000000000e+02 5.775432605515551376e-01 4.224567394484973759e-01
8.425000000000000000e+02 4.355405270340478308e-01 5.644594729660001864e-01
8.450000000000000000e+02 3.337149375091447157e-01 6.662850624909025798e-01
8.475000000000000000e+02 3.323847340724221944e-01 6.676152659276234358e-01
8.500000000000000000e+02 4.332314757116714765e-01 5.667685242883714336e-01
8.525000000000000000e+02 5.788026405613223568e-01 4.211973594387201092e-01
8.550000000000000000e+02 6.827394141374918402e-01 3.172605858625510700e-01
8.575000000000000000e+02 6.868328245276510424e-01 3.131671754723909240e-01
8.600000000000000000e+02 5.883792840338636365e-01 4.116207159661774417e-01
8.625000000000000000e+02 4.406956549686386615e-01 5.593043450314071352e-01
8.650000000000000000e+02 3.281461864369994430e-01 6.718538135630475194e-01
8.675000000000000000e+02 3.135354607432357943e-01 6.864645392568090587e-01
8.700000000000000000e+02 4.089600516742197822e-01 5.910399483258272912e-01
8.725000000000000000e+02 5.664303313844096799e-01 4.335696686156383928e-01
8.750000000000000000e+02 6.964277355076081699e-01 3.035722644924410130e-01
8.775000000000000000e+02 7.237677539215017219e-01 2.762322460785489042e-01
8.800000000000000000e+02 6.260645628092457171e-01 3.739354371908016339e-01
8.825000000000000000e+02 4.520964201680450767e-01 5.479035798320021078e-01
8.850000000000000000e+02 3.023779350835665847e-01 6.976220649164821541e-01
8.875000000000000000e+02 2.635858379732443635e-01 7.364141620268064292e-01
8.900000000000000000e+02 3.629814000616853331e-01 6.370185999383655151e-01
8.925000000000000000e+02 5.483140204452192634e-01 4.516859795548293643e-01
8.950000000000000000e+02 7.122505979369644358e-01 2.877494020630871896e-01
8.975000000000000000e+02 7.631929287577537968e-01 2.368070712422979951e-01
9.000000000000000000e+02 6.701948114036688775e-01 3.298051885963788621e-01
9.025000000000000000e+02 4.823530200689483127e-01 5.176469799311045339e-01
9.050000000000000000e+02 3.054458516986266470e-01 6.945541483014225914e-01
9.075000000000000000e+02 2.349936708021273801e-01 7.650063291979255498e-01
9.100000000000000000e+02 3.133273998519903736e-01 6.866726001480620845e-01
9.125000000000000000e+02 5.030103013903072240e-01 4.969896986097449565e-01
9.150000000000000000e+02 7.008774475684076410e-01 2.991225524316419859e-01
9.175000000000000000e+02 8.004214136379765865e-01 1.995785863620811451e-01
9.200000000000000000e+02 7.400341159815364556e-01 2.599658840185123942e-01
9.225000000000000000e+02 5.447813558630907327e-01 4.552186441369636682e-01
9.250000000000000000e+02 3.208615060499777627e-01 6.791384939500739737e-01
9.275000000000000000e+02 1.903361631991449809e-01 8.096638368009071440e-01
9.300000000000000000e+02 2.326252547109022850e-01 7.673747452891472864e-01
9.325000000000000000e+02 4.301302061853139458e-01 5.698697938147350150e-01
9.350000000000000000e+02 6.725718827560029922e-01 3.274281172440449694e-01
9.375000000000000000e+02 8.276734992645146116e-01 1.723265007355347933e-01
9.400000000000000000e+02 8.050162845585349114e-01 1.949837154415147711e-01
9.425000000000000000e+02 6.148009231039237577e-01 3.851990768961209843e-01
9.450000000000000000e+02 3.631959644976837098e-01 6.368040355023634191e-01
9.475000000000000000e+02 1.842527103807526934e-01 8.157472896192943246e-01
9.500000000000000000e+02 1.790432766356306882e-01 8.209567233644203821e-01
9.525000000000000000e+02 3.530882013621236548e-01 6.469117986379308016e-01
9.550000000000000000e+02 6.133209550625373652e-01 3.866790449375135386e-01
9.575000000000000000e+02 8.246896900257397744e-01 1.753103099743136273e-01
9.600000000000000000e+02 8.679557569444253939e-01 1.320442430556248437e-01
9.625000000000000000e+02 7.144507578107409662e-01 2.855492421893072730e-01
9.650000000000000000e+02 4.433994376080022115e-01 5.566005623920485812e-01
9.675000000000000000e+02 1.959132068747206357e-01 8.040867931253304901e-01
9.700000000000000000e+02 1.130693338992116159e-01 8.869306661008365955e-01
9.725000000000000000e+02 2.445604062022809222e-01 7.554395937977685938e-01
9.750000000000000000e+02 5.207846671939422301e-01 4.792153328061036777e-01
9.775000000000000000e+02 7.947867537336463784e-01 2.052132462663947554e-01
9.800000000000000000e+02 9.104088104277490157e-01 8.959118957230155500e-02
9.825000000000000000e+02 8.034462414509720984e-01 1.965537585490737260e-01
9.850000000000000000e+02 5.326472203147450957e-01 4.673527796852973704e-01
9.875000000000000000e+02 2.417729567578705274e-01 7.582270432421698292e-01
9.900000000000000000e+02 9.328252687253654751e-02 9.067174731275033928e-01
9.925000000000000000e+02 1.664031860055890932e-01 8.335968139944527344e-01
9.950000000000000000e+02 4.226038004179851759e-01 5.773961995820627857e-01
9.975000000000000000e+02 7.301447809160018787e-01 2.698552190840379228e-01
1.000000000000000000e+03 9.206069513268184679e-01 7.939304867322333203e-02
1.002500000000000000e+03 8.922288046207081935e-01 1.077711953793340505e-01
1.005000000000000000e+03 6.558014560983616015e-01 3.441985439016828630e-01
1.007500000000000000e+03 3.306929742386082727e-01 6.693070257614333052e-01
1.010000000000000000e+03 9.589042054171775797e-02 9.041095794583338119e-01
1.012500000000000000e+03 7.835352681478875703e-02 9.216464731852621606e-01
1.015000000000000000e+03 2.924956733108510232e-01 7.075043266891904992e-01
1.017500000000000000e+03 6.275510100211438846e-01 3.724489899789003577e-01
1.020000000000000000e+03 8.957396023604921043e-01 1.042603976395495707e-01
1.022500000000000000e+03 9.522601371626521205e-01 4.773986283739473785e-02
1.025000000000000000e+03 7.638870830480515295e-01 2.361129169519975424e-01
1.027500000000000000e+03 4.304316157882399629e-01 5.695683842118097751e-01
1.030000000000000000e+03 1.382000942075381211e-01 8.617999057925079809e-01
1.032500000000000000e+03 4.154230093274673130e-02 9.584576990673003838e-01
1.035000000000000000e+03 1.939835457656758078e-01 8.060164542343651872e-01
1.037500000000000000e+03 5.164603964472529452e-01 4.835396035527874670e-01
1.040000000000000000e+03 8.330776755657198773e-01 1.669223244343199797e-01
1.042500000000000000e+03 9.796623340889369924e-01 2.033766591110544239e-02
1.045000000000000000e+03 8.743335400942261471e-01 1.256664599058131548e-01
1.047500000000000000e+03 5.685911261570705255e-01 4.314088738429721070e-01
1.050000000000000000e+03 2.276994785896362394e-01 7.723005214104081695e-01
1.052500000000000000e+03 2.995684481538969657e-02 9.700431551846564471e-01
1.055000000000000000e+03 8.746299223000555956e-02 9.125370077700448723e-01
1.057500000000000000e+03 3.732114906348573680e-01 6.267885093651928141e-01
1.060000000000000000e+03 7.294741177833736767e-01 2.705258822166798915e-01
1.062500000000000000e+03 9.664272212063603762e-01 3.357277879369243573e-02
1.065000000000000000e+03 9.501435057506973925e-01 4.985649424935417739e-02
1.067500000000000000e+03 6.888579133132766152e-01 3.111420866867733448e-01
1.070000000000000000e+03 3.291453189627487341e-01 6.708546810373008373e-01
1.072500000000000000e+03 6.180292767953200761e-02 9.381970723205201868e-01
1.075000000000000000e+03 3.452515168587504124e-02 9.654748483141781801e-01
1.077500000000000000e+03 2.603228584999487949e-01 7.396771415001066607e-01
1.080000000000000000e+03 6.143835598645677187e-01 3.856164401354824078e-01
1.082500000000000000e+03 9.131916912363653438e-01 8.680830876368816895e-02
1.085000000000000000e+03 9.942100564235922810e-01 5.789943576458510786e-03
1.087500000000000000e+03 8.152131862789477879e-01 1.847868137211036987e-01
1.090000000000000000e+03 4.726034835952717117e-01 5.273965164047764720e-01
1.092500000000000000e+03 1.431371886164678753e-01 8.568628113835783378e-01
1.095000000000000000e+03 8.187197789375350032e-03 9.918128022106652564e-01
1.097500000000000000e+03 1.402621779043864425e-01 8.597378220956509720e-01
1.100000000000000000e+03 4.678917308360569516e-01 5.321082691639738016e-01
1.102500000000000000e+03 8.182293580802580957e-01 1.817706419197790690e-01
1.105000000000000000e+03 9.949257228057808433e-01 5.074277194252132910e-03
1.107500000000000000e+03 9.036399449035994458e-01 9.636005509644006428e-02
1.110000000000000000e+03 5.962264970256293539e-01 4.037735029744068949e-01
1.112500000000000000e+03 2.371415455268837125e-01 7.628584544731520367e-01
1.115000000000000000e+03 2.650619184100362971e-02 9.734938081590361891e-01
1.117500000000000000e+03 7.340744794954572050e-02 9.265925520504937341e-01
1.120000000000000000e+03 3.491873125490460028e-01 6.508126874509834181e-01
1.122500000000000000e+03 7.083552431241511016e-01 2.916447568758812059e-01
1.125000000000000000e+03 9.548190517637186181e-01 4.518094823630609824e-02
1.127500000000000000e+03 9.628176375780246321e-01 3.718236242200544106e-02
1.130000000000000000e+03 7.294374583448333116e-01 2.705625416551991069e-01
1.132500000000000000e+03 3.756670090323497302e-01 6.243329909676800238e-01
1.135000000000000000e+03 9.453306764632435355e-02 9.054669323537047898e-01
1.137500000000000000e+03 3.240224706997384130e-02 9.675977529300534563e-01
1.140000000000000000e+03 2.240511461488287615e-01 7.759488538511996047e-01
1.142500000000000000e+03 5.689774859165515064e-01 4.310225140834840207e-01
1.145000000000000000e+03 8.748420163008503447e-01 1.251579836991779382e-01
1.147500000000000000e+03 9.789106448401458938e-01 2.108935515988583087e-02
1.150000000000000000e+03 8.235938733451362292e-01 1.764061266548908602e-01
1.152500000000000000e+03 4.934044649276426719e-01 5.065955350723867490e-01
1.155000000000000000e+03 1.745399993632222313e-01 8.254600006368066900e-01
1.157500000000000000e+03 3.523727516189634201e-02 9.647627248381379639e-01
1.160000000000000000e+03 1.495305059504976053e-01 8.504694940495438615e-01
1.162500000000000000e+03 4.533037337478331708e-01 5.466962662522081295e-01
1.165000000000000000e+03 7.773974349701664455e-01 2.226025650298725789e-01
1.167500000000000000e+03 9.546616774653247095e-01 4.533832253471368340e-02
1.170000000000000000e+03 8.916887512783074898e-01 1.083112487217356978e-01
1.172500000000000000e+03 6.242179158127469929e-01 3.757820841872939743e-01
1.175000000000000000e+03 2.994625646684970222e-01 7.005374353315396707e-01
1.177500000000000000e+03 8.549184140619640881e-02 9.145081585938399371e-01
1.180000000000000000e+03 9.882588236317157993e-02 9.011741176368598394e-01
1.182500000000000000e+03 3.316768262087612662e-01 6.683231737912762593e-01
1.185000000000000000e+03 6.542067784271881070e-01 3.457932215728511949e-01
1.187500000000000000e+03 8.950689573577943481e-01 1.049310426422485065e-01
1.190000000000000000e+03 9.197372476368850247e-01 8.026275236316046668e-02
1.192500000000000000e+03 7.167839663554709251e-01 2.832160336445637139e-01
1.195000000000000000e+03 4.026710359036460574e-01 5.973289640963975744e-01
1.197500000000000000e+03 1.461494991916022501e-01 8.538505008084388281e-01
1.200000000000000000e+03 8.884967717148264943e-02 9.111503228285591227e-01
1.202500000000000000e+03 2.562449337796304238e-01 7.437550662204144292e-01
1.205000000000000000e+03 5.505871096044470114e-01 4.494128903955986187e-01
1.207500000000000000e+03 8.159802431054764549e-01 1.840197568945707296e-01
1.210000000000000000e+03 9.093010928581543029e-01 9.069890714189800252e-02
1.212500000000000000e+03 7.872765397291543454e-01 2.127234602708953093e-01
1.215000000000000000e+03 5.209635533986438638e-01 4.790364466014044864e-01
1.217500000000000000e+03 2.500038681866060264e-01 7.499961318134431565e-01
1.220000000000000000e+03 1.217669461457877716e-01 8.782330538542670872e-01
1.222500000000000000e+03 2.010743571356540804e-01 7.989256428643940477e-01
1.225000000000000000e+03 4.422511508795125001e-01 5.577488491205429000e-01
1.227500000000000000e+03 7.167336970737783197e-01 2.832663029262771359e-01
1.230000000000000000e+03 8.707360858295438710e-01 1.292639141705136385e-01
1.232500000000000000e+03 8.230554249963689672e-01 1.769445750036928722e-01
1.235000000000000000e+03 6.029985950608285350e-01 3.970014049392262545e-01
1.237500000000000000e+03 3.313354335430785946e-01 6.686645664569766945e-01
1.240000000000000000e+03 1.618688994820290383e-01 8.381311005180283047e-01
1.242500000000000000e+03 1.820887550913368735e-01 8.179112449087224679e-01
1.245000000000000000e+03 3.748072247905166465e-01 6.251927752095371993e-01
1.247500000000000000e+03 6.327898498786236336e-01 3.672101501214316555e-01
1.250000000000000000e+03 8.121854025608933325e-01 1.878145974391555728e-01
1.252500000000000000e+03 8.233020619891877612e-01 1.766979380108633646e-01
1.255000000000000000e+03 6.665618366380789972e-01 3.334381633619722951e-01
1.257500000000000000e+03 4.285135440909614846e-01 5.714864559090881979e-01
1.260000000000000000e+03 2.407987934599143398e-01 7.592012065401391174e-01
1.262500000000000000e+03 1.992032417462433203e-01 8.007967582538126905e-01
1.265000000000000000e+03 3.236145882989504008e-01 6.763854117011021128e-01
1.267500000000000000e+03 5.460841229198343250e-01 4.539158770802166343e-01
1.270000000000000000e+03 7.412170576209260453e-01 2.587829423791251360e-01
1.272500000000000000e+03 8.048488312370410958e-01 1.951511687630130831e-01
1.275000000000000000e+03 7.024958332547678319e-01 2.975041667452856253e-01
1.277500000000000000e+03 4.920853522543582326e-01 5.079146477456957243e-01
1.280000000000000000e+03 2.956796320128641797e-01 7.043203679871909983e-01
1.282500000000000000e+03 2.194565358420788870e-01 7.805434641579804822e-01
1.285000000000000000e+03 3.027933194583180554e-01 6.972066805417378443e-01
1.287500000000000000e+03 4.946279807996550870e-01 5.053720192004043099e-01
1.290000000000000000e+03 6.824774388734076158e-01 3.175225611266515036e-01
1.292500000000000000e+03 7.669554130607942888e-01 2.330445869392633318e-01
1.295000000000000000e+03 7.066149579747023068e-01 2.933850420253562019e-01
1.297500000000000000e+03 5.404687932018930052e-01 4.595312067981650594e-01
1.300000000000000000e+03 3.648468713491795912e-01 6.351531286508781404e-01
1.302500000000000000e+03 2.718187909439055416e-01 7.281812090561494699e-01
1.305000000000000000e+03 3.097206127960055455e-01 6.902793872040491330e-01
1.307500000000000000e+03 4.550052535614371729e-01 5.449947464386184492e-01
1.310000000000000000e+03 6.242995965464774866e-01 3.757004034535773584e-01
1.312500000000000000e+03 7.262396390208425423e-01 2.737603609792099713e-01
1.315000000000000000e+03 7.032750978667237085e-01 2.967249021333298598e-01
1.317500000000000000e+03 5.691606093544316902e-01 4.308393906456221556e-01
1.320000000000000000e+03 4.030637808678843026e-01 5.969362191321703204e-01
1.322500000000000000e+03 2.981000274310725562e-01 7.018999725689871738e-01
1.325000000000000000e+03 3.145510344822517457e-01 6.854489655178054308e-01
1.327500000000000000e+03 4.397289654482026688e-01 5.602710345518562285e-01
1.330000000000000000e+03 5.963251908435075466e-01 4.036748091565494634e-01
1.332500000000000000e+03 6.956185395543106331e-01 3.043814604457467099e-01
1.335000000000000000e+03 6.825898086387878205e-01 3.174101913612655812e-01
1.337500000000000000e+03 5.701499982803324151e-01 4.298500017197247614e-01
1.340000000000000000e+03 4.280503225071109474e-01 5.719496774929453409e-01
1.342500000000000000e+03 3.352483948900432664e-01 6.647516051100156309e-01
1.345000000000000000e+03 3.425376894658436200e-01 6.574623105342167761e-01
1.347500000000000000e+03 4.425816081356850340e-01 5.574183918643775826e-01
1.350000000000000000e+03 5.762248639662643779e-01 4.237751360337979056e-01
1.352500000000000000e+03 6.701748674108871651e-01 3.298251325891777830e-01
1.355000000000000000e+03 6.702639015499238795e-01 3.297360984501349623e-01
1.357500000000000000e+03 5.758583117279059138e-01 4.241416882721552595e-01
1.360000000000000000e+03 4.416050175761978003e-01 5.583949824238645387e-01
1.362500000000000000e+03 3.435396431404452167e-01 6.564603568596186767e-01
1.365000000000000000e+03 3.415124652233928471e-01 6.584875347766712128e-01
1.367500000000000000e+03 4.379506157852020021e-01 5.620493842148611696e-01
1.370000000000000000e+03 5.745150521639951213e-01 4.254849478360667736e-01
1.372500000000000000e+03 6.708671092081259779e-01 3.291328907919394697e-01
1.375000000000000000e+03 6.676385596709600856e-01 3.323614403291050290e-01
1.377500000000000000e+03 5.671611801171427825e-01 4.328388198829199451e-01
1.380000000000000000e+03 4.315046285957345740e-01 5.684953714043334827e-01
1.382500000000000000e+03 3.394736314848965097e-01 6.605263685151697706e-01
1.385000000000000000e+03 3.457247313893710983e-01 6.542752686106960702e-01
1.387500000000000000e+03 4.458968225501246385e-01 5.541031774499434182e-01
1.390000000000000000e+03 5.809048677071348976e-01 4.190951322929316603e-01
1.392500000000000000e+03 6.760966721794176015e-01 3.239033278206486788e-01
1.395000000000000000e+03 6.760580902500501477e-01 3.239419097500150779e-01
1.397500000000000000e+03 5.790239723649617254e-01 4.209760276351067754e-01
1.400000000000000000e+03 4.386131053874400276e-01 5.613868946126270298e-01
1.402500000000000000e+03 3.314808487736323750e-01 6.685191512264370139e-01
1.405000000000000000e+03 3.224366593781266555e-01 6.775633406219426780e-01
1.407500000000000000e+03 4.214334683772289480e-01 5.785665316228402189e-01
1.410000000000000000e+03 5.742184959808989131e-01 4.257815040191686440e-01
1.412500000000000000e+03 6.948203260606096165e-01 3.051796739394551650e-01
1.415000000000000000e+03 7.080100379946888678e-01 2.919899620053775791e-01
1.417500000000000000e+03 6.013481642323970089e-01 3.986518357676708257e-01
1.420000000000000000e+03 4.351707144858930620e-01 5.648292855141722191e-01
1.422500000000000000e+03 3.035043642699026822e-01 6.964956357301627099e-01
1.425000000000000000e+03 2.861274754450816582e-01 7.138725245549871756e-01
1.427500000000000000e+03 3.951146071678351968e-01 6.048853928322364126e-01
1.430000000000000000e+03 5.685560112913554676e-01 4.314439887087138104e-01
1.432500000000000000e+03 7.116758466195429733e-01 2.883241533805276924e-01
1.435000000000000000e+03 7.420920829367705363e-01 2.579079170632969653e-01
1.437500000000000000e+03 6.416625595416572958e-01 3.583374404584109829e-01
1.440000000000000000e+03 4.647026517857912875e-01 5.352973482142786565e-01
1.442500000000000000e+03 3.044409856598915276e-01 6.955590143401779724e-01
1.445000000000000000e+03 2.524928707897594604e-01 7.475071292103130371e-01
1.447500000000000000e+03 3.414929882940013206e-01 6.585070117060667361e-01
1.450000000000000000e+03 5.267406124842396453e-01 4.732593875158296326e-01
1.452500000000000000e+03 7.107730663730136289e-01 2.892269336270528735e-01
1.455000000000000000e+03 7.858664157867798483e-01 2.141335842132869594e-01
1.457500000000000000e+03 7.043833001203796407e-01 2.956166998796876944e-01
1.460000000000000000e+03 5.067811023180240904e-01 4.932188976820416348e-01
1.462500000000000000e+03 2.987784018563711674e-01 7.012215981436985546e-01
1.465000000000000000e+03 2.019048630955170287e-01 7.980951369045501398e-01
1.467500000000000000e+03 2.731234837361468104e-01 7.268765162639179156e-01
1.470000000000000000e+03 4.748986012418086045e-01 5.251013987582573428e-01
1.472500000000000000e+03 6.991441983369734992e-01 3.008558016630926146e-01
1.475000000000000000e+03 8.185271470033866903e-01 1.814728529966831150e-01
1.477500000000000000e+03 7.679540392421955186e-01 2.320459607578644889e-01
1.480000000000000000e+03 5.740961930735217766e-01 4.259038069265425608e-01
1.482500000000000000e+03 3.380065933662541044e-01 6.619934066338103440e-01
1.485000000000000000e+03 1.906328193450994579e-01 8.093671806549737058e-01
1.487500000000000000e+03 2.120904511534590919e-01 7.879095488466092423e-01
1.490000000000000000e+03 3.952588751620846885e-01 6.047411248379883641e-01
1.492500000000000000e+03 6.478806552072617908e-01 3.521193447928110953e-01
1.495000000000000000e+03 8.296298624481921458e-01 1.703701375518843764e-01
1.497500000000000000e+03 8.392201572922439734e-01 1.607798427078252490e-01
1.500000000000000000e+03 6.640296762342625669e-01 3.359703237658144270e-01
1.502500000000000000e+03 3.923354302473093802e-01 6.076645697527640611e-01
1.505000000000000000e+03 1.767094031960710354e-01 8.232905968040011846e-01
1.507500000000000000e+03 1.363396264261397262e-01 8.636603735739298848e-01
1.510000000000000000e+03 2.982838136750429192e-01 7.017161863250253040e-01
1.512500000000000000e+03 5.782106641655104795e-01 4.217893358345584098e-01
1.515000000000000000e+03 8.189133178711701655e-01 1.810866821288958095e-01
1.517500000000000000e+03 8.913595385532959714e-01 1.086404614467722241e-01
1.520000000000000000e+03 7.542692567612210297e-01 2.457307432388444179e-01
1.522500000000000000e+03 4.792711088211558113e-01 5.207288911789119679e-01
1.525000000000000000e+03 2.180646662413573411e-01 7.819353337587087172e-01
1.527500000000000000e+03 1.079248888693373348e-01 8.920751111307324566e-01
1.530000000000000000e+03 2.118390240502802391e-01 7.881609759497851808e-01
1.532500000000000000e+03 4.793183149295339174e-01 5.206816850705349164e-01
1.535000000000000000e+03 7.657456120598054028e-01 2.342543879402640417e-01
1.537500000000000000e+03 9.200007331029806945e-01 7.999926689708466987e-02
1.540000000000000000e+03 8.515627701703172292e-01 1.484372298297511328e-01
1.542500000000000000e+03 5.900372870211880727e-01 4.099627129788812052e-01
1.545000000000000000e+03 2.773252888613106371e-01 7.226747111387606948e-01
1.547500000000000000e+03 8.005989301113369816e-02 9.199401069889348026e-01
1.550000000000000000e+03 1.122516541613806929e-01 8.877483458386880022e-01
1.552500000000000000e+03 3.602252984218017318e-01 6.397747015782662139e-01
1.555000000000000000e+03 6.864034313569369328e-01 3.135965686431341215e-01
1.557500000000000000e+03 9.170906619409676663e-01 8.290933805910215282e-02
1.560000000000000000e+03 9.231422015687280602e-01 7.685779843133774825e-02
1.562500000000000000e+03 7.015471365232275325e-01 2.984528634768385258e-01
1.565000000000000000e+03 3.754299480366441455e-01 6.245700519634217462e-01
1.567500000000000000e+03 1.157282627674720149e-01 8.842717372325941128e-01
1.570000000000000000e+03 6.558734564923816845e-02 9.344126543508295413e-01
1.572500000000000000e+03 2.525399263079430301e-01 7.474600736921251931e-01
1.575000000000000000e+03 5.764348511160075628e-01 4.235651488840699308e-01
1.577500000000000000e+03 8.701622720934911737e-01 1.298377279065873469e-01
1.580000000000000000e+03 9.708052656880481468e-01 2.919473431202792776e-02
1.582500000000000000e+03 8.211691606555961975e-01 1.788308393444834332e-01
1.585000000000000000e+03 4.989821082522885032e-01 5.010178917477853267e-01
1.587500000000000000e+03 1.714836150295960260e-01 8.285163849704784145e-01
1.590000000000000000e+03 2.198763891585434407e-02 9.780123610842277326e-01
1.592500000000000000e+03 1.326485235213111791e-01 8.673514764787709774e-01
1.595000000000000000e+03 4.437873371531407263e-01 5.562126628469474809e-01
1.597500000000000000e+03 7.906002246958246937e-01 2.093997753042630139e-01
1.600000000000000000e+03 9.792033891534862589e-01 2.079661084659854137e-02
1.602500000000000000e+03 9.103352196601952606e-01 8.966478033989255803e-02
1.605000000000000000e+03 6.237176392613248410e-01 3.762823607387607572e-01
1.607500000000000000e+03 2.712040705067994550e-01 7.287959294932914167e-01
1.610000000000000000e+03 4.723834638929325092e-02 9.527616536107950118e-01
1.612500000000000000e+03 6.802029177296232965e-02 9.319797082271275013e-01
1.615000000000000000e+03 3.222064475729324862e-01 6.777935524271576639e-01
1.617500000000000000e+03 6.788730663529973786e-01 3.211269336470884417e-01
1.620000000000000000e+03 9.435412735733572642e-01 5.645872642673540470e-02
1.622500000000000000e+03 9.773256901735656310e-01 2.267430982652437338e-02
1.625000000000000000e+03 7.583996413844689144e-01 2.416003586156234284e-01
1.627500000000000000e+03 3.979046429394559881e-01 6.020953570606351057e-01
1.630000000000000000e+03 9.393942615875290614e-02 9.060605738413393118e-01
1.632500000000000000e+03 7.810444173920166183e-03 9.921895558261732972e-01
1.635000000000000000e+03 1.892470000299210364e-01 8.107529999701685863e-01
1.637500000000000000e+03 5.428502799712384697e-01 4.571497200288526797e-01
1.640000000000000000e+03 8.709176033571053299e-01 1.290823966429820446e-01
1.642500000000000000e+03 9.997310478668958167e-01 2.689521331942882091e-04
1.645000000000000000e+03 8.593522390642471809e-01 1.406477609358434411e-01
1.647500000000000000e+03 5.265819347402734829e-01 4.734180652598173888e-01
1.650000000000000000e+03 1.873076264182060024e-01 8.126923735818856187e-01
1.652500000000000000e+03 1.860944579201520219e-02 9.813905542080827438e-01
1.655000000000000000e+03 1.112773006668694165e-01 8.887226993332218994e-01
1.657500000000000000e+03 4.157221137553501200e-01 5.842778862447522981e-01
1.660000000000000000e+03 7.655087155874616966e-01 2.344912844126357809e-01
1.662500000000000000e+03 9.798905322760931291e-01 2.010946772399837407e-02
1.665000000000000000e+03 9.411967203852169561e-01 5.880327961487183397e-02
1.667500000000000000e+03 6.678489186887470730e-01 3.321510813113507377e-01
1.670000000000000000e+03 3.084334954015455210e-01 6.915665045985530668e-01
1.672500000000000000e+03 5.078962107930008740e-02 9.492103789208012898e-01
1.675000000000000000e+03 3.832698588368709663e-02 9.616730141164173684e-01
1.677500000000000000e+03 2.780809511829990810e-01 7.219190488171073339e-01
1.680000000000000000e+03 6.358298538086897267e-01 3.641701461914099158e-01
1.682500000000000000e+03 9.211435978209698838e-01 7.885640217913521266e-02
1.685000000000000000e+03 9.757132904727222611e-01 2.428670952738275560e-02
1.687500000000000000e+03 7.738202520375552229e-01 2.261797479625561602e-01
1.690000000000000000e+03 4.314075263153033246e-01 5.685924736848062544e-01
1.692500000000000000e+03 1.303184145932238525e-01 8.696815854068853380e-01
1.695000000000000000e+03 3.517885676616552132e-02 9.648211432339401927e-01
1.697500000000000000e+03 1.921513577834018383e-01 8.078486422167066028e-01
1.700000000000000000e+03 5.125253654084377386e-01 4.874746345916709522e-01
1.702500000000000000e+03 8.296867045205696956e-01 1.703132954795401888e-01
1.705000000000000000e+03 9.714712507497913485e-01 2.852874925032197750e-02
1.707500000000000000e+03 8.653065105078581176e-01 1.346934894922483528e-01
1.710000000000000000e+03 5.692841015248665260e-01 4.307158984752398334e-01
1.712500000000000000e+03 2.372243196879693650e-01 7.627756803121404916e-01
1.715000000000000000e+03 5.204657937732418138e-02 9.479534206227826498e-01
1.717500000000000000e+03 1.109715655633511100e-01 8.890284344367548330e-01
1.720000000000000000e+03 3.803324596071054886e-01 6.196675403930027581e-01
1.722500000000000000e+03 7.158052782407003933e-01 2.841947217594076869e-01
1.725000000000000000e+03 9.292417707414437622e-01 7.075822925866293023e-02
1.727500000000000000e+03 9.091910919936857516e-01 9.080890800641849836e-02
1.730000000000000000e+03 6.711725844235727489e-01 3.288274155765328333e-01
1.732500000000000000e+03 3.454448456674750201e-01 6.545551543326291188e-01
1.735000000000000000e+03 1.139833687079603725e-01 8.860166312921466947e-01
1.737500000000000000e+03 9.532845457004220091e-02 9.046715454300644499e-01
1.740000000000000000e+03 2.948170327507864119e-01 7.051829672493243883e-01
1.742500000000000000e+03 6.049977228761292958e-01 3.950022771239770636e-01
1.745000000000000000e+03 8.558337861018183723e-01 1.441662138982904018e-01
1.747500000000000000e+03 9.194599754733098207e-01 8.054002452679996649e-02
1.750000000000000000e+03 7.635382157964376582e-01 2.364617842036715878e-01
1.752500000000000000e+03 4.704294791206036774e-01 5.295705208795107310e-01
1.755000000000000000e+03 2.013748683147006391e-01 7.986251316854124926e-01
1.757500000000000000e+03 9.682368347772213335e-02 9.031763165223961609e-01
1.760000000000000000e+03 2.135876248946332046e-01 7.864123751054840072e-01
1.762500000000000000e+03 4.878584617318825201e-01 5.121415382682353856e-01
1.765000000000000000e+03 7.642262830832758924e-01 2.357737169168406810e-01
1.767500000000000000e+03 8.952010433010419987e-01 1.047989566990690513e-01
1.770000000000000000e+03 8.101897690425616805e-01 1.898102309575543378e-01
1.772500000000000000e+03 5.596656469112525345e-01 4.403343530888655932e-01
1.775000000000000000e+03 2.879414571731054862e-01 7.120585428270165274e-01
1.777500000000000000e+03 1.389951807233736347e-01 8.610048192767530972e-01
1.780000000000000000e+03 1.910397990750733188e-01 8.089602009250471681e-01
1.782500000000000000e+03 4.105935686669813789e-01 5.894064313331419669e-01
1.785000000000000000e+03 6.730744026696473536e-01 3.269255973304734386e-01
1.787500000000000000e+03 8.423774052172293691e-01 1.576225947828938656e-01
1.790000000000000000e+03 8.293430812501103588e-01 1.706569187500083795e-01
1.792500000000000000e+03 6.446239332318322024e-01 3.553760667682887009e-01
1.795000000000000000e+03 3.917157884603370555e-01 6.082842115397855132e-01
1.797500000000000000e+03 2.029907009390577444e-01 7.970092990610626593e-01
1.800000000000000000e+03 1.817380295713274529e-01 8.182619704287930062e-01
1.802500000000000000e+03 3.371310452435484772e-01 6.628689547565682627e-01
1.805000000000000000e+03 5.796647594431085793e-01 4.203352405570068839e-01
1.807500000000000000e+03 7.777364701538840297e-01 2.222635298462362075e-01
1.810000000000000000e+03 8.199982098623330717e-01 1.800017901377886642e-01
1.812500000000000000e+03 6.873509418140109073e-01 3.126490581861077755e-01
1.815000000000000000e+03 4.599459826360736692e-01 5.400540173640426822e-01
1.817500000000000000e+03 2.631443737713748954e-01 7.368556262287453418e-01
1.820000000000000000e+03 2.062288377068627332e-01 7.937711622932566158e-01
1.822500000000000000e+03 3.136420347777325590e-01 6.863579652223866789e-01
1.825000000000000000e+03 5.190455394239683606e-01 4.809544605761505998e-01
1.827500000000000000e+03 7.112349151576822237e-01 2.887650848424368477e-01
1.830000000000000000e+03 7.860420145083277799e-01 2.139579854917995072e-01
1.832500000000000000e+03 7.094163616028639208e-01 2.905836383972588144e-01
1.835000000000000000e+03 5.282043988016259517e-01 4.717956011984933418e-01
1.837500000000000000e+03 3.394492634310999346e-01 6.605507365690180821e-01
1.840000000000000000e+03 2.472816571511398664e-01 7.527183428489780948e-01
1.842500000000000000e+03 2.986313906554992625e-01 7.013686093446170888e-01
1.845000000000000000e+03 4.623541973739342392e-01 5.376458026261823342e-01
1.847500000000000000e+03 6.481341703604188709e-01 3.518658296396956486e-01
1.850000000000000000e+03 7.489340072186068120e-01 2.510659927815102055e-01
1.852500000000000000e+03 7.107293944615884485e-01 2.892706055385295683e-01
1.855000000000000000e+03 5.587722824821748091e-01 4.412277175179423749e-01
1.857500000000000000e+03 3.803747839911724160e-01 6.196252160089465999e-01
1.860000000000000000e+03 2.797948481786423081e-01 7.202051518214824810e-01
1.862500000000000000e+03 3.092374507131721018e-01 6.907625492869551298e-01
1.865000000000000000e+03 4.459432761219963015e-01 5.540567238781319848e-01
1.867500000000000000e+03 6.105877726705559727e-01 3.894122273295725356e-01
1.870000000000000000e+03 7.089954914073792747e-01 2.910045085927553399e-01
1.872500000000000000e+03 6.922328024432711224e-01 3.077671975568556095e-01
1.875000000000000000e+03 5.753292867431535340e-01 4.246707132569748078e-01
1.877500000000000000e+03 4.246013815246988399e-01 5.753986184754278366e-01
1.880000000000000000e+03 3.254539387756617552e-01 6.745460612244676968e-01
1.882500000000000000e+03 3.296159995603568094e-01 6.703840004397716434e-01
1.885000000000000000e+03 4.329918917381148091e-01 5.670081082620141988e-01
1.887500000000000000e+03 5.779985455173779485e-01 4.220014544827488390e-01
1.890000000000000000e+03 6.798221076444840305e-01 3.201778923556451439e-01
1.892500000000000000e+03 6.808942644518850562e-01 3.191057355482448399e-01
1.895000000000000000e+03 5.803186051670686796e-01 4.196813948330620492e-01
1.897500000000000000e+03 4.359069316453125231e-01 5.640930683548154301e-01
1.900000000000000000e+03 3.351739875023382331e-01 6.648260124977937169e-01
1.902500000000000000e+03 3.360304044958702940e-01 6.639695955042604902e-01
1.905000000000000000e+03 4.362883556593573076e-01 5.637116443407728106e-01
1.907500000000000000e+03 5.758796219443830244e-01 4.241203780557480929e-01
1.910000000000000000e+03 6.700276686546977611e-01 3.299723313454345774e-01
1.912500000000000000e+03 6.666460035330717959e-01 3.333539964670602651e-01
1.915000000000000000e+03 5.709524766935167861e-01 4.290475233066144423e-01
1.917500000000000000e+03 4.394054635159893030e-01 5.605945364841422585e-01
1.920000000000000000e+03 3.496581361495235130e-01 6.503418638506088811e-01
1.922500000000000000e+03 3.507418399929448372e-01 6.492581600071849479e-01
1.925000000000000000e+03 4.415239773145100410e-01 5.584760226856163579e-01
1.927500000000000000e+03 5.723014515885148645e-01 4.276985484116166969e-01
1.930000000000000000e+03 6.673169895090380610e-01 3.326830104910919461e-01
1.932500000000000000e+03 6.720764812657037401e-01 3.279235187344245461e-01
1.935000000000000000e+03 5.803647622609205969e-01 4.196352377392142396e-01
1.937500000000000000e+03 4.407516773261487830e-01 5.592483226739844993e-01
1.940000000000000000e+03 3.358709082933021284e-01 6.641290917068319866e-01
1.942500000000000000e+03 3.283346565747762291e-01 6.716653434253576638e-01
1.945000000000000000e+03 4.263788479037871060e-01 5.736211520963487853e-01
1.947500000000000000e+03 5.757279108148833924e-01 4.242720891852506115e-01
1.950000000000000000e+03 6.859372415169810999e-01 3.140627584831612307e-01
1.952500000000000000e+03 6.917603945147917655e-01 3.082396054853500100e-01
1.955000000000000000e+03 5.880973830800524382e-01 4.119026169200828980e-01
1.957500000000000000e+03 4.333566349046528154e-01 5.666433650954834089e-01
1.960000000000000000e+03 3.193117727135836303e-01 6.806882272865560912e-01
1.962500000000000000e+03 3.104288154917356768e-01 6.895711845084030456e-01
1.965000000000000000e+03 4.130596219916286005e-01 5.869403780085099553e-01
1.967500000000000000e+03 5.725432627337252445e-01 4.274567372664132003e-01
1.970000000000000000e+03 6.986892144857115294e-01 3.013107855144241953e-01
1.972500000000000000e+03 7.220017094069813846e-01 2.779982905931556170e-01
1.975000000000000000e+03 6.254494999492709040e-01 3.745505000508656535e-01
1.977500000000000000e+03 4.566881743112893299e-01 5.433118256888465059e-01
1.980000000000000000e+03 3.099811694243294058e-01 6.900188305758078178e-01
1.982500000000000000e+03 2.679469269223437866e-01 7.320530730777925488e-01
1.985000000000000000e+03 3.607212159861171719e-01 6.392787840140154998e-01
1.987500000000000000e+03 5.426817059089710238e-01 4.573182940911600936e-01
1.990000000000000000e+03 7.095921632840636040e-01 2.904078367160705110e-01
1.992500000000000000e+03 7.657732906495637870e-01 2.342267093505666642e-01
1.995000000000000000e+03 6.735425332119845399e-01 3.264574667881507963e-01
1.997500000000000000e+03 4.803131912131187731e-01 5.196868087870176733e-01
2.000000000000000000e+03 2.972812622317460018e-01 7.027187377683934422e-01
