0.000000000000000000e+00 0.000000000000000000e+00 1.000000000000000000e+00
2.500000000000000000e+00 1.373929133153238002e-01 8.626070866846778928e-01
5.000000000000000000e+00 4.697301081397851075e-01 5.302698918602122280e-01
7.500000000000000000e+00 8.203321663673805997e-01 1.796678336326128500e-01
1.000000000000000000e+01 9.951724841685051226e-01 4.827515831490181500e-03
1.250000000000000000e+01 9.052289869787369936e-01 9.477101302126232640e-02
1.500000000000000000e+01 6.036002925477903513e-01 3.963997074522150332e-01
1.750000000000000000e+01 2.496233079660566401e-01 7.503766920339497437e-01
2.000000000000000000e+01 3.703969467299947360e-02 9.629603053270030522e-01
2.250000000000000000e+01 7.488128346807489122e-02 9.251187165319292305e-01
2.500000000000000000e+01 3.418159209382029551e-01 6.581840790618065373e-01
2.750000000000000000e+01 6.994827720482608147e-01 3.005172279517496214e-01
3.000000000000000000e+01 9.516160022623881831e-01 4.838399773762717959e-02
3.250000000000000000e+01 9.651975715484584217e-01 3.480242845155190334e-02
3.500000000000000000e+01 7.306732701056396495e-01 2.693267298943691213e-01
3.750000000000000000e+01 3.700828800080144809e-01 6.299171199919944009e-01
4.000000000000000000e+01 8.379467383123043178e-02 9.162053261687785888e-01
4.250000000000000000e+01 2.349677348822884829e-02 9.765032265117727928e-01
4.500000000000000000e+01 2.218196525848296630e-01 7.781803474151658406e-01
4.750000000000000000e+01 5.716632342052649918e-01 4.283367657947335649e-01
5.000000000000000000e+01 8.772262561207557763e-01 1.227737438792452368e-01
5.250000000000000000e+01 9.792827782791573288e-01 2.071722172084567576e-02
5.500000000000000000e+01 8.258839414135332735e-01 1.741160585864596211e-01
5.750000000000000000e+01 5.019654738259566873e-01 4.980345261740383167e-01
6.000000000000000000e+01 1.874434383453438824e-01 8.125565616546475134e-01
6.250000000000000000e+01 4.453374582402766513e-02 9.554662541759608718e-01
6.500000000000000000e+01 1.487733132667552471e-01 8.512266867332264342e-01
6.750000000000000000e+01 4.442759812467369507e-01 5.557240187532392905e-01
7.000000000000000000e+01 7.689045327060151092e-01 2.310954672939578014e-01
7.250000000000000000e+01 9.537301482896500815e-01 4.626985171032668709e-02
7.500000000000000000e+01 8.966616578489706724e-01 1.033383421510099820e-01
7.750000000000000000e+01 6.270517355460819564e-01 3.729482644538991698e-01
8.000000000000000000e+01 2.942603396235787261e-01 7.057396603764025667e-01
8.250000000000000000e+01 7.419498611165065149e-02 9.258050138883249236e-01
8.500000000000000000e+01 8.860458973488709311e-02 9.113954102650957401e-01
8.750000000000000000e+01 3.271861743456374594e-01 6.728138256543408913e-01
9.000000000000000000e+01 6.538783717683032126e-01 3.461216282316773030e-01
9.250000000000000000e+01 8.952792149409420919e-01 1.047207850590397837e-01
9.500000000000000000e+01 9.207761095927605721e-01 7.922389040721711240e-02
9.750000000000000000e+01 7.231517655013597334e-01 2.768482344986207822e-01
1.000000000000000000e+02 4.165147679499325295e-01 5.834852320500496514e-01
1.025000000000000000e+02 1.619492015450094413e-01 8.380507984549713241e-01
1.050000000000000000e+02 9.619318796197101618e-02 9.038068120380103876e-01
1.075000000000000000e+02 2.493089754085890675e-01 7.506910245913899216e-01
1.100000000000000000e+02 5.349917804738629767e-01 4.650082195261206475e-01
1.125000000000000000e+02 8.044259392961379262e-01 1.955740607038463919e-01
1.150000000000000000e+02 9.104738263403806542e-01 8.952617365959771034e-02
1.175000000000000000e+02 7.985747838340208071e-01 2.014252161659581541e-01
1.200000000000000000e+02 5.313483409361019483e-01 4.686516590638776791e-01
1.225000000000000000e+02 2.502750163540684025e-01 7.497249836459204397e-01
1.250000000000000000e+02 1.115952766669974505e-01 8.884047233329821491e-01
1.275000000000000000e+02 1.865429754495729064e-01 8.134570245504024744e-01
1.300000000000000000e+02 4.292044862455888787e-01 5.707955137543901936e-01
1.325000000000000000e+02 7.074249256977902522e-01 2.925750743021948708e-01
1.350000000000000000e+02 8.665471393971905245e-01 1.334528606027909348e-01
1.375000000000000000e+02 8.277980442212616863e-01 1.722019557787169419e-01
1.400000000000000000e+02 6.199397651983328261e-01 3.800602348016446919e-01
1.425000000000000000e+02 3.568604578019540785e-01 6.431395421980229399e-01
1.450000000000000000e+02 1.829754846320233996e-01 8.170245153679503991e-01
1.475000000000000000e+02 1.842257667372125263e-01 8.157742332627582194e-01
1.500000000000000000e+02 3.548066178961915007e-01 6.451933821037804107e-01
1.525000000000000000e+02 6.033773748103647971e-01 3.966226251896060040e-01
1.550000000000000000e+02 7.939106118120407007e-01 2.060893881879302947e-01
1.575000000000000000e+02 8.289020399351358925e-01 1.710979600648330212e-01
1.600000000000000000e+02 6.911253141014104262e-01 3.088746858985592647e-01
1.625000000000000000e+02 4.547466288871402362e-01 5.452533711128291216e-01
1.650000000000000000e+02 2.520456935304489776e-01 7.479543064695195476e-01
1.675000000000000000e+02 1.894435358265217084e-01 8.105564641734475106e-01
1.700000000000000000e+02 2.983321214462900661e-01 7.016678785536802909e-01
1.725000000000000000e+02 5.156703096897647942e-01 4.843296903102027873e-01
1.750000000000000000e+02 7.166574639645025835e-01 2.833425360354669964e-01
1.775000000000000000e+02 7.964427302179463153e-01 2.035572697820195176e-01
1.800000000000000000e+02 7.173400957515450038e-01 2.826599042484257973e-01
1.825000000000000000e+02 5.290079148555421051e-01 4.709920851444283074e-01
1.850000000000000000e+02 3.395580782756842941e-01 6.604419217242826212e-01
1.875000000000000000e+02 2.458989054445490652e-01 7.541010945554179612e-01
1.900000000000000000e+02 2.933891384214095677e-01 7.066108615785606784e-01
1.925000000000000000e+02 4.515740829765743647e-01 5.484259170233972691e-01
1.950000000000000000e+02 6.315043138839046000e-01 3.684956861160658126e-01
1.975000000000000000e+02 7.407408161785747902e-01 2.592591838213995636e-01
2.000000000000000000e+02 7.221167232914651457e-01 2.778832767085065436e-01
2.025000000000000000e+02 5.884353961774466679e-01 4.115646038225244108e-01
2.050000000000000000e+02 4.161096313403339630e-01 5.838903686596388365e-01
2.075000000000000000e+02 2.971325933490709392e-01 7.028674066509006391e-01
2.100000000000000000e+02 2.962255890775254419e-01 7.037744109224454148e-01
2.125000000000000000e+02 4.090816117695793563e-01 5.909183882303841173e-01
2.150000000000000000e+02 5.667168002212548128e-01 4.332831997787101042e-01
2.175000000000000000e+02 6.823666843525740822e-01 3.176333156473928332e-01
2.200000000000000000e+02 6.944006161657061416e-01 3.055993838342606628e-01
2.225000000000000000e+02 6.044163061291609740e-01 3.955836938708057193e-01
2.250000000000000000e+02 4.702509602447644266e-01 5.297490397552051533e-01
2.275000000000000000e+02 3.650822600140702923e-01 6.349177399859021742e-01
2.300000000000000000e+02 3.429815989003242582e-01 6.570184010996493740e-01
2.325000000000000000e+02 4.081917808443199513e-01 5.918082191556495175e-01
2.350000000000000000e+02 5.193256358389573002e-01 4.806743641610132789e-01
2.375000000000000000e+02 6.172161834234886069e-01 3.827838165764807510e-01
2.400000000000000000e+02 6.504689300347862302e-01 3.495310699651848485e-01
2.425000000000000000e+02 6.055620954094704800e-01 3.944379045904979342e-01
2.450000000000000000e+02 5.108772576113193020e-01 4.891227423886466696e-01
2.475000000000000000e+02 4.189181378379827070e-01 5.810818621619817659e-01
2.500000000000000000e+02 3.816284900382198586e-01 6.183715099617512756e-01
2.525000000000000000e+02 4.163643851802928397e-01 5.836356148196755189e-01
2.550000000000000000e+02 4.980546285322402511e-01 5.019453714677265532e-01
2.575000000000000000e+02 5.769684263805721081e-01 4.230315736193941967e-01
2.600000000000000000e+02 6.066052685178295878e-01 3.933947314821387709e-01
2.625000000000000000e+02 5.753943373540389983e-01 4.246056626459255856e-01
2.650000000000000000e+02 5.092802714680395582e-01 4.907197285319243596e-01
2.675000000000000000e+02 4.505292296297487842e-01 5.494707703702162993e-01
2.700000000000000000e+02 4.327076582401437332e-01 5.672923417598230156e-01
2.725000000000000000e+02 4.595903473714688103e-01 5.404096526284987156e-01
2.750000000000000000e+02 5.086759564260310285e-01 4.913240435739369416e-01
2.775000000000000000e+02 5.494315891355119330e-01 4.505684108644518182e-01
2.800000000000000000e+02 5.594520828464337736e-01 4.405479171535286453e-01
2.825000000000000000e+02 5.369653140321706264e-01 4.630346859677931803e-01
2.850000000000000000e+02 4.986792277495969428e-01 5.013207722503695285e-01
2.875000000000000000e+02 4.684766020087052785e-01 5.315233979912621365e-01
2.900000000000000000e+02 4.657313916808722420e-01 5.342686083190959501e-01
2.925000000000000000e+02 4.923931150998648865e-01 5.076068849001019734e-01
2.950000000000000000e+02 5.305518111622540278e-01 4.694481888377137757e-01
2.975000000000000000e+02 5.535632509373956678e-01 4.464367490625673618e-01
3.000000000000000000e+02 5.422974296865052946e-01 4.577025703134574020e-01
3.025000000000000000e+02 5.011207053666841826e-01 4.988792946332804012e-01
3.050000000000000000e+02 4.581004630189490223e-01 5.418995369810146734e-01
3.075000000000000000e+02 4.448549734633678865e-01 5.551450265365978076e-01
3.100000000000000000e+02 4.749728095435578057e-01 5.250271904564108860e-01
3.125000000000000000e+02 5.319343286355223688e-01 4.680656713644474332e-01
3.150000000000000000e+02 5.776467925072482634e-01 4.223532074927192070e-01
3.175000000000000000e+02 5.805931325861970471e-01 4.194068674137734209e-01
3.200000000000000000e+02 5.355072004423192533e-01 4.644927995576500490e-01
3.225000000000000000e+02 4.672537110451855935e-01 5.327462889547822655e-01
3.250000000000000000e+02 4.175155576638451826e-01 5.824844423361237311e-01
3.275000000000000000e+02 4.167408995503948388e-01 5.832591004495712994e-01
3.300000000000000000e+02 4.689130466238069506e-01 5.310869533761650718e-01
3.325000000000000000e+02 5.490221373636640090e-01 4.509778626363043497e-01
3.350000000000000000e+02 6.126838097956603946e-01 3.873161902043068539e-01
3.375000000000000000e+02 6.225879816503216979e-01 3.774120183496476599e-01
3.400000000000000000e+02 5.665627349883864960e-01 4.334372650115816406e-01
3.425000000000000000e+02 4.683161249541721305e-01 5.316838750457975049e-01
3.450000000000000000e+02 3.820087025239427558e-01 6.179912974760306543e-01
3.475000000000000000e+02 3.592488166315569442e-01 6.407511833684146341e-01
3.500000000000000000e+02 4.211262624167101953e-01 5.788737375832606613e-01
3.525000000000000000e+02 5.398429767130095147e-01 4.601570232869575117e-01
3.550000000000000000e+02 6.473638414190923118e-01 3.526361585808749921e-01
3.575000000000000000e+02 6.800045422780192084e-01 3.199954577219503160e-01
3.600000000000000000e+02 6.130951323630329242e-01 3.869048676369376549e-01
3.625000000000000000e+02 4.794780088574854826e-01 5.205219911424854295e-01
3.650000000000000000e+02 3.551758257045994349e-01 6.448241742953688682e-01
3.675000000000000000e+02 3.095585805486987807e-01 6.904414194512689118e-01
3.700000000000000000e+02 3.717263411361461101e-01 6.282736588638260233e-01
3.725000000000000000e+02 5.121728090373693920e-01 4.878271909626030745e-01
3.750000000000000000e+02 6.551861500019611206e-01 3.448138499980090144e-01
3.775000000000000000e+02 7.251626829374122618e-01 2.748373170625583173e-01
3.800000000000000000e+02 6.792821751402414732e-01 3.207178248597322701e-01
3.825000000000000000e+02 5.351451405856868515e-01 4.648548594142818402e-01
3.850000000000000000e+02 3.678357405595403251e-01 6.321642594404303095e-01
3.875000000000000000e+02 2.662339802774147390e-01 7.337660197225552849e-01
3.900000000000000000e+02 2.931181782662337643e-01 7.068818217337364818e-01
3.925000000000000000e+02 4.419535136354376670e-01 5.580464863645290263e-01
3.950000000000000000e+02 6.332118940700444121e-01 3.667881059299215041e-01
3.975000000000000000e+02 7.626804569094340902e-01 2.373195430905331582e-01
4.000000000000000000e+02 7.517019980108755606e-01 2.482980019890944356e-01
4.025000000000000000e+02 6.006908582760659421e-01 3.993091417239008623e-01
4.050000000000000000e+02 3.923990422489689878e-01 6.076009577510002035e-01
4.075000000000000000e+02 2.390116217633705409e-01 7.609883782366009264e-01
4.100000000000000000e+02 2.290585568187835652e-01 7.709414431811838497e-01
4.125000000000000000e+02 3.709027861506922763e-01 6.290972138492819665e-01
4.150000000000000000e+02 5.885943608770889401e-01 4.114056391228824716e-01
4.175000000000000000e+02 7.694955275137231876e-01 2.305044724862431726e-01
4.200000000000000000e+02 8.129071344412321931e-01 1.870928655587406619e-01
4.225000000000000000e+02 6.919746916393195724e-01 3.080253083606520614e-01
4.250000000000000000e+02 4.677930160187625530e-01 5.322069839812044734e-01
4.275000000000000000e+02 2.544780911700010861e-01 7.455219088299662733e-01
4.300000000000000000e+02 1.718855420594008754e-01 8.281144579405654849e-01
4.325000000000000000e+02 2.698407020908702991e-01 7.301592979090931745e-01
4.350000000000000000e+02 5.001846534785823195e-01 4.998153465213817093e-01
4.375000000000000000e+02 7.429295091736419776e-01 2.570704908263219401e-01
4.400000000000000000e+02 8.592313275094423108e-01 1.407686724905215792e-01
4.425000000000000000e+02 7.816348571417617297e-01 2.183651428582071008e-01
4.450000000000000000e+02 5.494872535681398773e-01 4.505127464318257058e-01
4.475000000000000000e+02 2.853246452475111106e-01 7.146753547524558048e-01
4.500000000000000000e+02 1.382234268923433762e-01 8.617765731076221236e-01
4.525000000000000000e+02 1.883242733066108898e-01 8.116757266933536386e-01
4.550000000000000000e+02 4.099887341034873511e-01 5.900112658964774548e-01
4.575000000000000000e+02 6.887638875859274368e-01 3.112361124140410884e-01
4.600000000000000000e+02 8.720201231149737886e-01 1.279798768849873536e-01
4.625000000000000000e+02 8.630527636689193649e-01 1.369472363310425267e-01
4.650000000000000000e+02 6.632608566635597169e-01 3.367391433364048670e-01
4.675000000000000000e+02 3.725225426396759354e-01 6.274774573602863725e-01
4.700000000000000000e+02 1.490464604362134737e-01 8.509535395637558564e-01
4.725000000000000000e+02 1.125198975151577435e-01 8.874801024848109066e-01
4.750000000000000000e+02 2.887725911251926014e-01 7.112274088747760903e-01
4.775000000000000000e+02 5.895806855266702007e-01 4.104193144733001564e-01
4.800000000000000000e+02 8.479458787440645740e-01 1.520541212559010369e-01
4.825000000000000000e+02 9.233328483869517322e-01 7.666715161301289327e-02
4.850000000000000000e+02 7.690797424194409926e-01 2.309202575805208990e-01
4.875000000000000000e+02 4.644874532056557648e-01 5.355125467943104844e-01
4.900000000000000000e+02 1.797227582726827755e-01 8.202772417272813366e-01
4.925000000000000000e+02 6.697146986188728945e-02 9.330285301380741858e-01
4.950000000000000000e+02 1.902051694255336156e-01 8.097948305744219200e-01
4.975000000000000000e+02 4.856806200470165091e-01 5.143193799529423016e-01
5.000000000000000000e+02 7.914935285121195152e-01 2.085064714878433201e-01
5.025000000000000000e+02 9.488353665257186487e-01 5.116463347424686503e-02
5.050000000000000000e+02 8.707087731606233394e-01 1.292912268393411890e-01
5.075000000000000000e+02 5.952200874406443631e-01 4.047799125593136149e-01
5.100000000000000000e+02 2.706104924747844698e-01 7.293895075251767279e-01
5.125000000000000000e+02 6.544066908156047357e-02 9.345593309184038189e-01
5.150000000000000000e+02 9.545444626903479279e-02 9.045455537309283756e-01
5.175000000000000000e+02 3.493937890803133217e-01 6.506062109196451004e-01
5.200000000000000000e+02 6.893015136378881635e-01 3.106984863620771420e-01
5.225000000000000000e+02 9.349037785534762834e-01 6.509622144648176401e-02
5.250000000000000000e+02 9.460085240363869108e-01 5.399147596357055379e-02
5.275000000000000000e+02 7.135664749518524363e-01 2.864335250481075401e-01
5.300000000000000000e+02 3.662879307851776289e-01 6.337120692147819589e-01
5.325000000000000000e+02 8.884093376109494788e-02 9.111590662388627804e-01
5.350000000000000000e+02 3.637720127971218881e-02 9.636227987202445888e-01
5.375000000000000000e+02 2.365335110139360486e-01 7.634664889860236503e-01
5.400000000000000000e+02 5.785382153867226762e-01 4.214617846132345802e-01
5.425000000000000000e+02 8.842351260726578621e-01 1.157648739273037380e-01
5.450000000000000000e+02 9.868379451927270507e-01 1.316205480722895498e-02
5.475000000000000000e+02 8.332385181357749859e-01 1.667614818641810215e-01
5.500000000000000000e+02 5.062696957301521250e-01 4.937303042698072408e-01
5.525000000000000000e+02 1.741839807815941388e-01 8.258160192183688908e-01
5.550000000000000000e+02 1.915227006179587299e-02 9.808477299381634928e-01
5.575000000000000000e+02 1.243869994099449927e-01 8.756130005900071289e-01
5.600000000000000000e+02 4.346958276830104051e-01 5.653041723169428545e-01
5.625000000000000000e+02 7.880348284359252053e-01 2.119651715640284984e-01
5.650000000000000000e+02 9.866653305720562983e-01 1.333466942789976635e-02
5.675000000000000000e+02 9.229603070135647958e-01 7.703969298638785324e-02
5.700000000000000000e+02 6.310006129274896569e-01 3.689993870724607716e-01
5.725000000000000000e+02 2.657975820622982543e-01 7.342024179376532844e-01
5.750000000000000000e+02 3.158226646581076963e-02 9.684177335341463966e-01
5.775000000000000000e+02 5.163590446095711606e-02 9.483640955390004734e-01
5.800000000000000000e+02 3.133358486216324956e-01 6.866641513783267037e-01
5.825000000000000000e+02 6.784223542187056699e-01 3.215776457812541955e-01
5.850000000000000000e+02 9.466744328738997405e-01 5.332556712605728694e-02
5.875000000000000000e+02 9.803869412083719981e-01 1.961305879158434240e-02
5.900000000000000000e+02 7.625321908687811012e-01 2.374678091311755446e-01
5.925000000000000000e+02 4.060641134307175770e-01 5.939358865692386802e-01
5.950000000000000000e+02 1.052109832806735618e-01 8.947890167192886768e-01
5.975000000000000000e+02 1.642872196633550844e-02 9.835712780336215433e-01
6.000000000000000000e+02 1.897673809414730794e-01 8.102326190584793197e-01
6.025000000000000000e+02 5.357439416630671580e-01 4.642560583368888216e-01
6.050000000000000000e+02 8.626814776821842834e-01 1.373185223177625924e-01
6.075000000000000000e+02 9.966444489097388004e-01 3.355551090215421525e-03
6.100000000000000000e+02 8.618089295019748519e-01 1.381910704979757709e-01
6.125000000000000000e+02 5.298548068777431119e-01 4.701451931222099812e-01
6.150000000000000000e+02 1.870866505794427370e-01 8.129133494205067478e-01
6.175000000000000000e+02 1.508167037771286634e-02 9.849183296222394635e-01
6.200000000000000000e+02 1.075002308330074569e-01 8.924997691669336319e-01
6.225000000000000000e+02 4.127427604765071534e-01 5.872572395234407772e-01
6.250000000000000000e+02 7.608033337811626051e-01 2.391966662187850756e-01
6.275000000000000000e+02 9.713292295495312700e-01 2.867077045040792443e-02
6.300000000000000000e+02 9.320397378992200110e-01 6.796026210073104201e-02
6.325000000000000000e+02 6.660388254284979048e-01 3.339611745714543001e-01
6.350000000000000000e+02 3.194961768557552650e-01 6.805038231441953300e-01
6.375000000000000000e+02 7.157152300470195905e-02 9.284284769952554361e-01
6.400000000000000000e+02 5.752167128694766346e-02 9.424783287129975262e-01
6.425000000000000000e+02 2.846382161337482897e-01 7.153617838662068573e-01
6.450000000000000000e+02 6.274984056373356101e-01 3.725015943626115433e-01
6.475000000000000000e+02 9.050250192041481290e-01 9.497498079580174446e-02
6.500000000000000000e+02 9.621715270825981214e-01 3.782847291735067646e-02
6.525000000000000000e+02 7.690316885695398508e-01 2.309683114304098839e-01
6.550000000000000000e+02 4.350605454093520175e-01 5.649394545905960241e-01
6.575000000000000000e+02 1.387700741764102963e-01 8.612299258235410759e-01
6.600000000000000000e+02 4.434339333254291166e-02 9.556566066674059279e-01
6.625000000000000000e+02 1.979456703701792386e-01 8.020543296297724112e-01
6.650000000000000000e+02 5.104003309014919498e-01 4.895996690984593669e-01
6.675000000000000000e+02 8.165772295758277899e-01 1.834227704241211954e-01
6.700000000000000000e+02 9.505687370546932469e-01 4.943126294525949926e-02
6.725000000000000000e+02 8.473363142803267412e-01 1.526636857196256303e-01
6.750000000000000000e+02 5.670472595766666846e-01 4.329527404232837995e-01
6.775000000000000000e+02 2.560772866057245412e-01 7.439227133942272197e-01
6.800000000000000000e+02 8.344297640074518907e-02 9.165570235992042125e-01
6.825000000000000000e+02 1.372925330849815995e-01 8.627074669149621400e-01
6.850000000000000000e+02 3.867215135826412298e-01 6.132784864173066453e-01
6.875000000000000000e+02 6.999382235832556365e-01 3.000617764166907397e-01
6.900000000000000000e+02 9.025479404498736313e-01 9.745205955007493759e-02
6.925000000000000000e+02 8.877455570664283258e-01 1.122544429335227967e-01
6.950000000000000000e+02 6.656932027524742335e-01 3.343067972474724203e-01
6.975000000000000000e+02 3.569854622758347196e-01 6.430145377241138771e-01
7.000000000000000000e+02 1.351845610398202668e-01 8.648154389601294678e-01
7.025000000000000000e+02 1.153670497329103706e-01 8.846329502670404743e-01
7.050000000000000000e+02 3.032905272456764001e-01 6.967094727542695320e-01
7.075000000000000000e+02 5.952765233594421446e-01 4.047234766405048978e-01
7.100000000000000000e+02 8.294388046687796168e-01 1.705611953311743090e-01
7.125000000000000000e+02 8.875914648271150398e-01 1.124085351728345283e-01
7.150000000000000000e+02 7.438165956468549833e-01 2.561834043531013294e-01
7.175000000000000000e+02 4.770136844229256878e-01 5.229863155770242411e-01
7.200000000000000000e+02 2.337230707116817463e-01 7.662769292882688488e-01
7.225000000000000000e+02 1.382072390497545988e-01 8.617927609501934150e-01
7.250000000000000000e+02 2.401177145167320837e-01 7.598822854832159024e-01
7.275000000000000000e+02 4.839366775144719468e-01 5.160633224854755952e-01
7.300000000000000000e+02 7.334655560237534067e-01 2.665344439761959672e-01
7.325000000000000000e+02 8.568860674320655235e-01 1.431139325678845442e-01
7.350000000000000000e+02 7.869478387632318217e-01 2.130521612367146100e-01
7.375000000000000000e+02 5.640808990110947052e-01 4.359191009888564450e-01
7.400000000000000000e+02 3.162091022885776814e-01 6.837908977113723585e-01
7.425000000000000000e+02 1.754367700553398357e-01 8.245632299446079561e-01
7.450000000000000000e+02 2.163360234796974091e-01 7.836639765202463304e-01
7.475000000000000000e+02 4.106225589190449221e-01 5.893774410808976238e-01
7.500000000000000000e+02 6.457642654511625002e-01 3.542357345487820997e-01
7.525000000000000000e+02 7.990016893916603857e-01 2.009983106082780802e-01
7.550000000000000000e+02 7.916550719836169536e-01 2.083449280163228723e-01
7.575000000000000000e+02 6.346034916336309450e-01 3.653965083663065494e-01
7.600000000000000000e+02 4.179178252598723664e-01 5.820821747400641843e-01
7.625000000000000000e+02 2.537637011690888622e-01 7.462362988308451905e-01
7.650000000000000000e+02 2.288520144559185177e-01 7.711479855440173115e-01
7.675000000000000000e+02 3.524227813998379588e-01 6.475772186000992026e-01
7.700000000000000000e+02 5.536275714716494267e-01 4.463724285282832938e-01
7.725000000000000000e+02 7.253763521947245163e-01 2.746236478052063723e-01
7.750000000000000000e+02 7.726721974037866758e-01 2.273278025961443793e-01
7.775000000000000000e+02 6.731949922493571936e-01 3.268050077505790796e-01
7.800000000000000000e+02 4.869195095310003829e-01 5.130804904689361123e-01
7.825000000000000000e+02 3.164546612865045683e-01 6.835453387134307057e-01
7.850000000000000000e+02 2.566215663573253036e-01 7.433784336426064732e-01
7.875000000000000000e+02 3.335977369764808742e-01 6.664022630234517353e-01
7.900000000000000000e+02 4.970494413274044176e-01 5.029505586725319111e-01
7.925000000000000000e+02 6.564778470144323474e-01 3.435221529855008726e-01
7.950000000000000000e+02 7.258356625956799979e-01 2.741643374042565529e-01
7.975000000000000000e+02 6.760818959021906993e-01 3.239181040977449633e-01
8.000000000000000000e+02 5.419061991226279407e-01 4.580938008773072778e-01
8.025000000000000000e+02 3.963910688473678001e-01 6.036089311525711931e-01
8.050000000000000000e+02 3.175918104464676706e-01 6.824081895534686026e-01
8.075000000000000000e+02 3.421418088351558806e-01 6.578581911647851665e-01
8.100000000000000000e+02 4.523085310475982168e-01 5.476914689523414426e-01
8.125000000000000000e+02 5.875879787096224272e-01 4.124120212903157334e-01
8.150000000000000000e+02 6.720813058632867376e-01 3.279186941366507013e-01
8.175000000000000000e+02 6.624037645958620324e-01 3.375962354040741298e-01
8.200000000000000000e+02 5.677034921259609401e-01 4.322965078739787748e-01
8.225000000000000000e+02 4.435180119667596066e-01 5.564819880331797197e-01
8.250000000000000000e+02 3.627483589949709319e-01 6.372516410049694491e-01
8.275000000000000000e+02 3.666811559656977249e-01 6.333188440342389924e-01
8.300000000000000000e+02 4.463284778169108180e-01 5.536715221830283973e-01
8.325000000000000000e+02 5.515813780532774491e-01 4.484186219466571033e-01
8.350000000000000000e+02 6.206232872585653038e-01 3.793767127413735230e-01
8.375000000000000000e+02 6.209188998345351873e-01 3.790811001654038614e-01
8.400000000000000000e+02 5.604627690930528150e-01 4.395372309068852346e-01
8.425000000000000000e+02 4.779397622599281803e-01 5.220602377400114236e-01
8.450000000000000000e+02 4.205623388086570658e-01 5.794376611912805952e-01
8.475000000000000000e+02 4.150867075580054188e-01 5.849132924419300217e-01
8.500000000000000000e+02 4.594576766192387529e-01 5.405423233807014061e-01
8.525000000000000000e+02 5.261867593284079714e-01 4.738132406715290790e-01
8.550000000000000000e+02 5.760296288742017268e-01 4.239703711257376550e-01
8.575000000000000000e+02 5.823342958400595792e-01 4.176657041598824671e-01
8.600000000000000000e+02 5.435598116896929177e-01 4.564401883102482405e-01
8.625000000000000000e+02 4.849013169054860461e-01 5.150986830944546124e-01
8.650000000000000000e+02 4.447663900426844230e-01 5.552336099572579009e-01
8.675000000000000000e+02 4.475056196068720182e-01 5.524943803930687514e-01
8.700000000000000000e+02 4.888081884907589103e-01 5.111918115091843573e-01
8.725000000000000000e+02 5.388961164931700409e-01 4.611038835067724495e-01
8.750000000000000000e+02 5.621062434227156457e-01 4.378937565772258456e-01
8.775000000000000000e+02 5.440328365809619093e-01 4.559671634189791378e-01
8.800000000000000000e+02 4.997811854140949417e-01 5.002188145858488255e-01
8.825000000000000000e+02 4.611905119316038748e-01 5.388094880683408361e-01
8.850000000000000000e+02 4.555727645143478610e-01 5.444272354856001250e-01
8.875000000000000000e+02 4.861702307032612080e-01 5.138297692966846686e-01
8.900000000000000000e+02 5.319470606093270604e-01 4.680529393906217583e-01
8.925000000000000000e+02 5.636961952729465652e-01 4.363038047270017539e-01
8.950000000000000000e+02 5.601609650437093801e-01 4.398390349562419366e-01
8.975000000000000000e+02 5.214232482222094234e-01 4.785767517777400615e-01
9.000000000000000000e+02 4.691201729458280290e-01 5.308798270541261743e-01
9.025000000000000000e+02 4.334825855499057079e-01 5.665174144500483289e-01
9.050000000000000000e+02 4.395371992765042535e-01 5.604628007234447873e-01
9.075000000000000000e+02 4.898565071621215905e-01 5.101434928378318912e-01
9.100000000000000000e+02 5.585992134957726840e-01 4.414007865041773560e-01
9.125000000000000000e+02 6.053405061474412818e-01 3.946594938525112006e-01
9.150000000000000000e+02 5.956501064419688074e-01 4.043498935579822873e-01
9.175000000000000000e+02 5.273910537376657048e-01 4.726089462622849457e-01
9.200000000000000000e+02 4.377347876177629660e-01 5.622652123821858527e-01
9.225000000000000000e+02 3.800360235275611620e-01 6.199639764723886559e-01
9.250000000000000000e+02 3.944074881167835556e-01 6.055925118831668730e-01
9.275000000000000000e+02 4.779580108182643894e-01 5.220419891816847624e-01
9.300000000000000000e+02 5.834295211301611106e-01 4.165704788697919270e-01
9.325000000000000000e+02 6.508207473356155681e-01 3.491792526643351380e-01
9.350000000000000000e+02 6.382054724203547469e-01 3.617945275795958482e-01
9.375000000000000000e+02 5.492877730420390181e-01 4.507122269579142970e-01
9.400000000000000000e+02 4.322194682577281677e-01 5.677805317422202069e-01
9.425000000000000000e+02 3.492698809356581391e-01 6.507301190642924560e-01
9.450000000000000000e+02 3.495043016483790344e-01 6.504956983515728375e-01
9.475000000000000000e+02 4.382661162834378676e-01 5.617338837165141152e-01
9.500000000000000000e+02 5.714772314253142582e-01 4.285227685746348381e-01
9.525000000000000000e+02 6.798937638780329085e-01 3.201062361219162988e-01
9.550000000000000000e+02 6.982026295681453831e-01 3.017973704318024919e-01
9.575000000000000000e+02 6.081570609500994706e-01 3.918429390498506248e-01
9.600000000000000000e+02 4.537065966097387770e-01 5.462934033902079323e-01
9.625000000000000000e+02 3.169495488467687361e-01 6.830504511531774181e-01
9.650000000000000000e+02 2.802738510520065840e-01 7.197261489479385155e-01
9.675000000000000000e+02 3.702824911407004427e-01 6.297175088592479320e-01
9.700000000000000000e+02 5.401093287790137421e-01 4.598906712209329117e-01
9.725000000000000000e+02 6.983489739838155685e-01 3.016510260161308077e-01
9.750000000000000000e+02 7.529663626738722915e-01 2.470336373260766938e-01
9.775000000000000000e+02 6.715174941960566635e-01 3.284825058038902679e-01
9.800000000000000000e+02 4.972212644043611518e-01 5.027787355955848358e-01
9.825000000000000000e+02 3.212426894536660749e-01 6.787573105462815226e-01
9.850000000000000000e+02 2.419967127990318434e-01 7.580032872009180300e-01
9.875000000000000000e+02 3.043866591461371618e-01 6.956133408538096585e-01
9.900000000000000000e+02 4.789876852621527958e-01 5.210123147377991870e-01
9.925000000000000000e+02 6.783026140438609408e-01 3.216973859560871007e-01
9.950000000000000000e+02 7.916745030896759072e-01 2.083254969102736887e-01
9.975000000000000000e+02 7.536003358622013204e-01 2.463996641377476648e-01
1.000000000000000000e+03 5.772548742941563393e-01 4.227451257057912581e-01
1.002500000000000000e+03 3.508794373722530779e-01 6.491205626276934648e-01
1.005000000000000000e+03 2.019386323552151419e-01 7.980613676447337879e-01
1.007500000000000000e+03 2.153704969113948708e-01 7.846295030885526156e-01
1.010000000000000000e+03 3.894984765377738078e-01 6.105015234621717912e-01
1.012500000000000000e+03 6.340552762311133517e-01 3.659447237688313592e-01
1.015000000000000000e+03 8.108291068806789959e-01 1.891708931192593035e-01
1.017500000000000000e+03 8.230505868425763705e-01 1.769494131573680629e-01
1.020000000000000000e+03 6.615792876568520331e-01 3.384207123430925113e-01
1.022500000000000000e+03 4.104743369033654332e-01 5.895256630965806099e-01
1.025000000000000000e+03 2.086937666702851357e-01 7.913062333296558837e-01
1.027500000000000000e+03 1.632198485355295658e-01 8.367801514644166438e-01
1.030000000000000000e+03 3.021307136188117748e-01 6.978692863811337688e-01
1.032500000000000000e+03 5.570252217322745336e-01 4.429747782676698997e-01
1.035000000000000000e+03 7.901746337035440160e-01 2.098253662964002231e-01
1.037500000000000000e+03 8.779370393062024824e-01 1.220629606937453648e-01
1.040000000000000000e+03 7.658972661836354057e-01 2.341027338163116367e-01
1.042500000000000000e+03 5.060316080388439497e-01 4.939683919611030927e-01
1.045000000000000000e+03 2.393317384287490246e-01 7.606682615711982676e-01
1.047500000000000000e+03 1.089397375281248997e-01 8.910602624718276799e-01
1.050000000000000000e+03 1.928444663311072726e-01 8.071555336688380766e-01
1.052500000000000000e+03 4.509105053786524042e-01 5.490894946212874217e-01
1.055000000000000000e+03 7.399734788708940414e-01 2.600265211290494483e-01
1.057500000000000000e+03 9.050645138479663787e-01 9.493548615197937302e-02
1.060000000000000000e+03 8.521613863973597214e-01 1.478386136025832687e-01
1.062500000000000000e+03 6.082228239856874996e-01 3.917771760142573778e-01
1.065000000000000000e+03 3.083957335761362550e-01 6.916042664238108983e-01
1.067500000000000000e+03 1.102552119669454322e-01 8.897447880330006109e-01
1.070000000000000000e+03 1.239285359186810404e-01 8.760714640812673482e-01
1.072500000000000000e+03 3.445710669646825375e-01 6.554289330352668363e-01
1.075000000000000000e+03 6.539303028665121031e-01 3.460696971334402683e-01
1.077500000000000000e+03 8.921161957193615155e-01 1.078838042805896902e-01
1.080000000000000000e+03 9.258614651281743546e-01 7.413853487177614332e-02
1.082500000000000000e+03 7.320454084933565309e-01 2.679545915065944528e-01
1.085000000000000000e+03 4.124742723418352019e-01 5.875257276581181687e-01
1.087500000000000000e+03 1.335765402717539185e-01 8.664234597281956773e-01
1.090000000000000000e+03 5.286121155179059755e-02 9.471387884481636821e-01
1.092500000000000000e+03 2.172846738639875042e-01 7.827153261359672820e-01
1.095000000000000000e+03 5.377747646574020379e-01 4.622252353425497784e-01
1.097500000000000000e+03 8.444000102268551800e-01 1.555999897731012160e-01
1.100000000000000000e+03 9.648812502902160970e-01 3.511874970973247884e-02
1.102500000000000000e+03 8.348573316430174529e-01 1.651426683569344744e-01
1.105000000000000000e+03 5.270211435249561038e-01 4.729788564749947133e-01
1.107500000000000000e+03 2.038666193650631731e-01 7.961333806348874775e-01
1.110000000000000000e+03 4.385676037237214164e-02 9.561432396275791890e-01
1.112500000000000000e+03 1.307335072252235331e-01 8.692664927747277837e-01
1.115000000000000000e+03 4.179702922325886361e-01 5.820297077673619590e-01
1.117500000000000000e+03 7.579100583427275106e-01 2.420899416572217522e-01
1.120000000000000000e+03 9.646506724120680332e-01 3.534932758788462970e-02
1.122500000000000000e+03 9.282058499031273779e-01 7.179415009682231508e-02
1.125000000000000000e+03 6.643298075276605763e-01 3.356701924722931274e-01
1.127500000000000000e+03 3.075924571389107021e-01 6.924075428610412253e-01
1.130000000000000000e+03 5.491604797509978125e-02 9.450839520248526249e-01
1.132500000000000000e+03 4.185585736528414647e-02 9.581441426346702928e-01
1.135000000000000000e+03 2.783940029423611073e-01 7.216059970576000904e-01
1.137500000000000000e+03 6.403032626084650403e-01 3.596967373914958244e-01
1.140000000000000000e+03 9.251798323578862560e-01 7.482016764207038984e-02
1.142500000000000000e+03 9.817844865948545108e-01 1.821551340510334238e-02
1.145000000000000000e+03 7.796260042269024249e-01 2.203739957730610211e-01
1.147500000000000000e+03 4.270470839779845207e-01 5.729529160219791750e-01
1.150000000000000000e+03 1.200127646319959773e-01 8.799872353679671910e-01
1.152500000000000000e+03 1.862831072521315551e-02 9.813716892747464948e-01
1.155000000000000000e+03 1.776388200521615002e-01 8.223611799478016682e-01
1.157500000000000000e+03 5.143011376897059783e-01 4.856988623102589386e-01
1.160000000000000000e+03 8.451226658026961269e-01 1.548773341972649042e-01
1.162500000000000000e+03 9.984763842972432801e-01 1.523615702720482580e-03
1.165000000000000000e+03 8.886575978087847272e-01 1.113424021911775530e-01
1.167500000000000000e+03 5.700379976514018399e-01 4.299620023485645204e-01
1.170000000000000000e+03 2.161888552021684062e-01 7.838111447977978985e-01
1.172500000000000000e+03 1.302684031542377004e-02 9.869731596845470190e-01
1.175000000000000000e+03 7.479822462573977593e-02 9.252017753742290962e-01
1.177500000000000000e+03 3.699038227657009958e-01 6.300961772342648093e-01
1.180000000000000000e+03 7.335742228379292795e-01 2.664257771620424098e-01
1.182500000000000000e+03 9.726000384983910507e-01 2.739996150157975041e-02
1.185000000000000000e+03 9.547155926104308188e-01 4.528440738953896927e-02
1.187500000000000000e+03 6.920928057436825931e-01 3.079071942562910946e-01
1.190000000000000000e+03 3.331162417596275072e-01 6.668837582403490671e-01
1.192500000000000000e+03 6.683748707518358256e-02 9.331625129247906880e-01
1.195000000000000000e+03 3.821530308537762766e-02 9.617846969145956715e-01
1.197500000000000000e+03 2.598014010495633408e-01 7.401985989504092922e-01
1.200000000000000000e+03 6.091828580714155894e-01 3.908171419285595416e-01
1.202500000000000000e+03 9.055292852078643540e-01 9.447071479211600897e-02
1.205000000000000000e+03 9.873182784448601979e-01 1.268172155511445437e-02
1.207500000000000000e+03 8.114946630386835613e-01 1.885053369612912089e-01
1.210000000000000000e+03 4.732131119503976135e-01 5.267868880495841788e-01
1.212500000000000000e+03 1.484249294098628214e-01 8.515750705901150575e-01
1.215000000000000000e+03 1.684107266547864301e-02 9.831589273345024971e-01
1.217500000000000000e+03 1.481079677561447094e-01 8.518920322438312542e-01
1.220000000000000000e+03 4.685908383822119383e-01 5.314091616177621935e-01
1.222500000000000000e+03 8.073997244222629321e-01 1.926002755777073971e-01
1.225000000000000000e+03 9.755829979643879657e-01 2.441700203559383359e-02
1.227500000000000000e+03 8.866593509833845532e-01 1.133406490165912578e-01
1.230000000000000000e+03 5.942855873335468608e-01 4.057144126664324890e-01
1.232500000000000000e+03 2.555838464448207392e-01 7.444161535551592213e-01
1.235000000000000000e+03 5.747978569408913885e-02 9.425202143058902804e-01
1.237500000000000000e+03 1.002138069379236718e-01 8.997861930620513204e-01
1.240000000000000000e+03 3.566926560235019195e-01 6.433073439764818158e-01
1.242500000000000000e+03 6.920858957790995136e-01 3.079141042208796142e-01
1.245000000000000000e+03 9.237499713052638173e-01 7.625002869471891875e-02
1.247500000000000000e+03 9.330409120120225497e-01 6.695908798796233741e-02
1.250000000000000000e+03 7.155905242314624104e-01 2.844094757685245445e-01
1.252500000000000000e+03 3.844909031394591059e-01 6.155090968605241297e-01
1.255000000000000000e+03 1.217886024213425122e-01 8.782113975786399740e-01
1.257500000000000000e+03 6.502476176050291101e-02 9.349752382394735939e-01
1.260000000000000000e+03 2.446247816298822431e-01 7.553752183700918055e-01
1.262500000000000000e+03 5.636335939706696996e-01 4.363664060293090952e-01
1.265000000000000000e+03 8.426292032051014846e-01 1.573707967948745901e-01
1.267500000000000000e+03 9.347215490454728881e-01 6.527845095449476276e-02
1.270000000000000000e+03 7.927530794426081995e-01 2.072469205573647111e-01
1.272500000000000000e+03 4.971305813526711304e-01 5.028694186473003924e-01
1.275000000000000000e+03 2.146966751072711954e-01 7.853033248927019372e-01
1.277500000000000000e+03 9.195764527616151485e-02 9.080423547238158921e-01
1.280000000000000000e+03 1.915929018719793042e-01 8.084070981279978252e-01
1.282500000000000000e+03 4.570499116977702059e-01 5.429500883022062574e-01
1.285000000000000000e+03 7.414725221346467610e-01 2.585274778653309236e-01
1.287500000000000000e+03 8.989777544815843457e-01 1.010222455183993479e-01
1.290000000000000000e+03 8.461438467454195367e-01 1.538561532545604238e-01
1.292500000000000000e+03 6.123012513800490941e-01 3.876987486199325872e-01
1.295000000000000000e+03 3.264243132199506903e-01 6.735756867800332115e-01
1.297500000000000000e+03 1.377146616516694289e-01 8.622853383483141121e-01
1.300000000000000000e+03 1.493479825781204862e-01 8.506520174218651364e-01
1.302500000000000000e+03 3.527352165012493934e-01 6.472647834987418358e-01
1.305000000000000000e+03 6.316357309608728876e-01 3.683642690391151220e-01
1.307500000000000000e+03 8.367637870688122703e-01 1.632362129311763499e-01
1.310000000000000000e+03 8.558313436491178372e-01 1.441686563508695063e-01
1.312500000000000000e+03 6.844928531066321042e-01 3.155071468933581258e-01
1.315000000000000000e+03 4.240353734092376370e-01 5.759646265907478746e-01
1.317500000000000000e+03 2.137731398175090891e-01 7.862268601824815573e-01
1.320000000000000000e+03 1.665630487453453323e-01 8.334369512546433434e-01
1.322500000000000000e+03 3.006105289267161917e-01 6.993894710732698750e-01
1.325000000000000000e+03 5.372977574368411613e-01 4.627022425631460711e-01
1.327500000000000000e+03 7.528339160889118142e-01 2.471660839110750851e-01
1.330000000000000000e+03 8.322250371975964400e-01 1.677749628023936235e-01
1.332500000000000000e+03 7.382141522969186687e-01 2.617858477030658992e-01
1.335000000000000000e+03 5.249323156316777483e-01 4.750676843683126482e-01
1.337500000000000000e+03 3.043909516176449004e-01 6.956090483823438309e-01
1.340000000000000000e+03 1.974864704708022556e-01 8.025135295291881965e-01
1.342500000000000000e+03 2.581931391393986197e-01 7.418068608605874470e-01
1.345000000000000000e+03 4.492280981917176619e-01 5.507719018082726237e-01
1.347500000000000000e+03 6.658571594487953105e-01 3.341428405511940869e-01
1.350000000000000000e+03 7.861811106635856472e-01 2.138188893364031395e-01
1.352500000000000000e+03 7.499249740807047981e-01 2.500750259192834890e-01
1.355000000000000000e+03 5.842023443246389114e-01 4.157976556753503750e-01
1.357500000000000000e+03 3.827150040207963344e-01 6.172849959791887331e-01
1.360000000000000000e+03 2.580666544829768316e-01 7.419333455170076252e-01
1.362500000000000000e+03 2.704874174712220691e-01 7.295125825287676058e-01
1.365000000000000000e+03 4.056565491980295146e-01 5.943434508019546092e-01
1.367500000000000000e+03 5.882753211324547316e-01 4.117246788675314462e-01
1.370000000000000000e+03 7.187159494511331514e-01 2.812840505488497511e-01
1.372500000000000000e+03 7.335970315475970338e-01 2.664029684523862018e-01
1.375000000000000000e+03 6.295539218315422403e-01 3.704460781684394410e-01
1.377500000000000000e+03 4.636339028212855817e-01 5.363660971786988751e-01
1.380000000000000000e+03 3.276526602451902970e-01 6.723473397547967689e-01
1.382500000000000000e+03 2.915109892634416000e-01 7.084890107365403589e-01
1.385000000000000000e+03 3.721584294856169484e-01 6.278415705143685077e-01
1.387500000000000000e+03 5.225808219072169969e-01 4.774191780927665718e-01
1.390000000000000000e+03 6.551352752518263545e-01 3.448647247481577138e-01
1.392500000000000000e+03 6.992186219679183967e-01 3.007813780320625630e-01
1.395000000000000000e+03 6.349740666511169973e-01 3.650259333488640734e-01
1.397500000000000000e+03 5.042336865341030538e-01 4.957663134658825688e-01
1.400000000000000000e+03 3.853148753834969575e-01 6.146851246164846128e-01
1.402500000000000000e+03 3.401123804931767691e-01 6.598876195068067441e-01
1.405000000000000000e+03 3.868897170040638267e-01 6.131102829959194089e-01
1.407500000000000000e+03 4.930998829101700398e-01 5.069001170898136399e-01
1.410000000000000000e+03 5.964606867761761411e-01 4.035393132238071501e-01
1.412500000000000000e+03 6.452064838634019583e-01 3.547935161365780021e-01
1.415000000000000000e+03 6.181373783194900051e-01 3.818626216804944518e-01
1.417500000000000000e+03 5.345556523006971261e-01 4.654443476992862205e-01
1.420000000000000000e+03 4.429688719762160387e-01 5.570311280237671969e-01
1.422500000000000000e+03 3.912919782362326293e-01 6.087080217637549362e-01
1.425000000000000000e+03 4.061401091419801768e-01 5.938598908579999502e-01
1.427500000000000000e+03 4.759157059256062805e-01 5.240842940743793976e-01
1.430000000000000000e+03 5.569497775130789474e-01 4.430502224869064531e-01
1.432500000000000000e+03 6.025834901709696823e-01 3.974165098290208253e-01
1.435000000000000000e+03 5.879007311222427257e-01 4.120992688777426194e-01
1.437500000000000000e+03 5.265993235975969800e-01 4.734006764023864222e-01
1.440000000000000000e+03 4.608913942079554404e-01 5.391086057920280172e-01
1.442500000000000000e+03 4.301734789436231776e-01 5.698265210563616678e-01
1.445000000000000000e+03 4.490365940008659851e-01 5.509634059991173061e-01
1.447500000000000000e+03 4.995308063282856703e-01 5.004691936716980649e-01
1.450000000000000000e+03 5.460084847646863304e-01 4.539915152352974603e-01
1.452500000000000000e+03 5.616601372716844010e-01 4.383398627283047189e-01
1.455000000000000000e+03 5.414502146679911476e-01 4.585497853319973061e-01
1.457500000000000000e+03 5.022322913694621249e-01 4.977677086305263288e-01
1.460000000000000000e+03 4.704822354457232625e-01 5.295177645542654687e-01
1.462500000000000000e+03 4.647682914543272981e-01 5.352317085456597123e-01
1.465000000000000000e+03 4.877164641057071814e-01 5.122835358942807726e-01
1.467500000000000000e+03 5.248817209623088953e-01 4.751182790376805576e-01
1.470000000000000000e+03 5.515460354699897039e-01 4.484539645299980282e-01
1.472500000000000000e+03 5.485317929083670663e-01 4.514682070916242740e-01
1.475000000000000000e+03 5.141907907748985984e-01 4.858092092250927974e-01
1.477500000000000000e+03 4.682187113909632159e-01 5.317812886090309554e-01
1.480000000000000000e+03 4.429122687987692708e-01 5.570877312012232352e-01
1.482500000000000000e+03 4.596263135491427398e-01 5.403736864508504878e-01
1.485000000000000000e+03 5.123514710941380335e-01 4.876485289058583028e-01
1.487500000000000000e+03 5.691950959469163074e-01 4.308049040530804175e-01
1.490000000000000000e+03 5.901044668660291315e-01 4.098955331339661501e-01
1.492500000000000000e+03 5.570726138735301314e-01 4.429273861264644840e-01
1.495000000000000000e+03 4.874441274625138099e-01 5.125558725374825819e-01
1.497500000000000000e+03 4.224244262197899835e-01 5.775755737802051870e-01
1.500000000000000000e+03 4.041095212518139856e-01 5.958904787481811294e-01
1.502500000000000000e+03 4.463146370287361386e-01 5.536853629712589209e-01
1.505000000000000000e+03 5.269590030612666398e-01 4.730409969387264213e-01
1.507500000000000000e+03 6.028144907307262379e-01 3.971855092692722078e-01
1.510000000000000000e+03 6.293828538836085951e-01 3.706171461163855207e-01
1.512500000000000000e+03 5.884450806352661267e-01 4.115549193647308757e-01
1.515000000000000000e+03 4.978702149969120860e-01 5.021297850030834731e-01
1.517500000000000000e+03 4.028091225777942208e-01 5.971908774222015603e-01
1.520000000000000000e+03 3.586129299218869249e-01 6.413870700781054701e-01
1.522500000000000000e+03 3.958607351860312651e-01 6.041392648139620736e-01
1.525000000000000000e+03 5.009982148499030341e-01 4.990017851500911927e-01
1.527500000000000000e+03 6.202643080579953727e-01 3.797356919419930810e-01
1.530000000000000000e+03 6.821187203368820340e-01 3.178812796631081961e-01
1.532500000000000000e+03 6.453495167577303349e-01 3.546504832422619491e-01
1.535000000000000000e+03 5.246619598010552332e-01 4.753380401989371062e-01
1.537500000000000000e+03 3.840321326721409245e-01 6.159678673278479177e-01
1.540000000000000000e+03 3.064202976987618898e-01 6.935797023012277851e-01
1.542500000000000000e+03 3.382541529528563795e-01 6.617458470471370147e-01
1.545000000000000000e+03 4.651049639682630632e-01 5.348950360317304975e-01
1.547500000000000000e+03 6.209709267933480881e-01 3.790290732066419199e-01
1.550000000000000000e+03 7.186162034435584767e-01 2.813837965564381927e-01
1.552500000000000000e+03 7.043222686438679325e-01 2.956777313561250731e-01
1.555000000000000000e+03 5.820749015037283147e-01 4.179250984962670223e-01
1.557500000000000000e+03 4.118426102024944635e-01 5.881573897974987641e-01
1.560000000000000000e+03 2.863355474418539104e-01 7.136644525581357090e-01
1.562500000000000000e+03 2.750606846041995235e-01 7.249393153957923719e-01
1.565000000000000000e+03 3.913677357017501524e-01 6.086322642982353592e-01
1.567500000000000000e+03 5.799418321251065267e-01 4.200581678748809278e-01
1.570000000000000000e+03 7.361563970968095783e-01 2.638436029031760999e-01
1.572500000000000000e+03 7.714357411435917022e-01 2.285642588563961963e-01
1.575000000000000000e+03 6.583075569952306916e-01 3.416924430047583172e-01
1.577500000000000000e+03 4.521743224881087375e-01 5.478256775118778288e-01
1.580000000000000000e+03 2.689927680576761349e-01 7.310072319423137621e-01
1.582500000000000000e+03 2.102707931063470537e-01 7.897292068936389020e-01
1.585000000000000000e+03 3.130678371046293762e-01 6.869321628953591885e-01
1.587500000000000000e+03 5.254459731973377679e-01 4.745540268026529063e-01
1.590000000000000000e+03 7.300014172119435596e-01 2.699985827880439504e-01
1.592500000000000000e+03 8.184229616874111324e-01 1.815770383125772658e-01
1.595000000000000000e+03 7.398672820581857490e-01 2.601327179418032043e-01
1.597500000000000000e+03 5.321902913576430638e-01 4.678097086423457784e-01
1.600000000000000000e+03 3.067839256321672758e-01 6.932160743678237314e-01
1.602500000000000000e+03 1.813323295853705441e-01 8.186676704146188532e-01
1.605000000000000000e+03 2.291015695956206688e-01 7.708984304043700053e-01
1.607500000000000000e+03 4.315074512762758219e-01 5.684925487237053598e-01
1.610000000000000000e+03 6.807108989711030400e-01 3.192891010288844145e-01
1.612500000000000000e+03 8.440260445103915377e-01 1.559739554895892832e-01
1.615000000000000000e+03 8.244278277341055006e-01 1.755721722658843409e-01
1.617500000000000000e+03 6.254333333587774879e-01 3.745666666412069135e-01
1.620000000000000000e+03 3.549674648480173333e-01 6.450325351519691219e-01
1.622500000000000000e+03 1.580032934431622182e-01 8.419967065568205733e-01
1.625000000000000000e+03 1.482040233375591098e-01 8.517959766624226825e-01
1.627500000000000000e+03 3.339150410505630218e-01 6.660849589494204359e-01
1.630000000000000000e+03 6.132593626640765461e-01 3.867406373359082994e-01
1.632500000000000000e+03 8.393458719696100800e-01 1.606541280303750985e-01
1.635000000000000000e+03 8.867702643442330057e-01 1.132297356557531581e-01
1.637500000000000000e+03 7.294550585071025717e-01 2.705449414928837726e-01
1.640000000000000000e+03 4.517674801220871172e-01 5.482325198778974507e-01
1.642500000000000000e+03 1.966579280354237846e-01 8.033420719645667507e-01
1.645000000000000000e+03 1.050036136553833960e-01 8.949963863446035450e-01
1.647500000000000000e+03 2.286962469944038290e-01 7.713037530055868451e-01
1.650000000000000000e+03 5.046638320553932244e-01 4.953361679445973387e-01
1.652500000000000000e+03 7.905622809908035009e-01 2.094377190091857854e-01
1.655000000000000000e+03 9.254745206829994020e-01 7.452547931699646244e-02
1.657500000000000000e+03 8.322360271302891022e-01 1.677639728697024324e-01
1.660000000000000000e+03 5.574303711528215688e-01 4.425696288471719919e-01
1.662500000000000000e+03 2.449266602417760619e-01 7.550733397582168882e-01
1.665000000000000000e+03 7.088270563674266278e-02 9.291172943632439729e-01
1.667500000000000000e+03 1.303485183295826355e-01 8.696514816704038475e-01
1.670000000000000000e+03 3.919302194163895581e-01 6.080697805835962866e-01
1.672500000000000000e+03 7.180989974456850611e-01 2.819010025543055020e-01
1.675000000000000000e+03 9.284059317951325330e-01 7.159406820485600398e-02
1.677500000000000000e+03 9.129762110056047764e-01 8.702378899438308058e-02
1.680000000000000000e+03 6.801678405371558434e-01 3.198321594628316111e-01
1.682500000000000000e+03 3.502614857225709311e-01 6.497385142774171340e-01
1.685000000000000000e+03 1.033015020273611029e-01 8.966984979726291272e-01
1.687500000000000000e+03 6.880173505703993109e-02 9.311982649429493275e-01
1.690000000000000000e+03 2.689654672656128787e-01 7.310345327343674704e-01
1.692500000000000000e+03 6.027992773014481109e-01 3.972007226985381223e-01
1.695000000000000000e+03 8.868797978141099714e-01 1.131202021858730283e-01
1.697500000000000000e+03 9.688184635967233005e-01 3.118153640326756446e-02
1.700000000000000000e+03 7.981239403271359611e-01 2.018760596728480516e-01
1.702500000000000000e+03 4.613257445231394582e-01 5.386742554768513269e-01
1.705000000000000000e+03 1.456280677179310756e-01 8.543719322820583217e-01
1.707500000000000000e+03 1.991898484325025503e-02 9.800810151567346251e-01
1.710000000000000000e+03 1.557376272223023050e-01 8.442623727776830123e-01
1.712500000000000000e+03 4.815530391878641292e-01 5.184469608121233808e-01
1.715000000000000000e+03 8.163480281439055020e-01 1.836519718560832293e-01
1.717500000000000000e+03 9.849032044306016420e-01 1.509679556938383661e-02
1.720000000000000000e+03 8.957831833367744245e-01 1.042168166632090887e-01
1.722500000000000000e+03 5.966497559414805085e-01 4.033502440585104432e-01
1.725000000000000000e+03 2.515095220914026486e-01 7.484904779085848059e-01
1.727500000000000000e+03 3.922230014566546741e-02 9.607776998543221536e-01
1.730000000000000000e+03 7.668164515893491351e-02 9.233183548410429653e-01
1.732500000000000000e+03 3.464779950041151912e-01 6.535220049958626598e-01
1.735000000000000000e+03 7.022115182823756019e-01 2.977884817176046361e-01
1.737500000000000000e+03 9.573937347228431705e-01 4.260626527713742839e-02
1.740000000000000000e+03 9.679578264644770336e-01 3.204217353550174729e-02
1.742500000000000000e+03 7.246672976193389015e-01 2.753327023806378393e-01
1.745000000000000000e+03 3.608903456655504494e-01 6.391096543344306768e-01
1.747500000000000000e+03 6.942311009947699230e-02 9.305768899005065764e-01
1.750000000000000000e+03 1.365745819386658677e-02 9.863425418061203542e-01
1.752500000000000000e+03 2.229742508803176926e-01 7.770257491196690403e-01
1.755000000000000000e+03 5.798690369686179125e-01 4.201309630313644905e-01
1.757500000000000000e+03 8.959548522619409372e-01 1.040451477380478773e-01
1.760000000000000000e+03 9.980885634319173194e-01 1.911436568063236939e-03
1.762500000000000000e+03 8.358823796836787334e-01 1.641176203163062786e-01
1.765000000000000000e+03 5.007931217405729996e-01 4.992068782594087928e-01
1.767500000000000000e+03 1.675032568442856307e-01 8.324967431556968833e-01
1.770000000000000000e+03 1.768258985776323400e-02 9.823174101422150750e-01
1.772500000000000000e+03 1.287982245555618355e-01 8.712017754444187911e-01
1.775000000000000000e+03 4.406365533345336649e-01 5.593634466654474613e-01
1.777500000000000000e+03 7.912710738706325575e-01 2.087289261293503173e-01
1.780000000000000000e+03 9.866918026924648144e-01 1.330819730751207214e-02
1.782500000000000000e+03 9.221212459238631309e-01 7.787875407611739853e-02
1.785000000000000000e+03 6.313913260314022446e-01 3.686086739685776603e-01
1.787500000000000000e+03 2.675766004253535835e-01 7.324233995746296522e-01
1.790000000000000000e+03 3.383947780925197768e-02 9.661605221907265673e-01
1.792500000000000000e+03 5.368336773013770297e-02 9.463166322698408628e-01
1.795000000000000000e+03 3.142202459582568719e-01 6.857797540417225335e-01
1.797500000000000000e+03 6.757248621109841480e-01 3.242751378889943692e-01
1.800000000000000000e+03 9.377065829457247315e-01 6.229341705425258530e-02
1.802500000000000000e+03 9.657857225697716874e-01 3.421427743020320072e-02
1.805000000000000000e+03 7.490389161828713283e-01 2.509610838171030811e-01
1.807500000000000000e+03 4.036230867673694656e-01 5.963769132326076639e-01
1.810000000000000000e+03 1.190756725341930167e-01 8.809243274657817535e-01
1.812500000000000000e+03 4.144432726697946934e-02 9.585556727329916926e-01
1.815000000000000000e+03 2.116362618267738360e-01 7.883637381731948279e-01
1.817500000000000000e+03 5.406364664969287581e-01 4.593635335030392119e-01
1.820000000000000000e+03 8.476405218092484262e-01 1.523594781907222639e-01
1.822500000000000000e+03 9.714835102068951622e-01 2.851648979307564585e-02
1.825000000000000000e+03 8.427272494494015831e-01 1.572727505505712164e-01
1.827500000000000000e+03 5.288601264180818884e-01 4.711398735818910222e-01
1.830000000000000000e+03 2.050116657735503445e-01 7.949883342264216779e-01
1.832500000000000000e+03 4.275789940255045329e-02 9.572421005974204311e-01
1.835000000000000000e+03 1.307969144596396460e-01 8.692030855403322098e-01
1.837500000000000000e+03 4.190750160100126243e-01 5.809249839899570667e-01
1.840000000000000000e+03 7.446662584433749732e-01 2.553337415565899438e-01
1.842500000000000000e+03 9.370235610329090692e-01 6.297643896706059397e-02
1.845000000000000000e+03 8.945857902355298652e-01 1.054142097644428511e-01
1.847500000000000000e+03 6.454845087941585291e-01 3.545154912058133267e-01
1.850000000000000000e+03 3.299096452187191275e-01 6.700903547812576688e-01
1.852500000000000000e+03 1.113729368958931432e-01 8.886270631040832368e-01
1.855000000000000000e+03 1.065200860110460668e-01 8.934799139889245678e-01
1.857500000000000000e+03 3.150272781833227120e-01 6.849727218166465903e-01
1.860000000000000000e+03 6.213081794636847732e-01 3.786918205362841960e-01
1.862500000000000000e+03 8.654911254147525934e-01 1.345088745852102419e-01
1.865000000000000000e+03 9.131227661975753751e-01 8.687723380239600890e-02
1.867500000000000000e+03 7.396332460208199233e-01 2.603667539791468810e-01
1.870000000000000000e+03 4.423861253992764642e-01 5.576138746006942259e-01
1.872500000000000000e+03 1.795988684010271785e-01 8.204011315989379050e-01
1.875000000000000000e+03 9.713059233886588151e-02 9.028694076610966901e-01
1.877500000000000000e+03 2.352680667390248948e-01 7.647319332609449072e-01
1.880000000000000000e+03 5.123330604191991267e-01 4.876669395807670115e-01
1.882500000000000000e+03 7.793247218016625677e-01 2.206752781983032929e-01
1.885000000000000000e+03 8.904106113856802285e-01 1.095893886142844525e-01
1.887500000000000000e+03 7.938192739543085130e-01 2.061807260456523516e-01
1.890000000000000000e+03 5.494855435462151494e-01 4.505144564537448271e-01
1.892500000000000000e+03 2.877267318528403117e-01 7.122732681471219962e-01
1.895000000000000000e+03 1.501290248375851955e-01 8.498709751623706454e-01
1.897500000000000000e+03 2.037268731480329498e-01 7.962731268519219752e-01
1.900000000000000000e+03 4.154560687203965319e-01 5.845439312795586151e-01
1.902500000000000000e+03 6.736267741197652370e-01 3.263732258801897990e-01
1.905000000000000000e+03 8.365912750596117275e-01 1.634087249403446407e-01
1.907500000000000000e+03 8.202160093377481864e-01 1.797839906622126505e-01
1.910000000000000000e+03 6.353444265892090881e-01 3.646555734107467805e-01
1.912500000000000000e+03 3.816366013432722082e-01 6.183633986566852148e-01
1.915000000000000000e+03 2.015140746162130680e-01 7.984859253837408577e-01
1.917500000000000000e+03 1.887037727664548359e-01 8.112962272334987013e-01
1.920000000000000000e+03 3.454669218553531596e-01 6.545330781446062618e-01
1.922500000000000000e+03 5.831658045266753243e-01 4.168341954732845966e-01
1.925000000000000000e+03 7.674969987414924644e-01 2.325030012584614891e-01
1.927500000000000000e+03 8.052238899690136176e-01 1.947761100309412241e-01
1.930000000000000000e+03 6.833510430742947284e-01 3.166489569256621950e-01
1.932500000000000000e+03 4.726259509681261517e-01 5.273740490318317153e-01
1.935000000000000000e+03 2.906499459672489682e-01 7.093500540327055681e-01
1.937500000000000000e+03 2.285448811603005281e-01 7.714551188396567838e-01
1.940000000000000000e+03 3.147346366302820053e-01 6.852653633696731417e-01
1.942500000000000000e+03 5.002826780796719719e-01 4.997173219202823979e-01
1.945000000000000000e+03 6.822296070147626512e-01 3.177703929851926068e-01
1.947500000000000000e+03 7.666792213906061804e-01 2.333207786093492719e-01
1.950000000000000000e+03 7.092525576817693134e-01 2.907474423181870549e-01
1.952500000000000000e+03 5.430635565640568041e-01 4.569364434359016736e-01
1.955000000000000000e+03 3.632387440973566251e-01 6.367612559026021302e-01
1.957500000000000000e+03 2.658307823226562783e-01 7.341692176773008116e-01
1.960000000000000000e+03 3.023371167427154060e-01 6.976628832572435712e-01
1.962500000000000000e+03 4.471583029374650020e-01 5.528416970624985272e-01
1.965000000000000000e+03 6.136159629601105614e-01 3.863840370398498036e-01
1.967500000000000000e+03 7.125925812437328144e-01 2.874074187562313809e-01
1.970000000000000000e+03 6.945666797395141367e-01 3.054333202604480602e-01
1.972500000000000000e+03 5.778905220205421411e-01 4.221094779794178908e-01
1.975000000000000000e+03 4.332810847657826425e-01 5.667189152341783887e-01
1.977500000000000000e+03 3.363965666931370557e-01 6.636034333068229207e-01
1.980000000000000000e+03 3.352730306908699442e-01 6.647269693090891440e-01
1.982500000000000000e+03 4.240820320709146607e-01 5.759179679290429288e-01
1.985000000000000000e+03 5.503060264913942623e-01 4.496939735085636602e-01
1.987500000000000000e+03 6.478256521917238331e-01 3.521743478082326462e-01
1.990000000000000000e+03 6.649498366083407275e-01 3.350501633916185273e-01
1.992500000000000000e+03 5.958587021227260694e-01 4.041412978772337961e-01
1.995000000000000000e+03 4.824742602281404946e-01 5.175257397718187047e-01
1.997500000000000000e+03 3.877678631685688160e-01 6.122321368313895507e-01
2.000000000000000000e+03 3.648847990684493947e-01 6.351152009315145230e-01
