0.000000000000000000e+00 0.000000000000000000e+00
2.500000000000000000e+00 9.584635192802595341e-06
5.000000000000000000e+00 1.292674994877884723e-04
7.500000000000000000e+00 4.917733702515254390e-04
1.000000000000000000e+01 1.039866432544684499e-03
1.250000000000000000e+01 1.511848513160641248e-03
1.500000000000000000e+01 1.674485874353296008e-03
1.750000000000000000e+01 1.544779106880385215e-03
2.000000000000000000e+01 1.374838081702550513e-03
2.250000000000000000e+01 1.426976044133495408e-03
2.500000000000000000e+01 1.752531492044575754e-03
2.750000000000000000e+01 2.167327326376655011e-03
3.000000000000000000e+01 2.435923492935987162e-03
3.250000000000000000e+01 2.484770484834691352e-03
3.500000000000000000e+01 2.432565953067767749e-03
3.750000000000000000e+01 2.417655900428830780e-03
4.000000000000000000e+01 2.441765680817348499e-03
4.250000000000000000e+01 2.437235010431828847e-03
4.500000000000000000e+01 2.466709526700767725e-03
4.750000000000000000e+01 2.758126122386206271e-03
5.000000000000000000e+01 3.475547863501569999e-03
5.250000000000000000e+01 4.483166481007712194e-03
5.500000000000000000e+01 5.394168169129039299e-03
5.750000000000000000e+01 5.875282852603776543e-03
6.000000000000000000e+01 5.912927399882039921e-03
6.250000000000000000e+01 5.806127385549951676e-03
6.500000000000000000e+01 5.911961266830081767e-03
6.750000000000000000e+01 6.372933732354576185e-03
7.000000000000000000e+01 7.051935657644516596e-03
7.250000000000000000e+01 7.702570356475919693e-03
7.500000000000000000e+01 8.183215514574484345e-03
7.750000000000000000e+01 8.501618303860076706e-03
8.000000000000000000e+01 8.690621721648887285e-03
8.250000000000000000e+01 8.725578024519649659e-03
8.500000000000000000e+01 8.625959616796545146e-03
8.750000000000000000e+01 8.600131611243892749e-03
9.000000000000000000e+01 8.977088885284452771e-03
9.250000000000000000e+01 9.917069488497659568e-03
9.500000000000000000e+01 1.119600834069889306e-02
9.750000000000000000e+01 1.231818949531697169e-02
1.000000000000000000e+02 1.288056468616412785e-02
1.025000000000000000e+02 1.287246645198035500e-02
1.050000000000000000e+02 1.266235647472402359e-02
1.075000000000000000e+02 1.269736974798320317e-02
1.100000000000000000e+02 1.317964009732901752e-02
1.125000000000000000e+02 1.398381960939376958e-02
1.150000000000000000e+02 1.483644843365733781e-02
1.175000000000000000e+02 1.553408243250986934e-02
1.200000000000000000e+02 1.599404825706851260e-02
1.225000000000000000e+02 1.617239356653311921e-02
1.250000000000000000e+02 1.604414024466274333e-02
1.275000000000000000e+02 1.571852073828409677e-02
1.300000000000000000e+02 1.551834597589598144e-02
1.325000000000000000e+02 1.582784329971620788e-02
1.350000000000000000e+02 1.677649803038275267e-02
1.375000000000000000e+02 1.805933190483767145e-02
1.400000000000000000e+02 1.910415517448521214e-02
1.425000000000000000e+02 1.947870573522475848e-02
1.450000000000000000e+02 1.920727450126443608e-02
1.475000000000000000e+02 1.873366972418224335e-02
1.500000000000000000e+02 1.856761740636038785e-02
1.525000000000000000e+02 1.892743296266142031e-02
1.550000000000000000e+02 1.967051277344575300e-02
1.575000000000000000e+02 2.049698225404750218e-02
1.600000000000000000e+02 2.116482428340582186e-02
1.625000000000000000e+02 2.153403756109947137e-02
1.650000000000000000e+02 2.151592284123543877e-02
1.675000000000000000e+02 2.109958878734527130e-02
1.700000000000000000e+02 2.046436844971435964e-02
1.725000000000000000e+02 1.999972707876380290e-02
1.750000000000000000e+02 2.010065741341948362e-02
1.775000000000000000e+02 2.085380497536439004e-02
1.800000000000000000e+02 2.189700074830678092e-02
1.825000000000000000e+02 2.262520166482394346e-02
1.850000000000000000e+02 2.262014251455125510e-02
1.875000000000000000e+02 2.196274619396097402e-02
1.900000000000000000e+02 2.115674066097390088e-02
1.925000000000000000e+02 2.072890367608427528e-02
1.950000000000000000e+02 2.086928911194203470e-02
1.975000000000000000e+02 2.140335139375904722e-02
2.000000000000000000e+02 2.202278999917028565e-02
2.025000000000000000e+02 2.248278848377816691e-02
2.050000000000000000e+02 2.262483607034167579e-02
2.075000000000000000e+02 2.234271628174810259e-02
2.100000000000000000e+02 2.163702515457268868e-02
2.125000000000000000e+02 2.071847414147677882e-02
2.150000000000000000e+02 1.998982692412146212e-02
2.175000000000000000e+02 1.982366563510443852e-02
2.200000000000000000e+02 2.026870493085580413e-02
2.225000000000000000e+02 2.094123087988595394e-02
2.250000000000000000e+02 2.125087164712037568e-02
2.275000000000000000e+02 2.083079339217929274e-02
2.300000000000000000e+02 1.982332945898023294e-02
2.325000000000000000e+02 1.875637852892459573e-02
2.350000000000000000e+02 1.811975800282206520e-02
2.375000000000000000e+02 1.804051378894839033e-02
2.400000000000000000e+02 1.831548743635155047e-02
2.425000000000000000e+02 1.865953918248511312e-02
2.450000000000000000e+02 1.886633049453059069e-02
2.475000000000000000e+02 1.879539100015698017e-02
2.500000000000000000e+02 1.833854469019576341e-02
2.525000000000000000e+02 1.748771209351980896e-02
2.550000000000000000e+02 1.643581904175770922e-02
2.575000000000000000e+02 1.555204259503955785e-02
2.600000000000000000e+02 1.517087195505558393e-02
2.625000000000000000e+02 1.532265246490451677e-02
2.650000000000000000e+02 1.564274474545906263e-02
2.675000000000000000e+02 1.559875000592464422e-02
2.700000000000000000e+02 1.489952865917467707e-02
2.725000000000000000e+02 1.373439114711029474e-02
2.750000000000000000e+02 1.260601554449848963e-02
2.775000000000000000e+02 1.191666048996087648e-02
2.800000000000000000e+02 1.171297876612662978e-02
2.825000000000000000e+02 1.178332844341076734e-02
2.850000000000000000e+02 1.190413797496547507e-02
2.875000000000000000e+02 1.194631210691069617e-02
2.900000000000000000e+02 1.181420192072027246e-02
2.925000000000000000e+02 1.139780353202704197e-02
2.950000000000000000e+02 1.064728450794710096e-02
2.975000000000000000e+02 9.689898750069992836e-03
3.000000000000000000e+02 8.830749932868506985e-03
3.025000000000000000e+02 8.369277217248919862e-03
3.050000000000000000e+02 8.345871944025447589e-03
3.075000000000000000e+02 8.452786421904168179e-03
3.100000000000000000e+02 8.247330591982890424e-03
3.125000000000000000e+02 7.520562456224420822e-03
3.150000000000000000e+02 6.477821990830949332e-03
3.175000000000000000e+02 5.544148752199602563e-03
3.200000000000000000e+02 4.997978164004828090e-03
3.225000000000000000e+02 4.808356743888812269e-03
3.250000000000000000e+02 4.786685956806940694e-03
3.275000000000000000e+02 4.808126814053779487e-03
3.300000000000000000e+02 4.849693694206581515e-03
3.325000000000000000e+02 4.872263126074779030e-03
3.350000000000000000e+02 4.749196169016817702e-03
3.375000000000000000e+02 4.351638893329570594e-03
3.400000000000000000e+02 3.706182762539647884e-03
3.425000000000000000e+02 3.045094687349753863e-03
3.450000000000000000e+02 2.650903961869247039e-03
3.475000000000000000e+02 2.603721666975904875e-03
3.500000000000000000e+02 2.680709817453045662e-03
3.525000000000000000e+02 2.544017093164697724e-03
3.550000000000000000e+02 2.055163987567019089e-03
3.575000000000000000e+02 1.395293924929804112e-03
3.600000000000000000e+02 8.680864126933408821e-04
3.625000000000000000e+02 6.132870547518665724e-04
3.650000000000000000e+02 5.428026874796293205e-04
3.675000000000000000e+02 5.259996192144531261e-04
3.700000000000000000e+02 5.650711365015017229e-04
3.725000000000000000e+02 7.567527002120174586e-04
3.750000000000000000e+02 1.113284427263448988e-03
3.775000000000000000e+02 1.466485352749097304e-03
3.800000000000000000e+02 1.577555796965079016e-03
3.825000000000000000e+02 1.358723479069199507e-03
3.850000000000000000e+02 9.819395809624964586e-04
3.875000000000000000e+02 7.388309584273715369e-04
3.900000000000000000e+02 7.725565844123294910e-04
3.925000000000000000e+02 9.584562247007924777e-04
3.950000000000000000e+02 1.060407310304272268e-03
3.975000000000000000e+02 9.844407828278731089e-04
4.000000000000000000e+02 8.480980918709754915e-04
4.025000000000000000e+02 8.084275752164089184e-04
4.050000000000000000e+02 8.745016248263761532e-04
4.075000000000000000e+02 9.323552392777021986e-04
4.100000000000000000e+02 9.390074663265122936e-04
4.125000000000000000e+02 1.037343401887386683e-03
4.150000000000000000e+02 1.439823324979450916e-03
4.175000000000000000e+02 2.190317653980664112e-03
4.200000000000000000e+02 3.052236621983357451e-03
4.225000000000000000e+02 3.661833543217188000e-03
4.250000000000000000e+02 3.827569314496262216e-03
4.275000000000000000e+02 3.689072477866360035e-03
4.300000000000000000e+02 3.572084699374490722e-03
4.325000000000000000e+02 3.693740584376584059e-03
4.350000000000000000e+02 4.023972324630277313e-03
4.375000000000000000e+02 4.409229976540671864e-03
4.400000000000000000e+02 4.767662108426731771e-03
4.425000000000000000e+02 5.125105651675909008e-03
4.450000000000000000e+02 5.490467556418422365e-03
4.475000000000000000e+02 5.768807623882122107e-03
4.500000000000000000e+02 5.853041042262207422e-03
4.525000000000000000e+02 5.804956358270930289e-03
4.550000000000000000e+02 5.904161102395084383e-03
4.575000000000000000e+02 6.458299647154864230e-03
4.600000000000000000e+02 7.514523673889537438e-03
4.625000000000000000e+02 8.748420342374723865e-03
4.650000000000000000e+02 9.678289442609958743e-03
4.675000000000000000e+02 1.004068614970272943e-02
4.700000000000000000e+02 9.976943438060667871e-03
4.725000000000000000e+02 9.862652037005072148e-03
4.750000000000000000e+02 9.984064561089793510e-03
4.775000000000000000e+02 1.038631829106927314e-02
4.800000000000000000e+02 1.096887551171720106e-02
4.825000000000000000e+02 1.163290236618070954e-02
4.850000000000000000e+02 1.230390420440496263e-02
4.875000000000000000e+02 1.286449739009388853e-02
4.900000000000000000e+02 1.315244864588427376e-02
4.925000000000000000e+02 1.309248219093427611e-02
4.950000000000000000e+02 1.285117032167617905e-02
4.975000000000000000e+02 1.282348533741843079e-02
5.000000000000000000e+02 1.337945706107738011e-02
5.025000000000000000e+02 1.454080171778667982e-02
5.050000000000000000e+02 1.589146984122808900e-02
5.075000000000000000e+02 1.686165736018651121e-02
5.100000000000000000e+02 1.716099433271673150e-02
5.125000000000000000e+02 1.696210740323241678e-02
5.150000000000000000e+02 1.669109421843458646e-02
5.175000000000000000e+02 1.668254905606934846e-02
5.200000000000000000e+02 1.702565418814623935e-02
5.225000000000000000e+02 1.764087194178177304e-02
5.250000000000000000e+02 1.839581837995474950e-02
5.275000000000000000e+02 1.913013708365660787e-02
5.300000000000000000e+02 1.963945324958314698e-02
5.325000000000000000e+02 1.973054767540898327e-02
5.350000000000000000e+02 1.937010947845382858e-02
5.375000000000000000e+02 1.881156314812571298e-02
5.400000000000000000e+02 1.852991166557969166e-02
5.425000000000000000e+02 1.891924856720803710e-02
5.450000000000000000e+02 1.995529017622766840e-02
5.475000000000000000e+02 2.114662977521730713e-02
5.500000000000000000e+02 2.188328327207251373e-02
5.525000000000000000e+02 2.189500823464837417e-02
5.550000000000000000e+02 2.140211639238755181e-02
5.575000000000000000e+02 2.086478422695253743e-02
5.600000000000000000e+02 2.063237112038045565e-02
5.625000000000000000e+02 2.080153489904633390e-02
5.650000000000000000e+02 2.128784226785420189e-02
5.675000000000000000e+02 2.192757669364774759e-02
5.700000000000000000e+02 2.250996772724044373e-02
5.725000000000000000e+02 2.279054345558426120e-02
5.750000000000000000e+02 2.257148409867135858e-02
5.775000000000000000e+02 2.185392048220542033e-02
5.800000000000000000e+02 2.094521521044706916e-02
5.825000000000000000e+02 2.035712025203675196e-02
5.850000000000000000e+02 2.047185878943275084e-02
5.875000000000000000e+02 2.121332604825962309e-02
5.900000000000000000e+02 2.205040044783966938e-02
5.925000000000000000e+02 2.238948351649726679e-02
5.950000000000000000e+02 2.201851415012255619e-02
5.975000000000000000e+02 2.120382382592288922e-02
6.000000000000000000e+02 2.040830333593322138e-02
6.025000000000000000e+02 1.995549568596491352e-02
6.050000000000000000e+02 1.991517232018158792e-02
6.075000000000000000e+02 2.018546743105554403e-02
6.100000000000000000e+02 2.059373755928356822e-02
6.125000000000000000e+02 2.092763076560285110e-02
6.150000000000000000e+02 2.094582340749587615e-02
6.175000000000000000e+02 2.045628123224601039e-02
6.200000000000000000e+02 1.947113147092539506e-02
6.225000000000000000e+02 1.830989533854685339e-02
6.250000000000000000e+02 1.747746683355329636e-02
6.275000000000000000e+02 1.731812186213801605e-02
6.300000000000000000e+02 1.771567444932374211e-02
6.325000000000000000e+02 1.814812990145306046e-02
6.350000000000000000e+02 1.809165952014829201e-02
6.375000000000000000e+02 1.741315127856589776e-02
6.400000000000000000e+02 1.640535184922435261e-02
6.425000000000000000e+02 1.549327606587466363e-02
6.450000000000000000e+02 1.493445740865629104e-02
6.475000000000000000e+02 1.474705822455012194e-02
6.500000000000000000e+02 1.481671017955209571e-02
6.525000000000000000e+02 1.500031587403360608e-02
6.550000000000000000e+02 1.513487746943515538e-02
6.575000000000000000e+02 1.501209200921924114e-02
6.600000000000000000e+02 1.443889593223852616e-02
6.625000000000000000e+02 1.340488241275305387e-02
6.650000000000000000e+02 1.219906735301841058e-02
6.675000000000000000e+02 1.128336539658767769e-02
6.700000000000000000e+02 1.095319624778940543e-02
6.725000000000000000e+02 1.107964384026699500e-02
6.750000000000000000e+02 1.120162447342159910e-02
6.775000000000000000e+02 1.090409040678498934e-02
6.800000000000000000e+02 1.013287064611892094e-02
6.825000000000000000e+02 9.174392500562796038e-03
6.850000000000000000e+02 8.373849153673181001e-03
6.875000000000000000e+02 7.890521574073392289e-03
6.900000000000000000e+02 7.681508919375818617e-03
6.925000000000000000e+02 7.642053809205383470e-03
6.950000000000000000e+02 7.704299045873452996e-03
6.975000000000000000e+02 7.795600459472249062e-03
7.000000000000000000e+02 7.751481527631906218e-03
7.025000000000000000e+02 7.357569205684338053e-03
7.050000000000000000e+02 6.545633761780973725e-03
7.075000000000000000e+02 5.538820605586296242e-03
7.100000000000000000e+02 4.733825428057661031e-03
7.125000000000000000e+02 4.383160945645805245e-03
7.150000000000000000e+02 4.381621440393394969e-03
7.175000000000000000e+02 4.372046633756651417e-03
7.200000000000000000e+02 4.065241604399232739e-03
7.225000000000000000e+02 3.467200975792208897e-03
7.250000000000000000e+02 2.820175237557587169e-03
7.275000000000000000e+02 2.354430857080950720e-03
7.300000000000000000e+02 2.112885140553154729e-03
7.325000000000000000e+02 1.999730726657564326e-03
7.350000000000000000e+02 1.954129222652314316e-03
7.375000000000000000e+02 2.024972295087981711e-03
7.400000000000000000e+02 2.251524900084789227e-03
7.425000000000000000e+02 2.504621923991039775e-03
7.450000000000000000e+02 2.522235570070427337e-03
7.475000000000000000e+02 2.149964453532148337e-03
7.500000000000000000e+02 1.523709410383040528e-03
7.525000000000000000e+02 9.700631448958408351e-04
7.550000000000000000e+02 7.187317018327951277e-04
7.575000000000000000e+02 7.241209459700633216e-04
7.600000000000000000e+02 7.572915713976227908e-04
7.625000000000000000e+02 6.481639820006020311e-04
7.650000000000000000e+02 4.320843976139319650e-04
7.675000000000000000e+02 2.731521517130067168e-04
7.700000000000000000e+02 2.651615029060610650e-04
7.725000000000000000e+02 3.341066363309390342e-04
7.750000000000000000e+02 3.551587144383201939e-04
7.775000000000000000e+02 3.490889804618159051e-04
7.800000000000000000e+02 5.079003359863672401e-04
7.825000000000000000e+02 9.805437469283433474e-04
7.850000000000000000e+02 1.650387742665249948e-03
7.875000000000000000e+02 2.184236357248373669e-03
7.900000000000000000e+02 2.327133197652957695e-03
7.925000000000000000e+02 2.124165989279331538e-03
7.950000000000000000e+02 1.843809638990596186e-03
7.975000000000000000e+02 1.720402602078332718e-03
8.000000000000000000e+02 1.793057148357020706e-03
8.025000000000000000e+02 1.961310971127253229e-03
8.050000000000000000e+02 2.147938192364634482e-03
8.075000000000000000e+02 2.384237110269691803e-03
8.100000000000000000e+02 2.733838446601928769e-03
8.125000000000000000e+02 3.149957348316987336e-03
8.150000000000000000e+02 3.458405437602231694e-03
8.175000000000000000e+02 3.538856489066648237e-03
8.200000000000000000e+02 3.524175734440546191e-03
8.225000000000000000e+02 3.753189995229312681e-03
8.250000000000000000e+02 4.460500794547182443e-03
8.275000000000000000e+02 5.513699764802515099e-03
8.300000000000000000e+02 6.495747288967662798e-03
8.325000000000000000e+02 7.054603968419524695e-03
8.350000000000000000e+02 7.158903818292297085e-03
8.375000000000000000e+02 7.043214124221155829e-03
8.400000000000000000e+02 6.971875532071188097e-03
8.425000000000000000e+02 7.074945256328602460e-03
8.450000000000000000e+02 7.357487261941430580e-03
8.475000000000000000e+02 7.798437328334502892e-03
8.500000000000000000e+02 8.398638794449662243e-03
8.525000000000000000e+02 9.115464904247210301e-03
8.550000000000000000e+02 9.775243289776185118e-03
8.575000000000000000e+02 1.013355158087276241e-02
8.600000000000000000e+02 1.010862610834853403e-02
8.625000000000000000e+02 9.959128922884443597e-03
8.650000000000000000e+02 1.014983978617665233e-02
8.675000000000000000e+02 1.096265779621215242e-02
8.700000000000000000e+02 1.222532032037706821e-02
8.725000000000000000e+02 1.344028431340875233e-02
8.750000000000000000e+02 1.417988888042756232e-02
8.775000000000000000e+02 1.436495277347316947e-02
8.800000000000000000e+02 1.422463787700142986e-02
8.825000000000000000e+02 1.406706833692651995e-02
8.850000000000000000e+02 1.409721243697233638e-02
8.875000000000000000e+02 1.438622854291132271e-02
8.900000000000000000e+02 1.493326815318747613e-02
8.925000000000000000e+02 1.569656725688075780e-02
8.950000000000000000e+02 1.653916182120265116e-02
8.975000000000000000e+02 1.718887906378538041e-02
9.000000000000000000e+02 1.736701478623944514e-02
9.025000000000000000e+02 1.705508202249333277e-02
9.050000000000000000e+02 1.662867420783101235e-02
9.075000000000000000e+02 1.663725345969337133e-02
9.100000000000000000e+02 1.736798069766598562e-02
9.125000000000000000e+02 1.859690782411607679e-02
9.150000000000000000e+02 1.976664708912643717e-02
9.175000000000000000e+02 2.040994588685576816e-02
9.200000000000000000e+02 2.043600371310864278e-02
9.225000000000000000e+02 2.009202878461473218e-02
9.250000000000000000e+02 1.972529751011740246e-02
9.275000000000000000e+02 1.957979740819232317e-02
9.300000000000000000e+02 1.974750001048967973e-02
9.325000000000000000e+02 2.022263538022955887e-02
9.350000000000000000e+02 2.092624655224918293e-02
9.375000000000000000e+02 2.165423904808756392e-02
9.400000000000000000e+02 2.207315737633692987e-02
9.425000000000000000e+02 2.190323425701063906e-02
9.450000000000000000e+02 2.119670565993771530e-02
9.475000000000000000e+02 2.041454298579170254e-02
9.500000000000000000e+02 2.013833517996160144e-02
9.525000000000000000e+02 2.062540072960295651e-02
9.550000000000000000e+02 2.160469408907487315e-02
9.575000000000000000e+02 2.249434152067707887e-02
9.600000000000000000e+02 2.283193863992715594e-02
9.625000000000000000e+02 2.255041313810404041e-02
9.650000000000000000e+02 2.192514935433216225e-02
9.675000000000000000e+02 2.131764515536154619e-02
9.700000000000000000e+02 2.096294075964950585e-02
9.725000000000000000e+02 2.093420774868948175e-02
9.750000000000000000e+02 2.121273603867745994e-02
9.775000000000000000e+02 2.170422363216333375e-02
9.800000000000000000e+02 2.217465665247396120e-02
9.825000000000000000e+02 2.226790388562753520e-02
9.850000000000000000e+02 2.172548212366690046e-02
9.875000000000000000e+02 2.065698818304983336e-02
9.900000000000000000e+02 1.956038747956984764e-02
9.925000000000000000e+02 1.899706523126331106e-02
9.950000000000000000e+02 1.917404180748947043e-02
9.975000000000000000e+02 1.979368205687205562e-02
1.000000000000000000e+03 2.029392718416739988e-02
1.002500000000000000e+03 2.026237057054508864e-02
1.005000000000000000e+03 1.968191897546439639e-02
1.007500000000000000e+03 1.884813541185059033e-02
1.010000000000000000e+03 1.809544384777571346e-02
1.012500000000000000e+03 1.760101795888422901e-02
1.015000000000000000e+03 1.739460840473916817e-02
1.017500000000000000e+03 1.745488775191958095e-02
1.020000000000000000e+03 1.770551680999984945e-02
1.022500000000000000e+03 1.792275784957049478e-02
1.025000000000000000e+03 1.776026384121230303e-02
1.027500000000000000e+03 1.698692919113704500e-02
1.030000000000000000e+03 1.573767490908716676e-02
1.032500000000000000e+03 1.449264202536681111e-02
1.035000000000000000e+03 1.375172688760331260e-02
1.037500000000000000e+03 1.366891518810777438e-02
1.040000000000000000e+03 1.395174353597685747e-02
1.042500000000000000e+03 1.410361592015419753e-02
1.045000000000000000e+03 1.380012104344702055e-02
1.047500000000000000e+03 1.308513399702070090e-02
1.050000000000000000e+03 1.224849095718284243e-02
1.052500000000000000e+03 1.154879348500797119e-02
1.055000000000000000e+03 1.106694305799357445e-02
1.057500000000000000e+03 1.078452931811890551e-02
1.060000000000000000e+03 1.070259731839920403e-02
1.062500000000000000e+03 1.080011204668946193e-02
1.065000000000000000e+03 1.089933003336533701e-02
1.067500000000000000e+03 1.068392712943196966e-02
1.070000000000000000e+03 9.938958132930384923e-03
1.072500000000000000e+03 8.781437777642090922e-03
1.075000000000000000e+03 7.624582861928021552e-03
1.077500000000000000e+03 6.883967220972881003e-03
1.080000000000000000e+03 6.673673299533961628e-03
1.082500000000000000e+03 6.742093930764927155e-03
1.085000000000000000e+03 6.697173756755347464e-03
1.087500000000000000e+03 6.326747509789358050e-03
1.090000000000000000e+03 5.728859689577624377e-03
1.092500000000000000e+03 5.149232443989808575e-03
1.095000000000000000e+03 4.725966010217519386e-03
1.097500000000000000e+03 4.424548546426709805e-03
1.100000000000000000e+03 4.193115749636634748e-03
1.102500000000000000e+03 4.087577488022641620e-03
1.105000000000000000e+03 4.175436930709424711e-03
1.107500000000000000e+03 4.349618859718147774e-03
1.110000000000000000e+03 4.328592493855157319e-03
1.112500000000000000e+03 3.888793620173650479e-03
1.115000000000000000e+03 3.085825237791858626e-03
1.117500000000000000e+03 2.233229846553584381e-03
1.120000000000000000e+03 1.660216478700033988e-03
1.122500000000000000e+03 1.464211106503583932e-03
1.125000000000000000e+03 1.466014695976911161e-03
1.127500000000000000e+03 1.403871583407229756e-03
1.130000000000000000e+03 1.184353377601996731e-03
1.132500000000000000e+03 9.369664983317919698e-04
1.135000000000000000e+03 8.217764745146531298e-04
1.137500000000000000e+03 8.267434240350072031e-04
1.140000000000000000e+03 8.058540224317478108e-04
1.142500000000000000e+03 7.027002733764044174e-04
1.145000000000000000e+03 6.594211429412991923e-04
1.147500000000000000e+03 8.540195458758537660e-04
1.150000000000000000e+03 1.259300597728251750e-03
1.152500000000000000e+03 1.618279927557300961e-03
1.155000000000000000e+03 1.668179835368717445e-03
1.157500000000000000e+03 1.370834384848408161e-03
1.160000000000000000e+03 9.300214734169289822e-04
1.162500000000000000e+03 6.043604848223534543e-04
1.165000000000000000e+03 5.001339819226412230e-04
1.167500000000000000e+03 5.310216278768705150e-04
1.170000000000000000e+03 5.736974606192997211e-04
1.172500000000000000e+03 6.417413652595965832e-04
1.175000000000000000e+03 8.635156524479771847e-04
1.177500000000000000e+03 1.279517152243699833e-03
1.180000000000000000e+03 1.720382143513978813e-03
1.182500000000000000e+03 1.953534475686215938e-03
1.185000000000000000e+03 1.952669335018097441e-03
1.187500000000000000e+03 1.968323673594911307e-03
1.190000000000000000e+03 2.294851670199480644e-03
1.192500000000000000e+03 2.977396977648895209e-03
1.195000000000000000e+03 3.762511827464230883e-03
1.197500000000000000e+03 4.321621877396377223e-03
1.200000000000000000e+03 4.510420218680981537e-03
1.202500000000000000e+03 4.435936174086911252e-03
1.205000000000000000e+03 4.312591054871374972e-03
1.207500000000000000e+03 4.275374272820695043e-03
1.210000000000000000e+03 4.335750579178297530e-03
1.212500000000000000e+03 4.498320843055341779e-03
1.215000000000000000e+03 4.857168221564063353e-03
1.217500000000000000e+03 5.505824408449385733e-03
1.220000000000000000e+03 6.348304229993777421e-03
1.222500000000000000e+03 7.075071239212141899e-03
1.225000000000000000e+03 7.405808191518987137e-03
1.227500000000000000e+03 7.375174181550862851e-03
1.230000000000000000e+03 7.349185045935242855e-03
1.232500000000000000e+03 7.726614355831789953e-03
1.235000000000000000e+03 8.602929824445654586e-03
1.237500000000000000e+03 9.703704664786538814e-03
1.240000000000000000e+03 1.062136327758908191e-02
1.242500000000000000e+03 1.111695132427287409e-02
1.245000000000000000e+03 1.123153520719080700e-02
1.247500000000000000e+03 1.116296648201722461e-02
1.250000000000000000e+03 1.108290079966380882e-02
1.252500000000000000e+03 1.108864511856932911e-02
1.255000000000000000e+03 1.128618282136375703e-02
1.257500000000000000e+03 1.181566679261474538e-02
1.260000000000000000e+03 1.271055256554444977e-02
1.262500000000000000e+03 1.374389121544398497e-02
1.265000000000000000e+03 1.450336274378536371e-02
1.267500000000000000e+03 1.470333989875038418e-02
1.270000000000000000e+03 1.445817934200220936e-02
1.272500000000000000e+03 1.423865417797797947e-02
1.275000000000000000e+03 1.451997229941815772e-02
1.277500000000000000e+03 1.541699120466597309e-02
1.280000000000000000e+03 1.661490096697753119e-02
1.282500000000000000e+03 1.763370204880916961e-02
1.285000000000000000e+03 1.817305247804396756e-02
1.287500000000000000e+03 1.824709377283802517e-02
1.290000000000000000e+03 1.805688512683944688e-02
1.292500000000000000e+03 1.780356428261506072e-02
1.295000000000000000e+03 1.764350717152180989e-02
1.297500000000000000e+03 1.774727478080474763e-02
1.300000000000000000e+03 1.826759136102771436e-02
1.302500000000000000e+03 1.916884219718574534e-02
1.305000000000000000e+03 2.012106549644980535e-02
1.307500000000000000e+03 2.065787066140647998e-02
1.310000000000000000e+03 2.052367828164856911e-02
1.312500000000000000e+03 1.991385933249196008e-02
1.315000000000000000e+03 1.937624820246387769e-02
1.317500000000000000e+03 1.942321916372354712e-02
1.320000000000000000e+03 2.015687689680958558e-02
1.322500000000000000e+03 2.121553676214549614e-02
1.325000000000000000e+03 2.207473924450532171e-02
1.327500000000000000e+03 2.242025870088220144e-02
1.330000000000000000e+03 2.227554495514566177e-02
1.332500000000000000e+03 2.185029758034983879e-02
1.335000000000000000e+03 2.135315417341211719e-02
1.337500000000000000e+03 2.096283798787956093e-02
1.340000000000000000e+03 2.087530313332923090e-02
1.342500000000000000e+03 2.123209729697592835e-02
1.345000000000000000e+03 2.193974717183152373e-02
1.347500000000000000e+03 2.261013087752610298e-02
1.350000000000000000e+03 2.277149546039538772e-02
1.352500000000000000e+03 2.221824989642542589e-02
1.355000000000000000e+03 2.120958689917953888e-02
1.357500000000000000e+03 2.032986425459780422e-02
1.360000000000000000e+03 2.008498394257229869e-02
1.362500000000000000e+03 2.053906126142536481e-02
1.365000000000000000e+03 2.129473931403497514e-02
1.367500000000000000e+03 2.182856901744390649e-02
1.370000000000000000e+03 2.186320547036952819e-02
1.372500000000000000e+03 2.145519489274783434e-02
1.375000000000000000e+03 2.081165449492997088e-02
1.377500000000000000e+03 2.011578538552034542e-02
1.380000000000000000e+03 1.952884637924618555e-02
1.382500000000000000e+03 1.923899959373685797e-02
1.385000000000000000e+03 1.936910923569549331e-02
1.387500000000000000e+03 1.979804968227695181e-02
1.390000000000000000e+03 2.013155552828163608e-02
1.392500000000000000e+03 1.993046399744983002e-02
1.395000000000000000e+03 1.903976279596718627e-02
1.397500000000000000e+03 1.775005498505741186e-02
1.400000000000000000e+03 1.663549505363227238e-02
1.402500000000000000e+03 1.615525939043989737e-02
1.405000000000000000e+03 1.632364777958058427e-02
1.407500000000000000e+03 1.673666381360681618e-02
1.410000000000000000e+03 1.692617303680964830e-02
1.412500000000000000e+03 1.669413918829822444e-02
1.415000000000000000e+03 1.613581424981515994e-02
1.417500000000000000e+03 1.543021221529304599e-02
1.420000000000000000e+03 1.469773531756834659e-02
1.422500000000000000e+03 1.404689134962194656e-02
1.425000000000000000e+03 1.363793011390893213e-02
1.427500000000000000e+03 1.358605002266743966e-02
1.430000000000000000e+03 1.378525316275380774e-02
1.432500000000000000e+03 1.388280476382111953e-02
1.435000000000000000e+03 1.349193966396142891e-02
1.437500000000000000e+03 1.249080634466989692e-02
1.440000000000000000e+03 1.116062981083648653e-02
1.442500000000000000e+03 1.002038490052497774e-02
1.445000000000000000e+03 9.452747949663400928e-03
1.447500000000000000e+03 9.426917484892839358e-03
1.450000000000000000e+03 9.574108529617831806e-03
1.452500000000000000e+03 9.533165986571254941e-03
1.455000000000000000e+03 9.210240462683358387e-03
1.457500000000000000e+03 8.726255559012994351e-03
1.460000000000000000e+03 8.198587521498877304e-03
1.462500000000000000e+03 7.650864445665768454e-03
1.465000000000000000e+03 7.115041150887983432e-03
1.467500000000000000e+03 6.720503340555958501e-03
1.470000000000000000e+03 6.601494353173451707e-03
1.472500000000000000e+03 6.712245347147746677e-03
1.475000000000000000e+03 6.774569028995829426e-03
1.477500000000000000e+03 6.453559807188988598e-03
1.480000000000000000e+03 5.631154936685108144e-03
1.482500000000000000e+03 4.538768831492146286e-03
1.485000000000000000e+03 3.604676775353267502e-03
1.487500000000000000e+03 3.120708869556595814e-03
1.490000000000000000e+03 3.030947641490243719e-03
1.492500000000000000e+03 3.047251736259612258e-03
1.495000000000000000e+03 2.953069559306365985e-03
1.497500000000000000e+03 2.761585844313506691e-03
1.500000000000000000e+03 2.592400705802011800e-03
1.502500000000000000e+03 2.468165304041270922e-03
1.505000000000000000e+03 2.292537121211613103e-03
1.507500000000000000e+03 2.013485708771262789e-03
1.510000000000000000e+03 1.743777683972632829e-03
1.512500000000000000e+03 1.671595319452811972e-03
1.515000000000000000e+03 1.847312876397814605e-03
1.517500000000000000e+03 2.079232912003117426e-03
1.520000000000000000e+03 2.066783331288708694e-03
1.522500000000000000e+03 1.663331707435854135e-03
1.525000000000000000e+03 1.018963239018279027e-03
1.527500000000000000e+03 4.511091319944941585e-04
1.530000000000000000e+03 1.634553054457417106e-04
1.532500000000000000e+03 1.046154431939392713e-04
1.535000000000000000e+03 1.049023319103812793e-04
1.537500000000000000e+03 1.076548200955984824e-04
1.540000000000000000e+03 2.152042312535968195e-04
1.542500000000000000e+03 5.131686786605135732e-04
1.545000000000000000e+03 9.052308167733019110e-04
1.547500000000000000e+03 1.167993591203851699e-03
1.550000000000000000e+03 1.176011921352678206e-03
1.552500000000000000e+03 1.052556474428624489e-03
1.555000000000000000e+03 1.072433267164045250e-03
1.557500000000000000e+03 1.399259055134514495e-03
1.560000000000000000e+03 1.917858984050735795e-03
1.562500000000000000e+03 2.335218674590460331e-03
1.565000000000000000e+03 2.450197035577531251e-03
1.567500000000000000e+03 2.315396558323924801e-03
1.570000000000000000e+03 2.135480566138769475e-03
1.572500000000000000e+03 2.043434703673995597e-03
1.575000000000000000e+03 2.023002201031116540e-03
1.577500000000000000e+03 2.043022039833439305e-03
1.580000000000000000e+03 2.196801745343486979e-03
1.582500000000000000e+03 2.643711117377072015e-03
1.585000000000000000e+03 3.406536663322734786e-03
1.587500000000000000e+03 4.260849962139805040e-03
1.590000000000000000e+03 4.867311573412110362e-03
1.592500000000000000e+03 5.053369933646005389e-03
1.595000000000000000e+03 4.984886401764241672e-03
1.597500000000000000e+03 5.043241136601347811e-03
1.600000000000000000e+03 5.498614824592919746e-03
1.602500000000000000e+03 6.285358226591780499e-03
1.605000000000000000e+03 7.091769506936173098e-03
1.607500000000000000e+03 7.650121558737438439e-03
1.610000000000000000e+03 7.917765740285045289e-03
1.612500000000000000e+03 8.001944111040545232e-03
1.615000000000000000e+03 7.991148668329266930e-03
1.617500000000000000e+03 7.926188576450398510e-03
1.620000000000000000e+03 7.910692027340973653e-03
1.622500000000000000e+03 8.156212847459128404e-03
1.625000000000000000e+03 8.842575536440799855e-03
1.627500000000000000e+03 9.912764618829467828e-03
1.630000000000000000e+03 1.102295909565959367e-02
1.632500000000000000e+03 1.174553100014341482e-02
1.635000000000000000e+03 1.189685689936148191e-02
1.637500000000000000e+03 1.171267486148190075e-02
1.640000000000000000e+03 1.168045321634731543e-02
1.642500000000000000e+03 1.214769532179819575e-02
1.645000000000000000e+03 1.306335102272988304e-02
1.647500000000000000e+03 1.408038010149417589e-02
1.650000000000000000e+03 1.487007007036346938e-02
1.652500000000000000e+03 1.531426334075809519e-02
1.655000000000000000e+03 1.545071491425855162e-02
1.657500000000000000e+03 1.534997015819699294e-02
1.660000000000000000e+03 1.511530129030376306e-02
1.662500000000000000e+03 1.495746961662181539e-02
1.665000000000000000e+03 1.516148747053634380e-02
1.667500000000000000e+03 1.589676004208171595e-02
1.670000000000000000e+03 1.702609402004607794e-02
1.672500000000000000e+03 1.811174327737134424e-02
1.675000000000000000e+03 1.867690139687288794e-02
1.677500000000000000e+03 1.856397465412430031e-02
1.680000000000000000e+03 1.809188783918120463e-02
1.682500000000000000e+03 1.783067560571497540e-02
1.685000000000000000e+03 1.816044529034627902e-02
1.687500000000000000e+03 1.901253587708520362e-02
1.690000000000000000e+03 2.000351729318611965e-02
1.692500000000000000e+03 2.076659047462207225e-02
1.695000000000000000e+03 2.114096066980157909e-02
1.697500000000000000e+03 2.112792849618518390e-02
1.700000000000000000e+03 2.079818538950975459e-02
1.702500000000000000e+03 2.030253999173643048e-02
1.705000000000000000e+03 1.991336167795651826e-02
1.707500000000000000e+03 1.994282407716092137e-02
1.710000000000000000e+03 2.053264353854463917e-02
1.712500000000000000e+03 2.148217214239039191e-02
1.715000000000000000e+03 2.229750104294702523e-02
1.717500000000000000e+03 2.249572120733697028e-02
1.720000000000000000e+03 2.197407290535740437e-02
1.722500000000000000e+03 2.112796370658223677e-02
1.725000000000000000e+03 2.056681838190817582e-02
1.727500000000000000e+03 2.065403407493496268e-02
1.730000000000000000e+03 2.128302512503677663e-02
1.732500000000000000e+03 2.205016753862179893e-02
1.735000000000000000e+03 2.258667243031227054e-02
1.737500000000000000e+03 2.272825784284105213e-02
1.740000000000000000e+03 2.246927749561427115e-02
1.742500000000000000e+03 2.188349372561517597e-02
1.745000000000000000e+03 2.113566231498989825e-02
1.747500000000000000e+03 2.050695669260131290e-02
1.750000000000000000e+03 2.030001634199446459e-02
1.752500000000000000e+03 2.062892134514768966e-02
1.755000000000000000e+03 2.125997703980997064e-02
1.757500000000000000e+03 2.168650504485576322e-02
1.760000000000000000e+03 2.145818699411579031e-02
1.762500000000000000e+03 2.053992533041458513e-02
1.765000000000000000e+03 1.937591227301407870e-02
1.767500000000000000e+03 1.856067273385735711e-02
1.770000000000000000e+03 1.839850786018433493e-02
1.772500000000000000e+03 1.874178113358196743e-02
1.775000000000000000e+03 1.919736656280508769e-02
1.777500000000000000e+03 1.943714098154853201e-02
1.780000000000000000e+03 1.933085494160598911e-02
1.782500000000000000e+03 1.888422462350548489e-02
1.785000000000000000e+03 1.815933631919036673e-02
1.787500000000000000e+03 1.728961562973324942e-02
1.790000000000000000e+03 1.651716342824123204e-02
1.792500000000000000e+03 1.611567739009175243e-02
1.795000000000000000e+03 1.618791449981140523e-02
1.797500000000000000e+03 1.650502180362518889e-02
1.800000000000000000e+03 1.658908130471670878e-02
1.802500000000000000e+03 1.604925473897763494e-02
1.805000000000000000e+03 1.491115850363988228e-02
1.807500000000000000e+03 1.362378552831469691e-02
1.810000000000000000e+03 1.271277671459615684e-02
1.812500000000000000e+03 1.239685533947689627e-02
1.815000000000000000e+03 1.250164447633925723e-02
1.817500000000000000e+03 1.268356379403353523e-02
1.820000000000000000e+03 1.269665446454164813e-02
1.822500000000000000e+03 1.247316488997967862e-02
1.825000000000000000e+03 1.203255906329705680e-02
1.827500000000000000e+03 1.139560508948937387e-02
1.830000000000000000e+03 1.061805583364054846e-02
1.832500000000000000e+03 9.870526428637118113e-03
1.835000000000000000e+03 9.398112169534750954e-03
1.837500000000000000e+03 9.319650520116962156e-03
1.840000000000000000e+03 9.449011878307846807e-03
1.842500000000000000e+03 9.369749790962320080e-03
1.845000000000000000e+03 8.760778142019923914e-03
1.847500000000000000e+03 7.683080605715012119e-03
1.850000000000000000e+03 6.539600113750250118e-03
1.852500000000000000e+03 5.744672480553893699e-03
1.855000000000000000e+03 5.425059972933863987e-03
1.857500000000000000e+03 5.406917576938378815e-03
1.860000000000000000e+03 5.435696306034745566e-03
1.862500000000000000e+03 5.380572682150137724e-03
1.865000000000000000e+03 5.250220232829582757e-03
1.867500000000000000e+03 5.063887945364425186e-03
1.870000000000000000e+03 4.764094004824486264e-03
1.872500000000000000e+03 4.293014498692792301e-03
1.875000000000000000e+03 3.739040195196525508e-03
1.877500000000000000e+03 3.335784139657058112e-03
1.880000000000000000e+03 3.248949775327128562e-03
1.882500000000000000e+03 3.365727109849543305e-03
1.885000000000000000e+03 3.349831405051306461e-03
1.887500000000000000e+03 2.942587814336618517e-03
1.890000000000000000e+03 2.203074436447288644e-03
1.892500000000000000e+03 1.442196828385662556e-03
1.895000000000000000e+03 9.403162447559474573e-04
1.897500000000000000e+03 7.446633095478258574e-04
1.900000000000000000e+03 7.144791341004207239e-04
1.902500000000000000e+03 7.162160231946749014e-04
1.905000000000000000e+03 7.528293100371824488e-04
1.907500000000000000e+03 9.064233111659592695e-04
1.910000000000000000e+03 1.169879758096788441e-03
1.912500000000000000e+03 1.373729278971445736e-03
1.915000000000000000e+03 1.330404263417468268e-03
1.917500000000000000e+03 1.057568138342058778e-03
1.920000000000000000e+03 8.041245992763167497e-04
1.922500000000000000e+03 8.085088223811267303e-04
1.925000000000000000e+03 1.048737245477684510e-03
1.927500000000000000e+03 1.270876284375447012e-03
1.930000000000000000e+03 1.256946706724012099e-03
1.932500000000000000e+03 1.024945975584427675e-03
1.935000000000000000e+03 7.635054885695393605e-04
1.937500000000000000e+03 6.192346563236705154e-04
1.940000000000000000e+03 5.851473885488179573e-04
1.942500000000000000e+03 5.826694626535637491e-04
1.945000000000000000e+03 6.172558932858092937e-04
1.947500000000000000e+03 8.267034166295956533e-04
1.950000000000000000e+03 1.347980335274466968e-03
1.952500000000000000e+03 2.117056078085302519e-03
1.955000000000000000e+03 2.832381572327143278e-03
1.957500000000000000e+03 3.184785525648413124e-03
1.960000000000000000e+03 3.150066374993551813e-03
1.962500000000000000e+03 3.019725951362922049e-03
1.965000000000000000e+03 3.118824251526804234e-03
1.967500000000000000e+03 3.517260917473278691e-03
1.970000000000000000e+03 4.029983153555633489e-03
1.972500000000000000e+03 4.450523120962981451e-03
1.975000000000000000e+03 4.725688869094708984e-03
1.977500000000000000e+03 4.914417641730475968e-03
1.980000000000000000e+03 5.050187271302983803e-03
1.982500000000000000e+03 5.101357221037963047e-03
1.985000000000000000e+03 5.069538310647868709e-03
1.987500000000000000e+03 5.099425476842961262e-03
1.990000000000000000e+03 5.447090372522832812e-03
1.992500000000000000e+03 6.275201166667341603e-03
1.995000000000000000e+03 7.437339573523853685e-03
1.997500000000000000e+03 8.500854078501872066e-03
2.000000000000000000e+03 9.066001752700746097e-03
