0.000000000000000000e+00 0.000000000000000000e+00 1.000000000000000000e+00
2.500000000000000000e+00 1.373929253653815019e-01 8.626070746346179430e-01
5.000000000000000000e+00 4.697306637120099992e-01 5.302693362879860040e-01
7.500000000000000000e+00 8.203356930361989097e-01 1.796643069637995083e-01
1.000000000000000000e+01 9.951775287796973402e-01 4.822471220300113270e-03
1.250000000000000000e+01 9.052093198005501939e-01 9.479068019945129098e-02
1.500000000000000000e+01 6.034910794976990900e-01 3.965089205023039631e-01
1.750000000000000000e+01 2.493534470412588355e-01 7.506465529587460495e-01
2.000000000000000000e+01 3.662330343212877315e-02 9.633766965678638439e-01
2.250000000000000000e+01 7.446715740537707129e-02 9.255328425946143245e-01
2.500000000000000000e+01 3.416068900666385799e-01 6.583931099333527603e-01
2.750000000000000000e+01 6.995448469306881911e-01 3.004551530692930461e-01
3.000000000000000000e+01 9.517522530115583024e-01 4.824774698842751453e-02
3.250000000000000000e+01 9.650791342258753236e-01 3.492086577410850878e-02
3.500000000000000000e+01 7.301495241417482740e-01 2.698504758582389029e-01
3.750000000000000000e+01 3.693693612204290710e-01 6.306306387795568291e-01
4.000000000000000000e+01 8.333446507136511860e-02 9.166655349286170207e-01
4.250000000000000000e+01 2.357008311109259902e-02 9.764299168888868063e-01
4.500000000000000000e+01 2.222804138634039139e-01 7.777195861365810980e-01
4.750000000000000000e+01 5.721165329737193384e-01 4.278834670262640638e-01
5.000000000000000000e+01 8.774320901024572628e-01 1.225679098975285125e-01
5.250000000000000000e+01 9.793648567411952222e-01 2.063514325878481465e-02
5.500000000000000000e+01 8.261103513242932239e-01 1.738896486756891513e-01
5.750000000000000000e+01 5.023412034236082180e-01 4.976587965763760724e-01
6.000000000000000000e+01 1.875972678636450008e-01 8.124027321363382903e-01
6.250000000000000000e+01 4.407266309032509266e-02 9.559273369096542572e-01
6.500000000000000000e+01 1.477566096851354871e-01 8.522433903148376455e-01
6.750000000000000000e+01 4.432341395557435337e-01 5.567658604442305981e-01
7.000000000000000000e+01 7.683850798238420765e-01 2.316149201761355247e-01
7.250000000000000000e+01 9.538216762166481510e-01 4.617832378332885346e-02
7.500000000000000000e+01 8.969721934755550130e-01 1.030278065244242675e-01
7.750000000000000000e+01 6.271628516839924394e-01 3.728371483159860222e-01
8.000000000000000000e+01 2.940955083046462026e-01 7.059044916953299831e-01
8.250000000000000000e+01 7.391242898879946122e-02 9.260875710111776682e-01
8.500000000000000000e+01 8.823174180872676853e-02 9.117682581912573969e-01
8.750000000000000000e+01 3.265406542273821544e-01 6.734593457726016918e-01
9.000000000000000000e+01 6.529927179913639357e-01 3.470072820086214649e-01
9.250000000000000000e+01 8.947814772151339024e-01 1.052185227848518034e-01
9.500000000000000000e+01 9.215818109110778256e-01 7.841818908890589579e-02
9.750000000000000000e+01 7.255641167544935044e-01 2.744358832454961150e-01
1.000000000000000000e+02 4.194874346835181789e-01 5.805125653164655564e-01
1.025000000000000000e+02 1.635339134163403818e-01 8.364660865836406334e-01
1.050000000000000000e+02 9.497109362386571552e-02 9.050289063761167707e-01
1.075000000000000000e+02 2.455625370380431216e-01 7.544374629619344796e-01
1.100000000000000000e+02 5.307280407786054699e-01 4.692719592213774882e-01
1.125000000000000000e+02 8.019810957762860681e-01 1.980189042237006092e-01
1.150000000000000000e+02 9.109792084336373330e-01 8.902079156635096802e-02
1.175000000000000000e+02 8.014829048703738801e-01 1.985170951296104103e-01
1.200000000000000000e+02 5.349256070678971575e-01 4.650743929320854120e-01
1.225000000000000000e+02 2.526483599751797593e-01 7.473516400248055858e-01
1.250000000000000000e+02 1.114592278673455783e-01 8.885407721326404884e-01
1.275000000000000000e+02 1.834743143719008429e-01 8.165256856280850295e-01
1.300000000000000000e+02 4.241195722386769118e-01 5.758804277613056577e-01
1.325000000000000000e+02 7.026577875614046231e-01 2.973422124385775023e-01
1.350000000000000000e+02 8.651427701008023163e-01 1.348572298991783103e-01
1.375000000000000000e+02 8.317661895461812005e-01 1.682338104538042278e-01
1.400000000000000000e+02 6.282240544756249045e-01 3.717759455243573874e-01
1.425000000000000000e+02 3.652587872468395225e-01 6.347412127531406600e-01
1.450000000000000000e+02 1.863080593383532602e-01 8.136919406616277550e-01
1.475000000000000000e+02 1.797135247253138224e-01 8.202864752746672483e-01
1.500000000000000000e+02 3.444253541702292920e-01 6.555746458297483370e-01
1.525000000000000000e+02 5.927036624861458103e-01 4.072963375138277664e-01
1.550000000000000000e+02 7.888126591925032072e-01 2.111873408074739777e-01
1.575000000000000000e+02 8.321380906755484475e-01 1.678619093244278215e-01
1.600000000000000000e+02 7.007560544568092187e-01 2.992439455431669115e-01
1.625000000000000000e+02 4.656313831413143589e-01 5.343686168586608831e-01
1.650000000000000000e+02 2.584137791182174460e-01 7.415862208817620704e-01
1.675000000000000000e+02 1.874916726957059077e-01 8.125083273042685850e-01
1.700000000000000000e+02 2.882094597905380251e-01 7.117905402094397704e-01
1.725000000000000000e+02 5.016571422190083673e-01 4.983428577809694282e-01
1.750000000000000000e+02 7.059915836318697568e-01 2.940084163681051521e-01
1.775000000000000000e+02 7.959572989006433730e-01 2.040427010993333679e-01
1.800000000000000000e+02 7.290452841414514218e-01 2.709547158585235982e-01
1.825000000000000000e+02 5.480626569968942707e-01 4.519373430030828587e-01
1.850000000000000000e+02 3.556980497173741207e-01 6.443019502826087264e-01
1.875000000000000000e+02 2.492137828902608043e-01 7.507862171097232640e-01
1.900000000000000000e+02 2.809141961323696757e-01 7.190858038676126718e-01
1.925000000000000000e+02 4.293325355292476053e-01 5.706674644707315780e-01
1.950000000000000000e+02 6.116346702003283564e-01 3.883653297996572107e-01
1.975000000000000000e+02 7.343378187888984776e-01 2.656621812110885328e-01
2.000000000000000000e+02 7.326715175487669152e-01 2.673284824512175417e-01
2.025000000000000000e+02 6.104775210346888858e-01 3.895224789652954045e-01
2.050000000000000000e+02 4.379143076833311166e-01 5.620856923166546171e-01
2.075000000000000000e+02 3.069032859948824243e-01 6.930967140051010889e-01
2.100000000000000000e+02 2.880693529828612376e-01 7.119306470171211654e-01
2.125000000000000000e+02 3.857288507136919509e-01 6.142711492862920064e-01
2.150000000000000000e+02 5.394383318802720151e-01 4.605616681197091666e-01
2.175000000000000000e+02 6.658705569786148581e-01 3.341294430213702649e-01
2.200000000000000000e+02 6.991531706563055559e-01 3.008468293436785679e-01
2.225000000000000000e+02 6.304353019128662305e-01 3.695646980871160059e-01
2.250000000000000000e+02 5.048343923291165325e-01 4.951656076708685905e-01
2.275000000000000000e+02 3.891587218959056127e-01 6.108412781040784001e-01
2.300000000000000000e+02 3.420207576428042628e-01 6.579792423571809712e-01
2.325000000000000000e+02 3.809194369520993995e-01 6.190805630478855015e-01
2.350000000000000000e+02 4.800384453657978168e-01 5.199615546341893602e-01
2.375000000000000000e+02 5.874232328231038247e-01 4.125767671768872935e-01
2.400000000000000000e+02 6.466567493720382087e-01 3.533432506279488572e-01
2.425000000000000000e+02 6.304234439611797747e-01 3.695765560388087345e-01
2.450000000000000000e+02 5.512005678438152145e-01 4.487994321561735167e-01
2.475000000000000000e+02 4.533499516060938705e-01 5.466500483938947497e-01
2.500000000000000000e+02 3.915481605461922365e-01 6.084518394537937747e-01
2.525000000000000000e+02 3.949182423071999626e-01 6.050817576927853825e-01
2.550000000000000000e+02 4.549533531470956738e-01 5.450466468528899489e-01
2.575000000000000000e+02 5.338740987696226625e-01 4.661259012303631266e-01
2.600000000000000000e+02 5.871096573248200112e-01 4.128903426751637240e-01
2.625000000000000000e+02 5.926800579293830529e-01 4.073199420705986284e-01
2.650000000000000000e+02 5.565658519912333180e-01 4.434341480087484744e-01
2.675000000000000000e+02 5.036870857806716728e-01 4.963129142193122290e-01
2.700000000000000000e+02 4.621165363219404965e-01 5.378834636780424061e-01
2.725000000000000000e+02 4.469035743110050807e-01 5.530964256889783215e-01
2.750000000000000000e+02 4.593294049121607880e-01 5.406705950878211153e-01
2.775000000000000000e+02 4.894841031489358119e-01 5.105158968510468132e-01
2.800000000000000000e+02 5.218192634444693834e-01 4.781807365555111877e-01
2.825000000000000000e+02 5.430337874490410721e-01 4.569662125509427186e-01
2.850000000000000000e+02 5.454998148997647345e-01 4.545001851002212767e-01
2.875000000000000000e+02 5.316535548959233637e-01 4.683464451040645349e-01
2.900000000000000000e+02 5.116363673263338852e-01 4.883636326736513489e-01
2.925000000000000000e+02 4.955705994183698948e-01 5.044294005816177817e-01
2.950000000000000000e+02 4.878117112505082620e-01 5.121882887494777492e-01
2.975000000000000000e+02 4.851709489996952063e-01 5.148290510002870857e-01
3.000000000000000000e+02 4.838063460255922488e-01 5.161936539743915420e-01
3.025000000000000000e+02 4.853581306532652739e-01 5.146418693467210703e-01
3.050000000000000000e+02 4.962487894391829912e-01 5.037512105608032975e-01
3.075000000000000000e+02 5.196464047742898051e-01 4.803535952256986485e-01
3.100000000000000000e+02 5.466748540826275038e-01 4.533251459173605058e-01
3.125000000000000000e+02 5.599533899679850490e-01 4.400466100320030716e-01
3.150000000000000000e+02 5.446784853421549055e-01 4.553215146578338257e-01
3.175000000000000000e+02 5.023553157029045924e-01 4.976446842970863038e-01
3.200000000000000000e+02 4.543817238925321189e-01 5.456182761074568344e-01
3.225000000000000000e+02 4.281119793654217798e-01 5.718880206345658967e-01
3.250000000000000000e+02 4.420701381370406025e-01 5.579298618629486839e-01
3.275000000000000000e+02 4.930738248303059290e-01 5.069261751696824136e-01
3.300000000000000000e+02 5.564367768223363875e-01 4.435632231776547307e-01
3.325000000000000000e+02 6.009038192148070667e-01 3.990961807851817755e-01
3.350000000000000000e+02 6.005704502648055998e-01 3.994295497351872948e-01
3.375000000000000000e+02 5.501619624032313416e-01 4.498380375967586664e-01
3.400000000000000000e+02 4.704659750927826511e-01 5.295340249072082450e-01
3.425000000000000000e+02 3.992908981186835682e-01 6.007091018813057737e-01
3.450000000000000000e+02 3.786338355825317747e-01 6.213661644174603982e-01
3.475000000000000000e+02 4.274289821751484642e-01 5.725710178248429871e-01
3.500000000000000000e+02 5.263976255001305837e-01 4.736023744998638096e-01
3.525000000000000000e+02 6.255123473197341522e-01 3.744876526802598526e-01
3.550000000000000000e+02 6.651808377952872497e-01 3.348191622047090865e-01
3.575000000000000000e+02 6.169918521577177906e-01 3.830081478422763253e-01
3.600000000000000000e+02 5.024643282871776861e-01 4.975356717128153750e-01
3.625000000000000000e+02 3.812104124515885428e-01 6.187895875484065167e-01
3.650000000000000000e+02 3.231721290544349867e-01 6.768278709455629594e-01
3.675000000000000000e+02 3.628012004665003287e-01 6.371987995334951194e-01
3.700000000000000000e+02 4.818988890484044996e-01 5.181011109515920587e-01
3.725000000000000000e+02 6.210920086374484006e-01 3.789079913625503226e-01
3.750000000000000000e+02 7.048321155522145887e-01 2.951678844477828578e-01
3.775000000000000000e+02 6.870803640846664395e-01 3.129196359153278983e-01
3.800000000000000000e+02 5.718964982269248987e-01 4.281035017730712156e-01
3.825000000000000000e+02 4.132013726399821341e-01 5.867986273600130920e-01
3.850000000000000000e+02 2.962812553166919716e-01 7.037187446833033100e-01
3.875000000000000000e+02 2.865622614276417401e-01 7.134377385723522647e-01
3.900000000000000000e+02 3.973442383230695318e-01 6.026557616769263603e-01
3.925000000000000000e+02 5.765331956373819233e-01 4.234668043626141909e-01
3.950000000000000000e+02 7.247879590604693334e-01 2.752120409395313327e-01
3.975000000000000000e+02 7.584065119051085491e-01 2.415934880948873986e-01
4.000000000000000000e+02 6.520595938264742708e-01 3.479404061735248965e-01
4.025000000000000000e+02 4.581537366055130622e-01 5.418462633944862716e-01
4.050000000000000000e+02 2.847947502767194661e-01 7.152052497232783690e-01
4.075000000000000000e+02 2.262110156711666098e-01 7.737889843288259240e-01
4.100000000000000000e+02 3.181937733467454787e-01 6.818062266532503024e-01
4.125000000000000000e+02 5.155540980768181791e-01 4.844459019231767138e-01
4.150000000000000000e+02 7.117918871577465501e-01 2.882081128422491756e-01
4.175000000000000000e+02 8.048552463099456489e-01 1.951447536900484114e-01
4.200000000000000000e+02 7.408248431137507417e-01 2.591751568862492583e-01
4.225000000000000000e+02 5.475926272577946730e-01 4.524073727421957791e-01
4.250000000000000000e+02 3.265239809589072228e-01 6.734760190410877811e-01
4.275000000000000000e+02 1.926643876442240000e-01 8.073356123557714481e-01
4.300000000000000000e+02 2.248132251482009847e-01 7.751867748517876633e-01
4.325000000000000000e+02 4.132781420831216357e-01 5.867218579168701487e-01
4.350000000000000000e+02 6.577447154123683415e-01 3.422552845876258854e-01
4.375000000000000000e+02 8.277457758584743086e-01 1.722542241415191966e-01
4.400000000000000000e+02 8.232629292887659878e-01 1.767370707112281836e-01
4.425000000000000000e+02 6.413098596201847190e-01 3.586901403798068433e-01
4.450000000000000000e+02 3.810416195274600737e-01 6.189583804725340421e-01
4.475000000000000000e+02 1.810140658017295456e-01 8.189859341982587138e-01
4.500000000000000000e+02 1.547131158117227845e-01 8.452868841882654749e-01
4.525000000000000000e+02 3.184324842729953087e-01 6.815675157269923679e-01
4.550000000000000000e+02 5.839366378737336216e-01 4.160633621262518345e-01
4.575000000000000000e+02 8.141090385848740452e-01 1.858909614151124656e-01
4.600000000000000000e+02 8.824118294624412329e-01 1.175881705375365072e-01
4.625000000000000000e+02 7.504579860367700528e-01 2.495420139632147927e-01
4.650000000000000000e+02 4.860544083543870131e-01 5.139455916455997198e-01
4.675000000000000000e+02 2.236274937190813328e-01 7.763725062809045951e-01
4.700000000000000000e+02 1.084696826536935416e-01 8.915303173462929553e-01
4.725000000000000000e+02 2.059866272500984752e-01 7.940133727498861482e-01
4.750000000000000000e+02 4.678993331154677748e-01 5.321006668845181808e-01
4.775000000000000000e+02 7.584701857175101258e-01 2.415298142824729988e-01
4.800000000000000000e+02 9.136869422294240373e-01 8.631305777056029471e-02
4.825000000000000000e+02 8.466201144332754502e-01 1.533798855667072303e-01
4.850000000000000000e+02 5.910606145538926937e-01 4.089393854460872668e-01
4.875000000000000000e+02 2.815139658771214082e-01 7.184860341228653802e-01
4.900000000000000000e+02 9.145836871728656170e-02 9.085416312827053753e-01
4.925000000000000000e+02 1.226852280235566778e-01 8.773147719764335939e-01
4.950000000000000000e+02 3.591845086693037370e-01 6.408154913306809419e-01
4.975000000000000000e+02 6.784151463777140512e-01 3.215848536222698506e-01
5.000000000000000000e+02 9.059448659513661406e-01 9.405513404862242410e-02
5.025000000000000000e+02 9.231594094918296189e-01 7.684059050815687797e-02
5.050000000000000000e+02 7.183431615963511430e-01 2.816568384036384209e-01
5.075000000000000000e+02 3.945535688233033356e-01 6.054464311766879492e-01
5.100000000000000000e+02 1.276118609874870302e-01 8.723881390124987867e-01
5.125000000000000000e+02 5.857363583141612928e-02 9.414263641685650663e-01
5.150000000000000000e+02 2.299385929777604254e-01 7.700614070222296936e-01
5.175000000000000000e+02 5.555860168996662463e-01 4.444139831003225405e-01
5.200000000000000000e+02 8.552968285147199978e-01 1.447031714852720086e-01
5.225000000000000000e+02 9.678970574046935615e-01 3.210294259529437172e-02
5.250000000000000000e+02 8.271604372568558405e-01 1.728395627431286719e-01
5.275000000000000000e+02 5.058700644630903520e-01 4.941299355368984902e-01
5.300000000000000000e+02 1.833832914697849370e-01 8.166167085301980766e-01
5.325000000000000000e+02 3.103803035985631606e-02 9.689619696401258198e-01
5.350000000000000000e+02 1.336867507702122759e-01 8.663132492297747067e-01
5.375000000000000000e+02 4.374525631798260039e-01 5.625474368201610620e-01
5.400000000000000000e+02 7.755168149942420763e-01 2.244831850057483480e-01
5.425000000000000000e+02 9.726969071051368987e-01 2.730309289484753044e-02
5.450000000000000000e+02 9.211862940196855476e-01 7.881370598030068564e-02
5.475000000000000000e+02 6.463481805472650610e-01 3.536518194527190628e-01
5.500000000000000000e+02 2.965533947824045002e-01 7.034466052175804007e-01
5.525000000000000000e+02 5.305705337451245562e-02 9.469429466254750682e-01
5.550000000000000000e+02 5.157222929872298106e-02 9.484277707012647163e-01
5.575000000000000000e+02 2.961208174697563811e-01 7.038791825302342930e-01
5.600000000000000000e+02 6.533391980748296524e-01 3.466608019251644635e-01
5.625000000000000000e+02 9.341828237571685456e-01 6.581717624282022727e-02
5.650000000000000000e+02 9.799863671326635162e-01 2.001363286732578059e-02
5.675000000000000000e+02 7.647012991625919964e-01 2.352987008373952083e-01
5.700000000000000000e+02 4.083784030051048619e-01 5.916215969948869224e-01
5.725000000000000000e+02 1.004926209998598247e-01 8.995073790001227865e-01
5.750000000000000000e+02 1.228716939046693019e-02 9.877128306095179777e-01
5.775000000000000000e+02 1.889972829466045889e-01 8.110027170533739005e-01
5.800000000000000000e+02 5.318527637598742253e-01 4.681472362401092324e-01
5.825000000000000000e+02 8.619713168720855023e-01 1.380286831278952631e-01
5.850000000000000000e+02 9.996262163271856238e-01 3.737836727971798750e-04
5.875000000000000000e+02 8.744325541142902170e-01 1.255674458856962106e-01
5.900000000000000000e+02 5.545797481274331586e-01 4.454202518725545179e-01
5.925000000000000000e+02 2.050412155179275053e-01 7.949587844820589222e-01
5.950000000000000000e+02 1.722383354019117047e-02 9.827761664597922664e-01
5.975000000000000000e+02 9.042750948147779133e-02 9.095724905185061937e-01
6.000000000000000000e+02 3.859192118803337346e-01 6.140807881196556073e-01
6.025000000000000000e+02 7.487189371442354302e-01 2.512810628557550219e-01
6.050000000000000000e+02 9.761197360158433423e-01 2.388026398415097479e-02
6.075000000000000000e+02 9.465381187551062947e-01 5.346188124488403248e-02
6.100000000000000000e+02 6.766103015805317034e-01 3.233896984194607471e-01
6.125000000000000000e+02 3.107399394136134974e-01 6.892600605863770102e-01
6.150000000000000000e+02 5.348981902944523192e-02 9.465101809705387392e-01
6.175000000000000000e+02 3.928956719153755411e-02 9.607104328084489220e-01
6.200000000000000000e+02 2.732200012165072467e-01 7.267799987834818731e-01
6.225000000000000000e+02 6.307142111955359454e-01 3.692857888044526193e-01
6.250000000000000000e+02 9.156171305814634342e-01 8.438286941852385370e-02
6.275000000000000000e+02 9.820797299498134070e-01 1.792027005017601468e-02
6.300000000000000000e+02 7.959373197612500395e-01 2.040626802387376371e-01
6.325000000000000000e+02 4.543951675054612172e-01 5.456048324945246275e-01
6.350000000000000000e+02 1.438195705559778825e-01 8.561804294440058527e-01
6.375000000000000000e+02 2.539945964176579946e-02 9.746005403582215232e-01
6.400000000000000000e+02 1.645007670089550789e-01 8.354992329910311266e-01
6.425000000000000000e+02 4.883249446796044113e-01 5.116750553203778251e-01
6.450000000000000000e+02 8.167312103910241428e-01 1.832687896089609525e-01
6.475000000000000000e+02 9.753899821784538515e-01 2.461001782152930084e-02
6.500000000000000000e+02 8.761720641978526514e-01 1.238279358021282667e-01
6.525000000000000000e+02 5.736583613071555288e-01 4.263416386928230994e-01
6.550000000000000000e+02 2.387428003317892677e-01 7.612571996681883890e-01
6.575000000000000000e+02 4.857047252329847048e-02 9.514295274766770838e-01
6.600000000000000000e+02 1.057005872319370654e-01 8.942994127680439220e-01
6.625000000000000000e+02 3.758383877020027297e-01 6.241616122979793957e-01
6.650000000000000000e+02 7.077468072073647143e-01 2.922531927926209638e-01
6.675000000000000000e+02 9.296351647737490786e-01 7.036483522622957731e-02
6.700000000000000000e+02 9.235318774046108459e-01 7.646812259537155709e-02
6.725000000000000000e+02 6.958995499627573800e-01 3.041004500372289643e-01
6.750000000000000000e+02 3.723630808872483433e-01 6.276369191127348923e-01
6.775000000000000000e+02 1.203068807860162986e-01 8.796931192139717526e-01
6.800000000000000000e+02 7.690784335680662942e-02 9.230921566431857794e-01
6.825000000000000000e+02 2.637946267635591924e-01 7.362053732364367553e-01
6.850000000000000000e+02 5.765488684992607915e-01 4.234511315007307708e-01
6.875000000000000000e+02 8.492997966740545301e-01 1.507002033259381424e-01
6.900000000000000000e+02 9.302479346551771888e-01 6.975206534481487308e-02
6.925000000000000000e+02 7.785876207091015910e-01 2.214123792908870847e-01
6.950000000000000000e+02 4.824210048870389844e-01 5.175789951129547983e-01
6.975000000000000000e+02 2.009950026595829775e-01 7.990049973404067529e-01
7.000000000000000000e+02 8.958949533879023708e-02 9.104105046611991048e-01
7.025000000000000000e+02 2.019752639283370621e-01 7.980247360716548055e-01
7.050000000000000000e+02 4.707625944231645931e-01 5.292374055768228613e-01
7.075000000000000000e+02 7.534718916441129899e-01 2.465281083558732433e-01
7.100000000000000000e+02 8.974884885150071767e-01 1.025115114849847187e-01
7.125000000000000000e+02 8.330305304695662105e-01 1.669694695304207999e-01
7.150000000000000000e+02 5.993045403085641709e-01 4.006954596914216182e-01
7.175000000000000000e+02 3.186578053416923018e-01 6.813421946582938205e-01
7.200000000000000000e+02 1.435314246069211430e-01 8.564685753930678658e-01
7.225000000000000000e+02 1.630106573770773726e-01 8.369893426229091382e-01
7.250000000000000000e+02 3.641877223390345142e-01 6.358122776609526072e-01
7.275000000000000000e+02 6.394719013375238514e-01 3.605280986624653794e-01
7.300000000000000000e+02 8.350889498213811546e-01 1.649110501786041072e-01
7.325000000000000000e+02 8.488150900486562955e-01 1.511849099513315753e-01
7.350000000000000000e+02 6.767577738168515378e-01 3.232422261831337518e-01
7.375000000000000000e+02 4.146601862147602513e-01 5.853398137852278138e-01
7.400000000000000000e+02 2.104069773367027996e-01 7.895930226632881244e-01
7.425000000000000000e+02 1.687724165632030204e-01 8.312275834367862659e-01
7.450000000000000000e+02 3.062954668637067890e-01 6.937045331362790002e-01
7.475000000000000000e+02 5.451456053138880042e-01 4.548543946860990617e-01
7.500000000000000000e+02 7.530184298520880004e-01 2.469815701479000092e-01
7.525000000000000000e+02 8.260306936370103159e-01 1.739693063629776382e-01
7.550000000000000000e+02 7.303450190454102708e-01 2.696549809545784604e-01
7.575000000000000000e+02 5.197094877035272065e-01 4.802905122964554185e-01
7.600000000000000000e+02 3.097463740717361635e-01 6.902536259282510134e-01
7.625000000000000000e+02 2.073395084370686647e-01 7.926604915629211767e-01
7.650000000000000000e+02 2.656308000478542208e-01 7.343691999521357872e-01
7.675000000000000000e+02 4.511020770004854907e-01 5.488979229995064602e-01
7.700000000000000000e+02 6.589133069343607874e-01 3.410866930656300533e-01
7.725000000000000000e+02 7.790989791645419604e-01 2.209010208354469096e-01
7.750000000000000000e+02 7.473700581565098089e-01 2.526299418434825861e-01
7.775000000000000000e+02 5.858249341955060752e-01 4.141750658044832667e-01
7.800000000000000000e+02 3.894332164721249212e-01 6.105667835278686395e-01
7.825000000000000000e+02 2.627736456129802223e-01 7.372263543870091196e-01
7.850000000000000000e+02 2.712359343124934874e-01 7.287640656874927458e-01
7.875000000000000000e+02 4.024994609194887940e-01 5.975005390804980498e-01
7.900000000000000000e+02 5.788624059928324517e-01 4.211375940071521162e-01
7.925000000000000000e+02 7.091193422281619752e-01 2.908806577718247022e-01
7.950000000000000000e+02 7.278241525716572236e-01 2.721758474283307305e-01
7.975000000000000000e+02 6.320897804424894240e-01 3.679102195574948109e-01
8.000000000000000000e+02 4.777287860909983919e-01 5.222712139089902283e-01
8.025000000000000000e+02 3.441061231297339873e-01 6.558938768702554656e-01
8.050000000000000000e+02 3.011810898439845063e-01 6.988189101560049465e-01
8.075000000000000000e+02 3.674584724465043140e-01 6.325415275534874704e-01
8.100000000000000000e+02 5.030697285185338208e-01 4.969302714814576305e-01
8.125000000000000000e+02 6.347094458429499708e-01 3.652905541570405923e-01
8.150000000000000000e+02 6.898268924918334877e-01 3.101731075081564093e-01
8.175000000000000000e+02 6.433681220921882993e-01 3.566318779078041512e-01
8.200000000000000000e+02 5.274853970801703928e-01 4.725146029198252773e-01
8.225000000000000000e+02 4.081846381827887726e-01 5.918153618172048436e-01
8.250000000000000000e+02 3.509065758944715507e-01 6.490934241055209553e-01
8.275000000000000000e+02 3.789781288493027644e-01 6.210218711506894085e-01
8.300000000000000000e+02 4.685334652463926108e-01 5.314665347535988404e-01
8.325000000000000000e+02 5.685654596026061824e-01 4.314345403973880444e-01
8.350000000000000000e+02 6.269499604065648102e-01 3.730500395934275293e-01
8.375000000000000000e+02 6.207446501039517450e-01 3.792553498960403724e-01
8.400000000000000000e+02 5.599305289641249850e-01 4.400694710358699635e-01
8.425000000000000000e+02 4.782874194750891261e-01 5.217125805249018811e-01
8.450000000000000000e+02 4.183815562502273266e-01 5.816184437497642357e-01
8.475000000000000000e+02 4.072087528041271609e-01 5.927912471958636242e-01
8.500000000000000000e+02 4.468110832642445129e-01 5.531889167357482151e-01
8.525000000000000000e+02 5.132375696819707622e-01 4.867624303180196899e-01
8.550000000000000000e+02 5.682766225395818882e-01 4.317233774604148921e-01
8.575000000000000000e+02 5.845501289601588990e-01 4.154498710398357719e-01
8.600000000000000000e+02 5.582557635967752008e-01 4.417442364032197477e-01
8.625000000000000000e+02 5.101154248018830994e-01 4.898845751981121266e-01
8.650000000000000000e+02 4.706193166860851429e-01 5.293806833139077517e-01
8.675000000000000000e+02 4.577887614766406599e-01 5.422112385233541776e-01
8.700000000000000000e+02 4.705592948506889250e-01 5.294407051493075222e-01
8.725000000000000000e+02 4.940594244452173323e-01 5.059405755547781158e-01
8.750000000000000000e+02 5.130864610952878824e-01 4.869135389047091200e-01
8.775000000000000000e+02 5.226333149405895107e-01 4.773666850594061595e-01
8.800000000000000000e+02 5.254658621420478237e-01 4.745341378579492897e-01
8.825000000000000000e+02 5.257818918450527512e-01 4.742181081549452504e-01
8.850000000000000000e+02 5.239069364738550005e-01 4.760930635261448884e-01
8.875000000000000000e+02 5.173929459310064871e-01 4.826070540689923472e-01
8.900000000000000000e+02 5.053195132792243083e-01 4.946804867207725276e-01
8.925000000000000000e+02 4.900964284998649001e-01 5.099035715001343227e-01
8.950000000000000000e+02 4.774857739029265136e-01 5.225142260970703223e-01
8.975000000000000000e+02 4.734420771953308238e-01 5.265579228046649574e-01
9.000000000000000000e+02 4.828683842971632778e-01 5.171316157028315041e-01
9.025000000000000000e+02 5.069555966541721137e-01 4.930444033458220021e-01
9.050000000000000000e+02 5.388732526678714496e-01 4.611267473321231103e-01
9.075000000000000000e+02 5.640627209641841944e-01 4.359372790358062022e-01
9.100000000000000000e+02 5.639359823243879077e-01 4.360640176756084285e-01
9.125000000000000000e+02 5.295309411510273900e-01 4.704690588489673364e-01
9.150000000000000000e+02 4.728729502911985794e-01 5.271270497087945373e-01
9.175000000000000000e+02 4.235087643656318401e-01 5.764912356343667721e-01
9.200000000000000000e+02 4.149740806029094675e-01 5.850259193970878124e-01
9.225000000000000000e+02 4.595729704868684040e-01 5.404270295131275992e-01
9.250000000000000000e+02 5.367985132521669867e-01 4.632014867478290721e-01
9.275000000000000000e+02 6.052365700578710150e-01 3.947634299421250992e-01
9.300000000000000000e+02 6.231897050972005081e-01 3.768102949027917203e-01
9.325000000000000000e+02 5.769970005618194620e-01 4.230029994381770408e-01
9.350000000000000000e+02 4.889512545154263701e-01 5.110487454845725752e-01
9.375000000000000000e+02 4.032689559383331734e-01 5.967310440616633294e-01
9.400000000000000000e+02 3.674959716499592854e-01 6.325040283500389382e-01
9.425000000000000000e+02 4.040041688414141019e-01 5.959958311585848989e-01
9.450000000000000000e+02 4.989546732792753958e-01 5.010453267207266581e-01
9.475000000000000000e+02 6.081195152239863289e-01 3.918804847760123389e-01
9.500000000000000000e+02 6.714483059073790283e-01 3.285516940926233032e-01
9.525000000000000000e+02 6.494529338824863718e-01 3.505470661175155156e-01
9.550000000000000000e+02 5.454523838463523067e-01 4.545476161536530224e-01
9.575000000000000000e+02 4.086620328262459689e-01 5.913379671737580834e-01
9.600000000000000000e+02 3.164720235670346882e-01 6.835279764329668106e-01
9.625000000000000000e+02 3.242460880078296137e-01 6.757539119921751603e-01
9.650000000000000000e+02 4.343514091550599310e-01 5.656485908449399025e-01
9.675000000000000000e+02 5.914095781522326067e-01 4.085904218477674488e-01
9.700000000000000000e+02 7.065961436425773901e-01 2.934038563574239422e-01
9.725000000000000000e+02 7.155992310925065603e-01 2.844007689074977696e-01
9.750000000000000000e+02 6.100626580568365709e-01 3.899373419431621524e-01
9.775000000000000000e+02 4.429774088362792295e-01 5.570225911637218807e-01
9.800000000000000000e+02 3.054381582247523430e-01 6.945618417752490448e-01
9.825000000000000000e+02 2.704658958747376274e-01 7.295341041252654257e-01
9.850000000000000000e+02 3.614056791643216471e-01 6.385943208356799072e-01
9.875000000000000000e+02 5.366632218025131351e-01 4.633367781974908617e-01
9.900000000000000000e+02 7.035704925299022250e-01 2.964295074701001065e-01
9.925000000000000000e+02 7.730919321105752529e-01 2.269080678894284386e-01
9.950000000000000000e+02 6.997952320882392385e-01 3.002047679117622603e-01
9.975000000000000000e+02 5.140842528601534678e-01 4.859157471398529160e-01
1.000000000000000000e+03 3.153352482881042196e-01 6.846647517119023307e-01
1.002500000000000000e+03 2.112204732557768638e-01 7.887795267442316849e-01
1.005000000000000000e+03 2.660176552325151378e-01 7.339823447674997947e-01
1.007500000000000000e+03 4.560232905917931401e-01 5.439767094082177401e-01
1.010000000000000000e+03 6.768059653229818728e-01 3.231940346770299510e-01
1.012500000000000000e+03 8.098262159098179591e-01 1.901737840901917553e-01
1.015000000000000000e+03 7.783924986455923456e-01 2.216075013544198669e-01
1.017500000000000000e+03 5.967651154595735585e-01 4.032348845404390980e-01
1.020000000000000000e+03 3.638965267063036801e-01 6.361034732937088654e-01
1.022500000000000000e+03 2.012394806150635262e-01 7.987605193849536267e-01
1.025000000000000000e+03 1.998502772930649818e-01 8.001497227069471752e-01
1.027500000000000000e+03 3.645200094210012121e-01 6.354799905790096126e-01
1.030000000000000000e+03 6.095570675244604830e-01 3.904429324755476216e-01
1.032500000000000000e+03 8.091800917750118227e-01 1.908199082249978640e-01
1.035000000000000000e+03 8.503202876818547473e-01 1.496797123181573541e-01
1.037500000000000000e+03 7.042426332467419670e-01 2.957573667532724659e-01
1.040000000000000000e+03 4.452222127763378889e-01 5.547777872236716590e-01
1.042500000000000000e+03 2.078966696106013257e-01 7.921033303894092770e-01
1.045000000000000000e+03 1.276610727282651847e-01 8.723389272717445575e-01
1.047500000000000000e+03 2.524348233764919236e-01 7.475651766235211770e-01
1.050000000000000000e+03 5.162176181143166565e-01 4.837823818856960001e-01
1.052500000000000000e+03 7.796931667585305092e-01 2.203068332414797048e-01
1.055000000000000000e+03 8.946059119151816841e-01 1.053940880848288769e-01
1.057500000000000000e+03 7.986724829494176170e-01 2.013275170505887113e-01
1.060000000000000000e+03 5.440562170544098741e-01 4.559437829456008950e-01
1.062500000000000000e+03 2.636686607944892513e-01 7.363313392055236273e-01
1.065000000000000000e+03 1.119387766754370156e-01 8.880612233245722686e-01
1.067500000000000000e+03 1.695739473443525491e-01 8.304260526556578315e-01
1.070000000000000000e+03 4.083246009939615617e-01 5.916753990060522606e-01
1.072500000000000000e+03 7.073231342593883086e-01 2.926768657406221275e-01
1.075000000000000000e+03 9.028015357145270370e-01 9.719846428548270523e-02
1.077500000000000000e+03 8.887008289010900342e-01 1.112991710989232746e-01
1.080000000000000000e+03 6.664214998829878223e-01 3.335785001170245567e-01
1.082500000000000000e+03 3.479191840395189916e-01 6.520808159604916110e-01
1.085000000000000000e+03 1.096263553611027813e-01 8.903736446389114434e-01
1.087500000000000000e+03 8.092531303602315540e-02 9.190746869639934147e-01
1.090000000000000000e+03 2.817792349727960000e-01 7.182207650272169897e-01
1.092500000000000000e+03 6.077114585422453974e-01 3.922885414577739205e-01
1.095000000000000000e+03 8.767708939105682830e-01 1.232291060894503826e-01
1.097500000000000000e+03 9.458601594286896175e-01 5.413984057132679301e-02
1.100000000000000000e+03 7.764436884802652372e-01 2.235563115197448658e-01
1.102500000000000000e+03 4.578408074492142932e-01 5.421591925508029153e-01
1.105000000000000000e+03 1.658494720907112141e-01 8.341505279093011094e-01
1.107500000000000000e+03 5.290834403261614194e-02 9.470916559673976387e-01
1.110000000000000000e+03 1.820681606687740983e-01 8.179318393312398072e-01
1.112500000000000000e+03 4.885312132798189100e-01 5.114687867201936911e-01
1.115000000000000000e+03 8.063041544846338837e-01 1.936958455153813541e-01
1.117500000000000000e+03 9.692346074279764023e-01 3.076539257203186190e-02
1.120000000000000000e+03 8.837653580869472281e-01 1.162346419130615011e-01
1.122500000000000000e+03 5.895090952585204658e-01 4.104909047414903034e-01
1.125000000000000000e+03 2.463442707630731920e-01 7.536557292369356897e-01
1.127500000000000000e+03 3.580763758853491158e-02 9.641923624114743241e-01
1.130000000000000000e+03 7.781434511903601026e-02 9.221856548809701515e-01
1.132500000000000000e+03 3.523977399323766080e-01 6.476022600676276664e-01
1.135000000000000000e+03 7.069265697155400208e-01 2.930734302844623107e-01
1.137500000000000000e+03 9.533531259413564607e-01 4.664687405864861164e-02
1.140000000000000000e+03 9.549701575438422907e-01 4.502984245616622333e-02
1.142500000000000000e+03 7.123714499161037939e-01 2.876285500839018683e-01
1.145000000000000000e+03 3.610268663437470327e-01 6.389731336562594066e-01
1.147500000000000000e+03 8.489839060411644156e-02 9.151016093958855846e-01
1.150000000000000000e+03 3.519381833328000253e-02 9.648061816667266033e-01
1.152500000000000000e+03 2.379128228631895436e-01 7.620871771368142866e-01
1.155000000000000000e+03 5.832207594584266630e-01 4.167792405415787216e-01
1.157500000000000000e+03 8.925834550401345879e-01 1.074165449598711991e-01
1.160000000000000000e+03 9.951805825101811553e-01 4.819417489828121959e-03
1.162500000000000000e+03 8.341548575189806636e-01 1.658451424810217789e-01
1.165000000000000000e+03 4.948624385743679022e-01 5.051375614256377045e-01
1.167500000000000000e+03 1.541642133021605132e-01 8.458357866978457595e-01
1.170000000000000000e+03 2.139808021714199003e-03 9.978601919782934537e-01
1.172500000000000000e+03 1.207275470669875311e-01 8.792724529330245842e-01
1.175000000000000000e+03 4.442914139442859511e-01 5.557085860557251511e-01
1.177500000000000000e+03 8.009310285723674205e-01 1.990689714276461519e-01
1.180000000000000000e+03 9.921327457254833782e-01 7.867254274527130803e-03
1.182500000000000000e+03 9.189290908171281469e-01 8.107090918288056836e-02
1.185000000000000000e+03 6.248679299698115530e-01 3.751320700302042122e-01
1.187500000000000000e+03 2.661159805478705564e-01 7.338840194521437654e-01
1.190000000000000000e+03 3.993212083831190751e-02 9.600678791616999996e-01
1.192500000000000000e+03 6.259523937437803942e-02 9.374047606256308285e-01
1.195000000000000000e+03 3.207020105246355390e-01 6.792979894753717884e-01
1.197500000000000000e+03 6.804516729150205112e-01 3.195483270849894808e-01
1.200000000000000000e+03 9.452235313874578493e-01 5.477646861255174027e-02
1.202500000000000000e+03 9.763269594903495330e-01 2.367304050965548037e-02
1.205000000000000000e+03 7.545284003052789013e-01 2.454715996947276768e-01
1.207500000000000000e+03 3.941085570834880203e-01 6.058914429165189741e-01
1.210000000000000000e+03 9.421748355057604773e-02 9.057825164494393011e-01
1.212500000000000000e+03 1.359247273907807432e-02 9.864075272609407197e-01
1.215000000000000000e+03 1.970927645238018389e-01 8.029072354762145647e-01
1.217500000000000000e+03 5.463878863808091513e-01 4.536121136192146630e-01
1.220000000000000000e+03 8.658296098787187089e-01 1.341703901212990546e-01
1.222500000000000000e+03 9.877103953977433015e-01 1.228960460227782915e-02
1.225000000000000000e+03 8.480694675466571297e-01 1.519305324533622992e-01
1.227500000000000000e+03 5.245983290874245419e-01 4.754016709125993279e-01
1.230000000000000000e+03 1.977441082785151572e-01 8.022558917215080188e-01
1.232500000000000000e+03 3.685038155889493877e-02 9.631496184411260097e-01
1.235000000000000000e+03 1.273344028520911886e-01 8.726655971479313489e-01
1.237500000000000000e+03 4.201425938874588928e-01 5.798574061125612022e-01
1.240000000000000000e+03 7.547634174534840756e-01 2.452365825465294413e-01
1.242500000000000000e+03 9.578439687259894253e-01 4.215603127402291206e-02
1.245000000000000000e+03 9.178603517686485525e-01 8.213964823136919724e-02
1.247500000000000000e+03 6.548934501276437725e-01 3.451065498723751013e-01
1.250000000000000000e+03 3.135621526134233505e-01 6.864378473865944130e-01
1.252500000000000000e+03 7.341405068397800771e-02 9.265859493160405469e-01
1.255000000000000000e+03 6.750276076965297523e-02 9.324972392303604307e-01
1.257500000000000000e+03 2.972115303526758900e-01 7.027884696473341020e-01
1.260000000000000000e+03 6.321165741305659891e-01 3.678834258694455572e-01
1.262500000000000000e+03 8.941631995531549304e-01 1.058368004468610846e-01
1.265000000000000000e+03 9.402811033379310235e-01 5.971889666208449188e-02
1.267500000000000000e+03 7.517019697343227946e-01 2.482980302656917493e-01
1.270000000000000000e+03 4.376824012356219096e-01 5.623175987643925788e-01
1.272500000000000000e+03 1.638238694155842445e-01 8.361761305844329639e-01
1.275000000000000000e+03 7.788909123411832947e-02 9.221109087658938552e-01
1.277500000000000000e+03 2.203279437820250264e-01 7.796720562179875191e-01
1.280000000000000000e+03 5.104935902966309946e-01 4.895064097033807737e-01
1.282500000000000000e+03 7.975687919182736785e-01 2.024312080817288750e-01
1.285000000000000000e+03 9.254423444954661404e-01 7.455765550454199198e-02
1.287500000000000000e+03 8.284816834736549174e-01 1.715183165263515774e-01
1.290000000000000000e+03 5.605272481181493571e-01 4.394727518818577483e-01
1.292500000000000000e+03 2.624199265083839716e-01 7.375800734916224677e-01
1.295000000000000000e+03 9.923086322124671788e-02 9.007691367787612480e-01
1.297500000000000000e+03 1.554359316142425729e-01 8.445640683857650322e-01
1.300000000000000000e+03 3.964171586105766365e-01 6.035828413894367417e-01
1.302500000000000000e+03 6.914381836138158155e-01 3.085618163861938434e-01
1.305000000000000000e+03 8.761989798746072644e-01 1.238010201254010206e-01
1.307500000000000000e+03 8.576920413945228194e-01 1.423079586054831758e-01
1.310000000000000000e+03 6.530722263049999476e-01 3.469277736950074353e-01
1.312500000000000000e+03 3.747017174298012954e-01 6.252982825702091407e-01
1.315000000000000000e+03 1.758147211650444852e-01 8.241852788349662839e-01
1.317500000000000000e+03 1.555257896108961924e-01 8.444742103891111906e-01
1.320000000000000000e+03 3.196744337515847190e-01 6.803255662484202215e-01
1.322500000000000000e+03 5.802662648913676779e-01 4.197337351086389834e-01
1.325000000000000000e+03 7.951761949667860430e-01 2.048238050332215066e-01
1.327500000000000000e+03 8.548168320091769079e-01 1.451831679908230921e-01
1.330000000000000000e+03 7.284595821198566190e-01 2.715404178801451018e-01
1.332500000000000000e+03 4.836037465277868153e-01 5.163962534722178477e-01
1.335000000000000000e+03 2.562835159750240788e-01 7.437164840249781417e-01
1.337500000000000000e+03 1.654185509704220458e-01 8.345814490295839772e-01
1.340000000000000000e+03 2.584548186810060044e-01 7.415451813189964936e-01
1.342500000000000000e+03 4.814984526446959845e-01 5.185015473553075127e-01
1.345000000000000000e+03 7.070313923942863621e-01 2.929686076057166355e-01
1.347500000000000000e+03 8.171277802296736947e-01 1.828722197703266938e-01
1.350000000000000000e+03 7.569208647870507845e-01 2.430791352129500205e-01
1.352500000000000000e+03 5.659240949116981501e-01 4.340759050883036818e-01
1.355000000000000000e+03 3.537433866588129416e-01 6.462566133411886682e-01
1.357500000000000000e+03 2.292168475616950529e-01 7.707831524383095267e-01
1.360000000000000000e+03 2.545492460055108208e-01 7.454507539944905670e-01
1.362500000000000000e+03 4.107082241145930679e-01 5.892917758854118171e-01
1.365000000000000000e+03 6.101194156655950218e-01 3.898805843344098632e-01
1.367500000000000000e+03 7.508426396913405743e-01 2.491573603086605915e-01
1.370000000000000000e+03 7.588924515874542198e-01 2.411075484125550783e-01
1.372500000000000000e+03 6.329793135991632624e-01 3.670206864008410674e-01
1.375000000000000000e+03 4.444642705379617809e-01 5.555357294620451025e-01
1.377500000000000000e+03 2.929504004477599399e-01 7.070495995522493304e-01
1.380000000000000000e+03 2.608003512637886434e-01 7.391996487362196833e-01
1.382500000000000000e+03 3.605039088874616438e-01 6.394960911125485703e-01
1.385000000000000000e+03 5.310716883063451021e-01 4.689283116936694973e-01
1.387500000000000000e+03 6.794619976233073899e-01 3.205380023767054887e-01
1.390000000000000000e+03 7.260700976971241616e-01 2.739299023028919366e-01
1.392500000000000000e+03 6.542422791477729982e-01 3.457577208522413792e-01
1.395000000000000000e+03 5.115710302647569208e-01 4.884289697352581228e-01
1.397500000000000000e+03 3.753987211022899451e-01 6.246012788977222119e-01
1.400000000000000000e+03 3.165358852861495098e-01 6.834641147138657002e-01
1.402500000000000000e+03 3.581370345159790580e-01 6.418629654840364296e-01
1.405000000000000000e+03 4.718595467084458761e-01 5.281404532915707772e-01
1.407500000000000000e+03 5.977577905119002555e-01 4.022422094881174526e-01
1.410000000000000000e+03 6.697750575169332254e-01 3.302249424830846491e-01
1.412500000000000000e+03 6.544972648432376694e-01 3.455027351567795391e-01
1.415000000000000000e+03 5.636604307938648528e-01 4.363395692061503572e-01
1.417500000000000000e+03 4.469127740728441323e-01 5.530872259271730762e-01
1.420000000000000000e+03 3.690290439612163298e-01 6.309709560388025995e-01
1.422500000000000000e+03 3.682977451411086900e-01 6.317022548589099618e-01
1.425000000000000000e+03 4.395693789103005122e-01 5.604306210897168627e-01
1.427500000000000000e+03 5.393121749730919179e-01 4.606878250269239028e-01
1.430000000000000000e+03 6.102569427586842510e-01 3.897430572413300709e-01
1.432500000000000000e+03 6.196709207984238965e-01 3.803290792015893151e-01
1.435000000000000000e+03 5.711332154247198423e-01 4.288667845752937025e-01
1.437500000000000000e+03 4.972869410685272218e-01 5.027130589314884324e-01
1.440000000000000000e+03 4.393172494082996371e-01 5.606827505917160170e-01
1.442500000000000000e+03 4.213142072316831133e-01 5.786857927683345393e-01
1.445000000000000000e+03 4.452168201236735290e-01 5.547831798763444011e-01
1.447500000000000000e+03 4.940228050451475061e-01 5.059771949548690362e-01
1.450000000000000000e+03 5.417429804666329396e-01 4.582570195333860452e-01
1.452500000000000000e+03 5.676776378598178407e-01 4.323223621401990902e-01
1.455000000000000000e+03 5.620635945084551111e-01 4.379364054915632076e-01
1.457500000000000000e+03 5.312290757274202857e-01 4.687709242725944803e-01
1.460000000000000000e+03 4.940021589013420256e-01 5.059978410986741837e-01
1.462500000000000000e+03 4.694874298055665696e-01 5.305125701944441996e-01
1.465000000000000000e+03 4.676065890350613041e-01 5.323934109649530733e-01
1.467500000000000000e+03 4.829866884246807879e-01 5.170133115753317021e-01
1.470000000000000000e+03 5.015747940064559929e-01 4.984252059935586066e-01
1.472500000000000000e+03 5.132020504304877218e-01 4.867979495695289871e-01
1.475000000000000000e+03 5.176028388073228292e-01 4.823971611926941017e-01
1.477500000000000000e+03 5.216016939147252174e-01 4.783983060852881053e-01
1.480000000000000000e+03 5.284980452930163608e-01 4.715019547069988493e-01
1.482500000000000000e+03 5.327681162511934687e-01 4.672318837488190768e-01
1.485000000000000000e+03 5.244983703261489882e-01 4.755016296738681647e-01
1.487500000000000000e+03 5.003165746041458029e-01 4.996834253958670757e-01
1.490000000000000000e+03 4.706353028620773871e-01 5.293646971379381005e-01
1.492500000000000000e+03 4.533196894768127816e-01 5.466803105232018734e-01
1.495000000000000000e+03 4.626854418336482366e-01 5.373145581663648640e-01
1.497500000000000000e+03 4.983140085931843100e-01 5.016859914068299009e-01
1.500000000000000000e+03 5.435589255451450663e-01 4.564410744548691445e-01
1.502500000000000000e+03 5.760589325566056740e-01 4.239410674434068715e-01
1.505000000000000000e+03 5.767124555241551764e-01 4.232875444758600336e-01
1.507500000000000000e+03 5.406994034765719714e-01 4.593005965234420174e-01
1.510000000000000000e+03 4.814977625103156744e-01 5.185022374896978148e-01
1.512500000000000000e+03 4.256266921947200466e-01 5.743733078052934982e-01
1.515000000000000000e+03 4.053500489460600265e-01 5.946499510539545730e-01
1.517500000000000000e+03 4.386888146089157892e-01 5.613111853910957016e-01
1.520000000000000000e+03 5.156028320919667784e-01 4.843971679080435466e-01
1.522500000000000000e+03 5.991728197383509036e-01 4.008271802616612534e-01
1.525000000000000000e+03 6.392583730138480247e-01 3.607416269861664637e-01
1.527500000000000000e+03 6.066135140688024840e-01 3.933864859312099505e-01
1.530000000000000000e+03 5.128104957715353684e-01 4.871895042284742905e-01
1.532500000000000000e+03 4.058363494315683218e-01 5.941636505684384506e-01
1.535000000000000000e+03 3.481244220360440456e-01 6.518755779639652248e-01
1.537500000000000000e+03 3.747658645540469236e-01 6.252341354459638456e-01
1.540000000000000000e+03 4.749420156051752939e-01 5.250579843948360859e-01
1.542500000000000000e+03 5.986170432827704335e-01 4.013829567172430002e-01
1.545000000000000000e+03 6.782991746645463671e-01 3.217008253354647351e-01
1.547500000000000000e+03 6.704548002150991781e-01 3.295451997849145886e-01
1.550000000000000000e+03 5.746251869418589342e-01 4.253748130581522235e-01
1.552500000000000000e+03 4.350053148931321001e-01 5.649946851068813336e-01
1.555000000000000000e+03 3.256582965417634812e-01 6.743417034582512848e-01
1.557500000000000000e+03 3.069222114061495033e-01 6.930777885938657068e-01
1.560000000000000000e+03 3.968054694597629162e-01 6.031945305402530710e-01
1.562500000000000000e+03 5.552116338694117470e-01 4.447883661306017422e-01
1.565000000000000000e+03 6.956734859895763456e-01 3.043265140104346456e-01
1.567500000000000000e+03 7.389211224891811813e-01 2.610788775108354720e-01
1.570000000000000000e+03 6.532474314484847389e-01 3.467525685515333023e-01
1.572500000000000000e+03 4.788251715640705064e-01 5.211748284359483119e-01
1.575000000000000000e+03 3.125658628017012330e-01 6.874341371983159199e-01
1.577500000000000000e+03 2.456492543959873931e-01 7.543507456040281500e-01
1.580000000000000000e+03 3.192862692076862130e-01 6.807137307923255554e-01
1.582500000000000000e+03 4.979137598868733638e-01 5.020862401131361841e-01
1.585000000000000000e+03 6.846614574641032291e-01 3.153385425359100935e-01
1.587500000000000000e+03 7.820250441504216221e-01 2.179749558495878703e-01
1.590000000000000000e+03 7.342369439253406682e-01 2.657630560746730430e-01
1.592500000000000000e+03 5.616053637351445804e-01 4.383946362648697415e-01
1.595000000000000000e+03 3.543560353444822342e-01 6.456439646555303113e-01
1.597500000000000000e+03 2.195364857015918991e-01 7.804635142984261975e-01
1.600000000000000000e+03 2.356119847717480231e-01 7.643880152282750418e-01
1.602500000000000000e+03 4.014485444687193039e-01 5.985514555313018459e-01
1.605000000000000000e+03 6.304414916157279336e-01 3.695585083842959917e-01
1.607500000000000000e+03 8.013559784096984107e-01 1.986440215903174933e-01
1.610000000000000000e+03 8.134566545764140288e-01 1.865433454236068989e-01
1.612500000000000000e+03 6.536590954132699416e-01 3.463409045867520963e-01
1.615000000000000000e+03 4.076394787903098171e-01 5.923605212097146078e-01
1.617500000000000000e+03 2.064335347000197385e-01 7.935664653000067403e-01
1.620000000000000000e+03 1.651014526058608989e-01 8.348985473941559210e-01
1.622500000000000000e+03 3.085721498267726126e-01 6.914278501732435966e-01
1.625000000000000000e+03 5.595375035093730354e-01 4.404624964906495022e-01
1.627500000000000000e+03 7.876552813241097795e-01 2.123447186759131466e-01
1.630000000000000000e+03 8.672301000965215723e-01 1.327698999034996885e-01
1.632500000000000000e+03 7.546525905779882804e-01 2.453474094220318147e-01
1.635000000000000000e+03 5.079078438031940923e-01 4.920921561968291669e-01
1.637500000000000000e+03 2.522515241287063281e-01 7.477484758713148771e-01
1.640000000000000000e+03 1.284861469367105380e-01 8.715138530633150804e-01
1.642500000000000000e+03 2.059225817301397754e-01 7.940774182698848715e-01
1.645000000000000000e+03 4.478499905626666111e-01 5.521500094373561485e-01
1.647500000000000000e+03 7.302858643887580881e-01 2.697141356112676691e-01
1.650000000000000000e+03 8.944167185326867830e-01 1.055832814673383496e-01
1.652500000000000000e+03 8.478996107390447401e-01 1.521003892609855968e-01
1.655000000000000000e+03 6.116137295817110076e-01 3.883862704183131953e-01
1.657500000000000000e+03 3.089711132840110008e-01 6.910288867160188087e-01
1.660000000000000000e+03 1.099997368393376557e-01 8.900002631606862558e-01
1.662500000000000000e+03 1.222789511189872613e-01 8.777210488810333056e-01
1.665000000000000000e+03 3.408220698461690845e-01 6.591779301538502889e-01
1.667500000000000000e+03 6.519452233579609013e-01 3.480547766420657441e-01
1.670000000000000000e+03 8.848013382830951512e-01 1.151986617169371979e-01
1.672500000000000000e+03 9.178863466158032614e-01 8.211365338422874083e-02
1.675000000000000000e+03 7.315515754819037486e-01 2.684484245181268380e-01
1.677500000000000000e+03 4.199861317464563260e-01 5.800138682535727064e-01
1.680000000000000000e+03 1.521890924066797157e-01 8.478109075933510930e-01
1.682500000000000000e+03 6.891889672049492099e-02 9.310811032795360820e-01
1.685000000000000000e+03 2.202134165128704080e-01 7.797865834871585689e-01
1.687500000000000000e+03 5.312536415292185010e-01 4.687463584708146946e-01
1.690000000000000000e+03 8.310754665668836916e-01 1.689245334331438420e-01
1.692500000000000000e+03 9.586942200445729423e-01 4.130577995544835318e-02
1.695000000000000000e+03 8.384258059601719104e-01 1.615741940398582877e-01
1.697500000000000000e+03 5.307213431965778216e-01 4.692786568034495454e-01
1.700000000000000000e+03 2.068247641477881926e-01 7.931752358522426993e-01
1.702500000000000000e+03 3.957243590991396665e-02 9.604275640901113187e-01
1.705000000000000000e+03 1.232006598092533767e-01 8.767993401907707707e-01
1.707500000000000000e+03 4.140735855121001618e-01 5.859264144879220426e-01
1.710000000000000000e+03 7.516737144540234228e-01 2.483262855459972829e-01
1.712500000000000000e+03 9.602173178056436775e-01 3.978268219437928327e-02
1.715000000000000000e+03 9.257838153709523343e-01 7.421618462907399183e-02
1.717500000000000000e+03 6.657514982454449948e-01 3.342485017545788195e-01
1.720000000000000000e+03 3.210001383530400876e-01 6.789998616469848924e-01
1.722500000000000000e+03 6.988270745619118429e-02 9.301172925438285777e-01
1.725000000000000000e+03 5.162482769169611518e-02 9.483751723083306828e-01
1.727500000000000000e+03 2.790210198981880607e-01 7.209789801018339217e-01
1.730000000000000000e+03 6.291749915299195139e-01 3.708250084701033567e-01
1.732500000000000000e+03 9.177600353852729542e-01 8.223996461475246988e-02
1.735000000000000000e+03 9.816036662051694783e-01 1.839633379485147019e-02
1.737500000000000000e+03 7.837050533923450857e-01 2.162949466076836136e-01
1.740000000000000000e+03 4.330627334587714428e-01 5.669372665412535373e-01
1.742500000000000000e+03 1.159885569648090309e-01 8.840114430352160602e-01
1.745000000000000000e+03 9.861384509360854658e-03 9.901386154906683945e-01
1.747500000000000000e+03 1.703777557252124375e-01 8.296222442748167891e-01
1.750000000000000000e+03 5.076194308784187648e-01 4.923805691216102676e-01
1.752500000000000000e+03 8.446370174884024751e-01 1.553629825116290275e-01
1.755000000000000000e+03 9.972406536629966345e-01 2.759346337031994955e-03
1.757500000000000000e+03 8.876590133317496800e-01 1.123409866682792968e-01
1.760000000000000000e+03 5.764735932561400045e-01 4.235264067438895275e-01
1.762500000000000000e+03 2.246011987257599540e-01 7.753988012742725200e-01
1.765000000000000000e+03 2.428631563979313096e-02 9.757136843602391973e-01
1.767500000000000000e+03 8.077302670213516722e-02 9.192269732978990415e-01
1.770000000000000000e+03 3.648580696262218037e-01 6.351419303738164990e-01
1.772500000000000000e+03 7.286860710574915023e-01 2.713139289425459677e-01
1.775000000000000000e+03 9.697006222088562222e-01 3.029937779117932578e-02
1.777500000000000000e+03 9.584919533824739490e-01 4.150804661755842784e-02
1.780000000000000000e+03 6.999029093763732279e-01 3.000970906236589131e-01
1.782500000000000000e+03 3.311940173233602902e-01 6.688059826766672433e-01
1.785000000000000000e+03 5.875783763605298138e-02 9.412421623639761759e-01
1.787500000000000000e+03 2.625074708109716506e-02 9.737492529189342161e-01
1.790000000000000000e+03 2.496777256908758180e-01 7.503222743091487734e-01
1.792500000000000000e+03 6.095254559820505458e-01 3.904745440179778759e-01
1.795000000000000000e+03 9.072903924172039947e-01 9.270960758282480174e-02
1.797500000000000000e+03 9.900005609665722961e-01 9.999439033460427728e-03
1.800000000000000000e+03 8.152218309361218829e-01 1.847781690639077601e-01
1.802500000000000000e+03 4.751866364693338451e-01 5.248133635306996281e-01
1.805000000000000000e+03 1.556390698793432836e-01 8.443609301206801421e-01
1.807500000000000000e+03 2.184747116780995022e-02 9.781525288322109324e-01
1.810000000000000000e+03 1.472376299269157474e-01 8.527623700731036260e-01
1.812500000000000000e+03 4.668116916653788917e-01 5.331883083346375951e-01
1.815000000000000000e+03 8.039270844410643102e-01 1.960729155589567285e-01
1.817500000000000000e+03 9.800529594928510946e-01 1.994704050716655450e-02
1.820000000000000000e+03 8.963543688588676561e-01 1.036456311411488029e-01
1.822500000000000000e+03 5.975947150806301122e-01 4.024052849193828774e-01
1.825000000000000000e+03 2.517884577744201047e-01 7.482115422255921633e-01
1.827500000000000000e+03 4.247383748366072992e-02 9.575261625163478119e-01
1.830000000000000000e+03 8.407170600416884187e-02 9.159282939958490743e-01
1.832500000000000000e+03 3.509095771076535808e-01 6.490904228923581876e-01
1.835000000000000000e+03 6.928276036118281578e-01 3.071723963881844432e-01
1.837500000000000000e+03 9.318061330785145646e-01 6.819386692149653761e-02
1.840000000000000000e+03 9.403820505285365172e-01 5.961794947147372459e-02
1.842500000000000000e+03 7.182236618179256293e-01 2.817763381820871382e-01
1.845000000000000000e+03 3.887649150840414292e-01 6.112350849159671196e-01
1.847500000000000000e+03 1.224068138020470986e-01 8.775931861979661130e-01
1.850000000000000000e+03 6.351815557254245070e-02 9.364818444274728426e-01
1.852500000000000000e+03 2.416564630432675442e-01 7.583435369567455009e-01
1.855000000000000000e+03 5.580850126402082667e-01 4.419149873598015033e-01
1.857500000000000000e+03 8.460602937578015625e-01 1.539397062422089846e-01
1.860000000000000000e+03 9.453428705144126809e-01 5.465712948559899031e-02
1.862500000000000000e+03 8.041698802041248317e-01 1.958301197958835504e-01
1.865000000000000000e+03 5.033370231348115453e-01 4.966629768651974475e-01
1.867500000000000000e+03 2.041822763104391980e-01 7.958177236895694895e-01
1.870000000000000000e+03 7.278640560825025418e-02 9.272135943917653167e-01
1.872500000000000000e+03 1.745930813171767126e-01 8.254069186828314475e-01
1.875000000000000000e+03 4.481377668761848954e-01 5.518622331238205447e-01
1.877500000000000000e+03 7.474850187376289590e-01 2.525149812623811441e-01
1.880000000000000000e+03 9.100386436915941513e-01 8.996135630841550768e-02
1.882500000000000000e+03 8.565621201915185612e-01 1.434378798084926798e-01
1.885000000000000000e+03 6.211869272801648911e-01 3.788130727198433245e-01
1.887500000000000000e+03 3.277507168251159175e-01 6.722492831748950737e-01
1.890000000000000000e+03 1.354001482796315381e-01 8.645998517203823397e-01
1.892500000000000000e+03 1.415444348688434939e-01 8.584555651311713831e-01
1.895000000000000000e+03 3.407132767150494734e-01 6.592867232849676240e-01
1.897500000000000000e+03 6.273657056476713567e-01 3.726342943523440754e-01
1.900000000000000000e+03 8.422644072058566023e-01 1.577355927941523073e-01
1.902500000000000000e+03 8.726635616297184761e-01 1.273364383702910718e-01
1.905000000000000000e+03 7.040059229980808464e-01 2.959940770019311440e-01
1.907500000000000000e+03 4.290197407005706953e-01 5.709802592994416282e-01
1.910000000000000000e+03 2.028436757406543722e-01 7.971563242593537879e-01
1.912500000000000000e+03 1.429870185383444736e-01 8.570129814616629371e-01
1.915000000000000000e+03 2.769847008325868054e-01 7.230152991674210217e-01
1.917500000000000000e+03 5.285404510166120673e-01 4.714595489833993680e-01
1.920000000000000000e+03 7.572725718179471599e-01 2.427274281820623048e-01
1.922500000000000000e+03 8.477942806296075995e-01 1.522057193704033917e-01
1.925000000000000000e+03 7.571357967703451486e-01 2.428642032296609854e-01
1.927500000000000000e+03 5.374302361108310722e-01 4.625697638891805297e-01
1.930000000000000000e+03 3.096813921893847299e-01 6.903186078106249290e-01
1.932500000000000000e+03 1.895282741407746385e-01 8.104717258592375462e-01
1.935000000000000000e+03 2.393040177224563247e-01 7.606959822775503088e-01
1.937500000000000000e+03 4.302591650621543362e-01 5.697408349378532133e-01
1.940000000000000000e+03 6.555143193546941749e-01 3.444856806453141518e-01
1.942500000000000000e+03 7.964813955849339155e-01 2.035186044150706641e-01
1.945000000000000000e+03 7.766796353007637821e-01 2.233203646992452940e-01
1.947500000000000000e+03 6.105099348166107553e-01 3.894900651833954619e-01
1.950000000000000000e+03 3.946981283932552986e-01 6.053018716067496419e-01
1.952500000000000000e+03 2.446123898616346937e-01 7.553876101383684150e-01
1.955000000000000000e+03 2.398794783295358501e-01 7.601205216704691736e-01
1.957500000000000000e+03 3.756875725525519183e-01 6.243124274474538549e-01
1.960000000000000000e+03 5.711508168777755801e-01 4.288491831222349671e-01
1.962500000000000000e+03 7.239480039143899592e-01 2.760519960856203658e-01
1.965000000000000000e+03 7.558852307632393241e-01 2.441147692367670874e-01
1.967500000000000000e+03 6.579210830561670331e-01 3.420789169438382404e-01
1.970000000000000000e+03 4.880687653824656302e-01 5.119312346175394213e-01
1.972500000000000000e+03 3.339428626503546105e-01 6.660571373496535497e-01
1.975000000000000000e+03 2.761281957217825989e-01 7.238718042782262829e-01
1.977500000000000000e+03 3.404451950724582954e-01 6.595548049275453684e-01
1.980000000000000000e+03 4.885569770113835086e-01 5.114430229886197665e-01
1.982500000000000000e+03 6.414977818974119117e-01 3.585022181025920296e-01
1.985000000000000000e+03 7.151585119443091276e-01 2.848414880556934259e-01
1.987500000000000000e+03 6.738385820795198544e-01 3.261614179204829211e-01
1.990000000000000000e+03 5.456088843449389270e-01 4.543911156550662911e-01
1.992500000000000000e+03 4.026439944321609787e-01 5.973560055678430736e-01
1.995000000000000000e+03 3.244399751927138364e-01 6.755600248072921588e-01
1.997500000000000000e+03 3.465289831133735454e-01 6.534710168866308955e-01
2.000000000000000000e+03 4.485155575559034435e-01 5.514844424440984438e-01
