0.000000000000000000e+00 0.000000000000000000e+00
2.500000000000000000e+00 4.212673638559466748e-06
5.000000000000000000e+00 5.718020356879785038e-05
7.500000000000000000e+00 2.280579459018396182e-04
1.000000000000000000e+01 5.074380763746866611e-04
1.250000000000000000e+01 7.899495138877918798e-04
1.500000000000000000e+01 9.377192818823381617e-04
1.750000000000000000e+01 9.174586269860028403e-04
2.000000000000000000e+01 8.343344244541100411e-04
2.250000000000000000e+01 8.559957278327389764e-04
2.500000000000000000e+01 1.070864178335420797e-03
2.750000000000000000e+01 1.408009193923654692e-03
3.000000000000000000e+01 1.671410217028953746e-03
3.250000000000000000e+01 1.707066993736997777e-03
3.500000000000000000e+01 1.512863895682226446e-03
3.750000000000000000e+01 1.236218620005152770e-03
4.000000000000000000e+01 1.054078126544739490e-03
4.250000000000000000e+01 1.019372739943262421e-03
4.500000000000000000e+01 1.048760708953991577e-03
4.750000000000000000e+01 1.020343667561767961e-03
5.000000000000000000e+01 8.998856554557646504e-04
5.250000000000000000e+01 7.607648855911128489e-04
5.500000000000000000e+01 7.031704272035283355e-04
5.750000000000000000e+01 7.473355690437587413e-04
6.000000000000000000e+01 8.250910803700214208e-04
6.250000000000000000e+01 8.592539981141572233e-04
6.500000000000000000e+01 8.467580993924291553e-04
6.750000000000000000e+01 8.704368962863861863e-04
7.000000000000000000e+01 1.015965183384567264e-03
7.250000000000000000e+01 1.279384722491551775e-03
7.500000000000000000e+01 1.539130092204185358e-03
7.750000000000000000e+01 1.665574551353560641e-03
8.000000000000000000e+01 1.628375638666234530e-03
8.250000000000000000e+01 1.537901751902402692e-03
8.500000000000000000e+01 1.544984450602797594e-03
8.750000000000000000e+01 1.696022639696807182e-03
9.000000000000000000e+01 1.877258593881572747e-03
9.250000000000000000e+01 1.913378858819152380e-03
9.500000000000000000e+01 1.714862918103929627e-03
9.750000000000000000e+01 1.355626228187328157e-03
1.000000000000000000e+02 1.020521552108770089e-03
1.025000000000000000e+02 8.390656022359287191e-04
1.050000000000000000e+02 8.104808318816826042e-04
1.075000000000000000e+02 8.152559250303389755e-04
1.100000000000000000e+02 7.364741873758388945e-04
1.125000000000000000e+02 5.553922541739530821e-04
1.150000000000000000e+02 3.605103092592705657e-04
1.175000000000000000e+02 2.453708296203870000e-04
1.200000000000000000e+02 2.287415002989412699e-04
1.225000000000000000e+02 2.473119592180093884e-04
1.250000000000000000e+02 2.489716078075963120e-04
1.275000000000000000e+02 2.677254453191109753e-04
1.300000000000000000e+02 3.931248134455969721e-04
1.325000000000000000e+02 6.662024680717451705e-04
1.350000000000000000e+02 9.942411944584862975e-04
1.375000000000000000e+02 1.215327410020471122e-03
1.400000000000000000e+02 1.213195699669980185e-03
1.425000000000000000e+02 1.032556997876397410e-03
1.450000000000000000e+02 8.510127056951269581e-04
1.475000000000000000e+02 8.335346628385681368e-04
1.500000000000000000e+02 1.004975837994649332e-03
1.525000000000000000e+02 1.229599826866660051e-03
1.550000000000000000e+02 1.313880964921371446e-03
1.575000000000000000e+02 1.167458112824766147e-03
1.600000000000000000e+02 8.669563059913632137e-04
1.625000000000000000e+02 5.762457562214567345e-04
1.650000000000000000e+02 4.214114967640502588e-04
1.675000000000000000e+02 3.899233597866912440e-04
1.700000000000000000e+02 3.909314307325717497e-04
1.725000000000000000e+02 3.654905745549434431e-04
1.750000000000000000e+02 3.477321488523061428e-04
1.775000000000000000e+02 4.115242495234532494e-04
1.800000000000000000e+02 5.724107127504857780e-04
1.825000000000000000e+02 7.595929939667546210e-04
1.850000000000000000e+02 8.715352267937969549e-04
1.875000000000000000e+02 8.875113893910026308e-04
1.900000000000000000e+02 8.947379342562873997e-04
1.925000000000000000e+02 1.021546015111401843e-03
1.950000000000000000e+02 1.310502363869422721e-03
1.975000000000000000e+02 1.669640396229540944e-03
2.000000000000000000e+02 1.916816681131213070e-03
2.025000000000000000e+02 1.942586715820623314e-03
2.050000000000000000e+02 1.791568741229213318e-03
2.075000000000000000e+02 1.627699142825679264e-03
2.100000000000000000e+02 1.594050725407961198e-03
2.125000000000000000e+02 1.682916347790861661e-03
2.150000000000000000e+02 1.752731622202514331e-03
2.175000000000000000e+02 1.664574744366524844e-03
2.200000000000000000e+02 1.408401286044501117e-03
2.225000000000000000e+02 1.099517672840561421e-03
2.250000000000000000e+02 8.851078769669526100e-04
2.275000000000000000e+02 8.106423465077892401e-04
2.300000000000000000e+02 8.133049505029411571e-04
2.325000000000000000e+02 7.920875876038167536e-04
2.350000000000000000e+02 7.117302348373262793e-04
2.375000000000000000e+02 6.284040286851751622e-04
2.400000000000000000e+02 6.262866485061605428e-04
2.425000000000000000e+02 7.193873453953934273e-04
2.450000000000000000e+02 8.299615750070177397e-04
2.475000000000000000e+02 8.726235358009465761e-04
2.500000000000000000e+02 8.489689145170240328e-04
2.525000000000000000e+02 8.627179981351376257e-04
2.550000000000000000e+02 1.016751188042134798e-03
2.575000000000000000e+02 1.298373574713255086e-03
2.600000000000000000e+02 1.551017308041339202e-03
2.625000000000000000e+02 1.604986194784675671e-03
2.650000000000000000e+02 1.410647724917111047e-03
2.675000000000000000e+02 1.086895534324851340e-03
2.700000000000000000e+02 8.366620022800776635e-04
2.725000000000000000e+02 7.755492750867123584e-04
2.750000000000000000e+02 8.613932322442276581e-04
2.775000000000000000e+02 9.344696417735645763e-04
2.800000000000000000e+02 8.535770085129284297e-04
2.825000000000000000e+02 6.082099733415575983e-04
2.850000000000000000e+02 3.197832318127278380e-04
2.875000000000000000e+02 1.147994456961244804e-04
2.900000000000000000e+02 3.568933733760374310e-05
2.925000000000000000e+02 2.502460108315086661e-05
2.950000000000000000e+02 2.590223917069750235e-05
2.975000000000000000e+02 5.568288667623539094e-05
3.000000000000000000e+02 1.822244200336397418e-04
3.025000000000000000e+02 4.339242798954756402e-04
3.050000000000000000e+02 7.284181201732307324e-04
3.075000000000000000e+02 9.359187288911255094e-04
3.100000000000000000e+02 9.778707790012448452e-04
3.125000000000000000e+02 9.174874891216187834e-04
3.150000000000000000e+02 9.122141971667867538e-04
3.175000000000000000e+02 1.084045773698348071e-03
3.200000000000000000e+02 1.404588450170972998e-03
3.225000000000000000e+02 1.714343644044368301e-03
3.250000000000000000e+02 1.828571438830718047e-03
3.275000000000000000e+02 1.698335479759130245e-03
3.300000000000000000e+02 1.442411300899056536e-03
3.325000000000000000e+02 1.238318571158414805e-03
3.350000000000000000e+02 1.182317019202496801e-03
3.375000000000000000e+02 1.214508908673870733e-03
3.400000000000000000e+02 1.204806936556260385e-03
3.425000000000000000e+02 1.084193433244744773e-03
3.450000000000000000e+02 9.064254405161516421e-04
3.475000000000000000e+02 7.790006105993908889e-04
3.500000000000000000e+02 7.643787866743611973e-04
3.525000000000000000e+02 8.228300449262841362e-04
3.550000000000000000e+02 8.664412368182206536e-04
3.575000000000000000e+02 8.568822390229282942e-04
3.600000000000000000e+02 8.478113337311194179e-04
3.625000000000000000e+02 9.322287422703722350e-04
3.650000000000000000e+02 1.137419037890305884e-03
3.675000000000000000e+02 1.384014502293098641e-03
3.700000000000000000e+02 1.533950987503107134e-03
3.725000000000000000e+02 1.527155931431127848e-03
3.750000000000000000e+02 1.439118863952822775e-03
3.775000000000000000e+02 1.420506929033796490e-03
3.800000000000000000e+02 1.553606971530626041e-03
3.825000000000000000e+02 1.763942799390370852e-03
3.850000000000000000e+02 1.868340085893420649e-03
3.875000000000000000e+02 1.737596426675561958e-03
3.900000000000000000e+02 1.404647311198564718e-03
3.925000000000000000e+02 1.029960687883267178e-03
3.950000000000000000e+02 7.889205632275823324e-04
3.975000000000000000e+02 7.235980142466010706e-04
4.000000000000000000e+02 7.419475629624307580e-04
4.025000000000000000e+02 7.050265391285586184e-04
4.050000000000000000e+02 5.538030501872661911e-04
4.075000000000000000e+02 3.447767304318042139e-04
4.100000000000000000e+02 1.889303753213672694e-04
4.125000000000000000e+02 1.333723650278345477e-04
4.150000000000000000e+02 1.389949653853592496e-04
4.175000000000000000e+02 1.430931291721024919e-04
4.200000000000000000e+02 1.509514979647763459e-04
4.225000000000000000e+02 2.437930950181810828e-04
4.250000000000000000e+02 4.836770883960826739e-04
4.275000000000000000e+02 8.267504956250203109e-04
4.300000000000000000e+02 1.112795073360273992e-03
4.325000000000000000e+02 1.203790488431211430e-03
4.350000000000000000e+02 1.090053382800385690e-03
4.375000000000000000e+02 9.126730560365662508e-04
4.400000000000000000e+02 8.567820813720040214e-04
4.425000000000000000e+02 9.985840243137613509e-04
4.450000000000000000e+02 1.242771860712922746e-03
4.475000000000000000e+02 1.402630372744307838e-03
4.500000000000000000e+02 1.341327883969419812e-03
4.525000000000000000e+02 1.084978251045386850e-03
4.550000000000000000e+02 7.933386618417504442e-04
4.575000000000000000e+02 6.077599459238129448e-04
4.600000000000000000e+02 5.573678164906084326e-04
4.625000000000000000e+02 5.586690161137636713e-04
4.650000000000000000e+02 5.313283264343467496e-04
4.675000000000000000e+02 4.817441301963248999e-04
4.700000000000000000e+02 4.863343831466233110e-04
4.725000000000000000e+02 5.959248976595008310e-04
4.750000000000000000e+02 7.677247159984255985e-04
4.775000000000000000e+02 9.057277640052518010e-04
4.800000000000000000e+02 9.500858993251915007e-04
4.825000000000000000e+02 9.512323049561706564e-04
4.850000000000000000e+02 1.027503996367296535e-03
4.875000000000000000e+02 1.258725285153623622e-03
4.900000000000000000e+02 1.589762667954600908e-03
4.925000000000000000e+02 1.868489213042826523e-03
4.950000000000000000e+02 1.950006370447749738e-03
4.975000000000000000e+02 1.835854316168593955e-03
5.000000000000000000e+02 1.671052150485584841e-03
5.025000000000000000e+02 1.612790560724329829e-03
5.050000000000000000e+02 1.693808573964402688e-03
5.075000000000000000e+02 1.794291302870655146e-03
5.100000000000000000e+02 1.753738947174146969e-03
5.125000000000000000e+02 1.515419582187954584e-03
5.150000000000000000e+02 1.176863044459062514e-03
5.175000000000000000e+02 8.910493346641450152e-04
5.200000000000000000e+02 7.573092388988814268e-04
5.225000000000000000e+02 7.401701725875542296e-04
5.250000000000000000e+02 7.335945652003172772e-04
5.275000000000000000e+02 6.652246369908701657e-04
5.300000000000000000e+02 5.624191611124744732e-04
5.325000000000000000e+02 5.082279152183193007e-04
5.350000000000000000e+02 5.495340951220370517e-04
5.375000000000000000e+02 6.409752111922041411e-04
5.400000000000000000e+02 6.921609293368052515e-04
5.425000000000000000e+02 6.759984103043988838e-04
5.450000000000000000e+02 6.726405553236562652e-04
5.475000000000000000e+02 7.987400160767383966e-04
5.500000000000000000e+02 1.074427511001355574e-03
5.525000000000000000e+02 1.380646682248763257e-03
5.550000000000000000e+02 1.526446337625504040e-03
5.575000000000000000e+02 1.416606011538753184e-03
5.600000000000000000e+02 1.127718142697477091e-03
5.625000000000000000e+02 8.477094194485002227e-04
5.650000000000000000e+02 7.429603850849288713e-04
5.675000000000000000e+02 8.205278266794996346e-04
5.700000000000000000e+02 9.387216229678522171e-04
5.725000000000000000e+02 9.311772724689602009e-04
5.750000000000000000e+02 7.421012434075101869e-04
5.775000000000000000e+02 4.574090246675963458e-04
5.800000000000000000e+02 2.249896224910492501e-04
5.825000000000000000e+02 1.143735396176222713e-04
5.850000000000000000e+02 9.389670467334870860e-05
5.875000000000000000e+02 9.293574740075184705e-05
5.900000000000000000e+02 1.017999347264467489e-04
5.925000000000000000e+02 1.839866400804124704e-04
5.950000000000000000e+02 3.903545274734355726e-04
5.975000000000000000e+02 6.832077121824752311e-04
6.000000000000000000e+02 9.326889521794255690e-04
6.025000000000000000e+02 1.038590226808255379e-03
6.050000000000000000e+02 1.012755614216448484e-03
6.075000000000000000e+02 9.875107378524961531e-04
6.100000000000000000e+02 1.105715488627405417e-03
6.125000000000000000e+02 1.396791826194468183e-03
6.150000000000000000e+02 1.727490212381126503e-03
6.175000000000000000e+02 1.913663147500642902e-03
6.200000000000000000e+02 1.855459616075174440e-03
6.225000000000000000e+02 1.627340878090495404e-03
6.250000000000000000e+02 1.410087665996864834e-03
6.275000000000000000e+02 1.325497944824887949e-03
6.300000000000000000e+02 1.352186958141035275e-03
6.325000000000000000e+02 1.361721205121590051e-03
6.350000000000000000e+02 1.254005285861145829e-03
6.375000000000000000e+02 1.046790154891819339e-03
6.400000000000000000e+02 8.558610594370755654e-04
6.425000000000000000e+02 7.727883256986793452e-04
6.450000000000000000e+02 7.951596290840285026e-04
6.475000000000000000e+02 8.402754561855976800e-04
6.500000000000000000e+02 8.395593093864882469e-04
6.525000000000000000e+02 8.109925966072840465e-04
6.550000000000000000e+02 8.393350090433956707e-04
6.575000000000000000e+02 9.843244785896333813e-04
6.600000000000000000e+02 1.199577283986776001e-03
6.625000000000000000e+02 1.365307545494255301e-03
6.650000000000000000e+02 1.389151240080078358e-03
6.675000000000000000e+02 1.311281911375323378e-03
6.700000000000000000e+02 1.274098616935171770e-03
6.725000000000000000e+02 1.387169233835731973e-03
6.750000000000000000e+02 1.610688935906582145e-03
6.775000000000000000e+02 1.779556970038381715e-03
6.800000000000000000e+02 1.729052242667795600e-03
6.825000000000000000e+02 1.438059080215296640e-03
6.850000000000000000e+02 1.052805475449694345e-03
6.875000000000000000e+02 7.576043160575661245e-04
6.900000000000000000e+02 6.523250802502061517e-04
6.925000000000000000e+02 6.739045662524122734e-04
6.950000000000000000e+02 6.777891408540688990e-04
6.975000000000000000e+02 5.651981572597405403e-04
7.000000000000000000e+02 3.626718580308474472e-04
7.025000000000000000e+02 1.735099282183962378e-04
7.050000000000000000e+02 8.103680207587738273e-05
7.075000000000000000e+02 7.012741025509717510e-05
7.100000000000000000e+02 7.579207401819021330e-05
7.125000000000000000e+02 7.776154075369296598e-05
7.150000000000000000e+02 1.406479784911709118e-04
7.175000000000000000e+02 3.468829589415259752e-04
7.200000000000000000e+02 6.811444402260147767e-04
7.225000000000000000e+02 1.018587396175805538e-03
7.250000000000000000e+02 1.193912125880593591e-03
7.275000000000000000e+02 1.153302401810976348e-03
7.300000000000000000e+02 9.980719427272138986e-04
7.325000000000000000e+02 9.118917271065836699e-04
7.350000000000000000e+02 1.017105990040320694e-03
7.375000000000000000e+02 1.270324175927805936e-03
7.400000000000000000e+02 1.488996618331967468e-03
7.425000000000000000e+02 1.509556698860679835e-03
7.450000000000000000e+02 1.310394334072177355e-03
7.475000000000000000e+02 1.020004832349678033e-03
7.500000000000000000e+02 8.076582024428563674e-04
7.525000000000000000e+02 7.329007899226204579e-04
7.550000000000000000e+02 7.332191938227794557e-04
7.575000000000000000e+02 7.092293148911487689e-04
7.600000000000000000e+02 6.384170867192884985e-04
7.625000000000000000e+02 5.878527772118818029e-04
7.650000000000000000e+02 6.333903138209392384e-04
7.675000000000000000e+02 7.711979795156174294e-04
7.700000000000000000e+02 9.140952375034968724e-04
7.725000000000000000e+02 9.834015430237388888e-04
7.750000000000000000e+02 9.857050095893873584e-04
7.775000000000000000e+02 1.021293144595471604e-03
7.800000000000000000e+02 1.189122694122307297e-03
7.825000000000000000e+02 1.486417570744921670e-03
7.850000000000000000e+02 1.776531620043917932e-03
7.875000000000000000e+02 1.908770840435177786e-03
7.900000000000000000e+02 1.837964870908447229e-03
7.925000000000000000e+02 1.675320135806896652e-03
7.950000000000000000e+02 1.590645433565911378e-03
7.975000000000000000e+02 1.654340312495769516e-03
8.000000000000000000e+02 1.776592394095383946e-03
8.025000000000000000e+02 1.789632390702268483e-03
8.050000000000000000e+02 1.595266972904961153e-03
8.075000000000000000e+02 1.246378522942082241e-03
8.100000000000000000e+02 9.089260108783034711e-04
8.125000000000000000e+02 7.080385774399437608e-04
8.150000000000000000e+02 6.557961755150109933e-04
8.175000000000000000e+02 6.540752573991724531e-04
8.200000000000000000e+02 6.050774109384792973e-04
8.225000000000000000e+02 4.970630694073759591e-04
8.250000000000000000e+02 4.057302975472318958e-04
8.275000000000000000e+02 4.000588377196528261e-04
8.300000000000000000e+02 4.664055236241464609e-04
8.325000000000000000e+02 5.235583779699124526e-04
8.350000000000000000e+02 5.196853227705319636e-04
8.375000000000000000e+02 5.078862372653099744e-04
8.400000000000000000e+02 6.029889699966118352e-04
8.425000000000000000e+02 8.626617096749191176e-04
8.450000000000000000e+02 1.196065122442632701e-03
8.475000000000000000e+02 1.426693027134271754e-03
8.500000000000000000e+02 1.413710739670321400e-03
8.525000000000000000e+02 1.180002178151278542e-03
8.550000000000000000e+02 9.004851255591296306e-04
8.575000000000000000e+02 7.580040878903072845e-04
8.600000000000000000e+02 8.136902856874355652e-04
8.625000000000000000e+02 9.599977086328213447e-04
8.650000000000000000e+02 1.017703111786788820e-03
8.675000000000000000e+02 8.884107305369701776e-04
8.700000000000000000e+02 6.270114308746141093e-04
8.725000000000000000e+02 3.729574344380078531e-04
8.750000000000000000e+02 2.350759545263639099e-04
8.775000000000000000e+02 2.019717320561886526e-04
8.800000000000000000e+02 2.007951532793047264e-04
8.825000000000000000e+02 1.966408264235276618e-04
8.850000000000000000e+02 2.369277464760178025e-04
8.875000000000000000e+02 3.911507316963451627e-04
8.900000000000000000e+02 6.514106029918300235e-04
8.925000000000000000e+02 9.216737431939808810e-04
8.950000000000000000e+02 1.077826061674710739e-03
8.975000000000000000e+02 1.092722279270228218e-03
9.000000000000000000e+02 1.063164566622917979e-03
9.025000000000000000e+02 1.139319148628119760e-03
9.050000000000000000e+02 1.387640388961002393e-03
9.075000000000000000e+02 1.725182420735088063e-03
9.100000000000000000e+02 1.961933653683855215e-03
9.125000000000000000e+02 1.969427689255356072e-03
9.150000000000000000e+02 1.777248059758094242e-03
9.175000000000000000e+02 1.545950744500246537e-03
9.200000000000000000e+02 1.432399250608930958e-03
9.225000000000000000e+02 1.450131925103224613e-03
9.250000000000000000e+02 1.481751890220921186e-03
9.275000000000000000e+02 1.399236079457617235e-03
9.300000000000000000e+02 1.186304918964455318e-03
9.325000000000000000e+02 9.388185977965748377e-04
9.350000000000000000e+02 7.807435844503738146e-04
9.375000000000000000e+02 7.467705112904113839e-04
9.400000000000000000e+02 7.765283947284583235e-04
9.425000000000000000e+02 7.840105643183837127e-04
9.450000000000000000e+02 7.495189151645626369e-04
9.475000000000000000e+02 7.384051900511075846e-04
9.500000000000000000e+02 8.266995531839426304e-04
9.525000000000000000e+02 1.008492022933451301e-03
9.550000000000000000e+02 1.177241264010255809e-03
9.575000000000000000e+02 1.230085023769998459e-03
9.600000000000000000e+02 1.168486948885986759e-03
9.625000000000000000e+02 1.113429121783273334e-03
9.650000000000000000e+02 1.195156980543177639e-03
9.675000000000000000e+02 1.421790092772833285e-03
9.700000000000000000e+02 1.645762449787527585e-03
9.725000000000000000e+02 1.686355222148657601e-03
9.750000000000000000e+02 1.471335581545041120e-03
9.775000000000000000e+02 1.098174308732516270e-03
9.800000000000000000e+02 7.670910478069461374e-04
9.825000000000000000e+02 6.098611027006251928e-04
9.850000000000000000e+02 6.160235308196554231e-04
9.875000000000000000e+02 6.514479255113615449e-04
9.900000000000000000e+02 5.875908532754550977e-04
9.925000000000000000e+02 4.066139921784228130e-04
9.950000000000000000e+02 2.047172049442193493e-04
9.975000000000000000e+02 7.952103562014320090e-05
1.000000000000000000e+03 4.963162699982226689e-05
1.002500000000000000e+03 5.575261286201148992e-05
1.005000000000000000e+03 5.736642379682062044e-05
1.007500000000000000e+03 9.622426638488122729e-05
1.010000000000000000e+03 2.557827908916796467e-04
1.012500000000000000e+03 5.640440192535194422e-04
1.015000000000000000e+03 9.207866820035244450e-04
1.017500000000000000e+03 1.171895794390463621e-03
1.020000000000000000e+03 1.214538069659946897e-03
1.022500000000000000e+03 1.102127210915980482e-03
1.025000000000000000e+03 1.004760017651045280e-03
1.027500000000000000e+03 1.071594627839289604e-03
1.030000000000000000e+03 1.306421547444033349e-03
1.032500000000000000e+03 1.563795946008906179e-03
1.035000000000000000e+03 1.655885326427850414e-03
1.037500000000000000e+03 1.515903053952055365e-03
1.040000000000000000e+03 1.244315942511167164e-03
1.042500000000000000e+03 1.008518443391824906e-03
1.045000000000000000e+03 9.100879279408768778e-04
1.047500000000000000e+03 9.065884432133963777e-04
1.050000000000000000e+03 8.914135076062406488e-04
1.052500000000000000e+03 8.097493638945835355e-04
1.055000000000000000e+03 7.106062483719681943e-04
1.057500000000000000e+03 6.824744840016181606e-04
1.060000000000000000e+03 7.606123033108161619e-04
1.062500000000000000e+03 8.891892518937771859e-04
1.065000000000000000e+03 9.747435437730162270e-04
1.067500000000000000e+03 9.885762716635572260e-04
1.070000000000000000e+03 9.996832985012232137e-04
1.072500000000000000e+03 1.115202450625761132e-03
1.075000000000000000e+03 1.363292665345257728e-03
1.077500000000000000e+03 1.651359304760489227e-03
1.080000000000000000e+03 1.818476251021815173e-03
1.082500000000000000e+03 1.787992745830681686e-03
1.085000000000000000e+03 1.634751118271081990e-03
1.087500000000000000e+03 1.524118800574306805e-03
1.090000000000000000e+03 1.566000281949879794e-03
1.092500000000000000e+03 1.708605395407097449e-03
1.095000000000000000e+03 1.781409230689028501e-03
1.097500000000000000e+03 1.647488752154494624e-03
1.100000000000000000e+03 1.319428420364290562e-03
1.102500000000000000e+03 9.369670091842770667e-04
1.105000000000000000e+03 6.683008998149731102e-04
1.107500000000000000e+03 5.656538313444517754e-04
1.110000000000000000e+03 5.601087150095095243e-04
1.112500000000000000e+03 5.347693465111067433e-04
1.115000000000000000e+03 4.411667537933719571e-04
1.117500000000000000e+03 3.296396277564560902e-04
1.120000000000000000e+03 2.847064071362983293e-04
1.122500000000000000e+03 3.232246877951674936e-04
1.125000000000000000e+03 3.801712360228863509e-04
1.127500000000000000e+03 3.897964249948627407e-04
1.130000000000000000e+03 3.731876491646979929e-04
1.132500000000000000e+03 4.362079260802969542e-04
1.135000000000000000e+03 6.616236960194233751e-04
1.137500000000000000e+03 1.011392732022570662e-03
1.140000000000000000e+03 1.313924186147960712e-03
1.142500000000000000e+03 1.407012897546008022e-03
1.145000000000000000e+03 1.256317306327960895e-03
1.147500000000000000e+03 9.928156283451625500e-04
1.150000000000000000e+03 8.177660093244076096e-04
1.152500000000000000e+03 8.370430572785168789e-04
1.155000000000000000e+03 9.899975685216493015e-04
1.157500000000000000e+03 1.105885274490312885e-03
1.160000000000000000e+03 1.046435548640347853e-03
1.162500000000000000e+03 8.197166542262297869e-04
1.165000000000000000e+03 5.610600209646839261e-04
1.167500000000000000e+03 3.937913016903140046e-04
1.170000000000000000e+03 3.434590693419015844e-04
1.172500000000000000e+03 3.412081872205756481e-04
1.175000000000000000e+03 3.297872273254757775e-04
1.177500000000000000e+03 3.320401074028544314e-04
1.180000000000000000e+03 4.215755512521153405e-04
1.182500000000000000e+03 6.325268202629238902e-04
1.185000000000000000e+03 8.949650097263592112e-04
1.187500000000000000e+03 1.092700862346581998e-03
1.190000000000000000e+03 1.154326394002652125e-03
1.192500000000000000e+03 1.136170454562003638e-03
1.195000000000000000e+03 1.176003970268196634e-03
1.197500000000000000e+03 1.375075454600492792e-03
1.200000000000000000e+03 1.690031642559915040e-03
1.202500000000000000e+03 1.962431805837340591e-03
1.205000000000000000e+03 2.030160563559849432e-03
1.207500000000000000e+03 1.878115976920602002e-03
1.210000000000000000e+03 1.647802957838596493e-03
1.212500000000000000e+03 1.506189818248448390e-03
1.215000000000000000e+03 1.509673856313564549e-03
1.217500000000000000e+03 1.560715900755167782e-03
1.220000000000000000e+03 1.513539618190744632e-03
1.222500000000000000e+03 1.307639768447495287e-03
1.225000000000000000e+03 1.021000431581167061e-03
1.227500000000000000e+03 7.846854785724615257e-04
1.230000000000000000e+03 6.838500607993353540e-04
1.232500000000000000e+03 6.861001442687340380e-04
1.235000000000000000e+03 6.996399442576722166e-04
1.237500000000000000e+03 6.706278437071483368e-04
1.240000000000000000e+03 6.363336829461394136e-04
1.242500000000000000e+03 6.764595088360806068e-04
1.245000000000000000e+03 8.147991658601011012e-04
1.247500000000000000e+03 9.786569790212475920e-04
1.250000000000000000e+03 1.054261280569194093e-03
1.252500000000000000e+03 1.011092289514058887e-03
1.255000000000000000e+03 9.450413641984839594e-04
1.257500000000000000e+03 9.979147027046706298e-04
1.260000000000000000e+03 1.215866236476554393e-03
1.262500000000000000e+03 1.490310464241957058e-03
1.265000000000000000e+03 1.623461005144623747e-03
1.267500000000000000e+03 1.497180965498207290e-03
1.270000000000000000e+03 1.164937735773379076e-03
1.272500000000000000e+03 8.050534014686487085e-04
1.275000000000000000e+03 5.988991845176739942e-04
1.277500000000000000e+03 5.808010193405568639e-04
1.280000000000000000e+03 6.407150560772684059e-04
1.282500000000000000e+03 6.285118509722183644e-04
1.285000000000000000e+03 4.866487151548274542e-04
1.287500000000000000e+03 2.817094425846180389e-04
1.290000000000000000e+03 1.298878061386191541e-04
1.292500000000000000e+03 7.608880657670475257e-05
1.295000000000000000e+03 7.946888546608193212e-05
1.297500000000000000e+03 8.294889725218622465e-05
1.300000000000000000e+03 1.001481675996989887e-04
1.302500000000000000e+03 2.132975684234765155e-04
1.305000000000000000e+03 4.758372888865739555e-04
1.307500000000000000e+03 8.379961226885340600e-04
1.310000000000000000e+03 1.144595063779165096e-03
1.312500000000000000e+03 1.271134568140921614e-03
1.315000000000000000e+03 1.215042184738876051e-03
1.317500000000000000e+03 1.114325593095665239e-03
1.320000000000000000e+03 1.138090274567089789e-03
1.322500000000000000e+03 1.343968632466011059e-03
1.325000000000000000e+03 1.618809711510000573e-03
1.327500000000000000e+03 1.776873877544073643e-03
1.330000000000000000e+03 1.704322583806773626e-03
1.332500000000000000e+03 1.457559513408298278e-03
1.335000000000000000e+03 1.207270725536237731e-03
1.337500000000000000e+03 1.077115429758557100e-03
1.340000000000000000e+03 1.062523998990802954e-03
1.342500000000000000e+03 1.056860864048164792e-03
1.345000000000000000e+03 9.762155830252510196e-04
1.347500000000000000e+03 8.377569173534918281e-04
1.350000000000000000e+03 7.380612893228668051e-04
1.352500000000000000e+03 7.461463883552916588e-04
1.355000000000000000e+03 8.395836066144025641e-04
1.357500000000000000e+03 9.314553754652478467e-04
1.360000000000000000e+03 9.595043230673976162e-04
1.362500000000000000e+03 9.575177324040323474e-04
1.365000000000000000e+03 1.023324294824047923e-03
1.367500000000000000e+03 1.219781273854269850e-03
1.370000000000000000e+03 1.486481089960248018e-03
1.372500000000000000e+03 1.681940015898751540e-03
1.375000000000000000e+03 1.694105758333820221e-03
1.377500000000000000e+03 1.558523946283973081e-03
1.380000000000000000e+03 1.432384166783842901e-03
1.382500000000000000e+03 1.449434230121654683e-03
1.385000000000000000e+03 1.597882353254492837e-03
1.387500000000000000e+03 1.725823953872647346e-03
1.390000000000000000e+03 1.665304118888125953e-03
1.392500000000000000e+03 1.374980324147952225e-03
1.395000000000000000e+03 9.783210225411968688e-04
1.397500000000000000e+03 6.484922545396327228e-04
1.400000000000000000e+03 4.942421131952966576e-04
1.402500000000000000e+03 4.743120341391999931e-04
1.405000000000000000e+03 4.701169621518064929e-04
1.407500000000000000e+03 3.984823120686444421e-04
1.410000000000000000e+03 2.824806631042318353e-04
1.412500000000000000e+03 2.045825158560419111e-04
1.415000000000000000e+03 2.127759024155101105e-04
1.417500000000000000e+03 2.658271962670551267e-04
1.420000000000000000e+03 2.886446898384820289e-04
1.422500000000000000e+03 2.737108246409389561e-04
1.425000000000000000e+03 3.099546760249783815e-04
1.427500000000000000e+03 5.017829627759832741e-04
1.430000000000000000e+03 8.438591758981666639e-04
1.432500000000000000e+03 1.203672407956030100e-03
1.435000000000000000e+03 1.392955920002185736e-03
1.437500000000000000e+03 1.331531249241417816e-03
1.440000000000000000e+03 1.106822246993269514e-03
1.442500000000000000e+03 9.096999031947815848e-04
1.445000000000000000e+03 8.930467824606182041e-04
1.447500000000000000e+03 1.044403554609743719e-03
1.450000000000000000e+03 1.204746969926023424e-03
1.452500000000000000e+03 1.212181536859845967e-03
1.455000000000000000e+03 1.031826047291977853e-03
1.457500000000000000e+03 7.701201735831807128e-04
1.460000000000000000e+03 5.757332079665755317e-04
1.462500000000000000e+03 5.016621650615919401e-04
1.465000000000000000e+03 4.965311823545740747e-04
1.467500000000000000e+03 4.831224803018176325e-04
1.470000000000000000e+03 4.564382857354783922e-04
1.472500000000000000e+03 4.862501692163327064e-04
1.475000000000000000e+03 6.318599982546187471e-04
1.477500000000000000e+03 8.673875111619400950e-04
1.480000000000000000e+03 1.081310349128654195e-03
1.482500000000000000e+03 1.183674004224087020e-03
1.485000000000000000e+03 1.182731944052236792e-03
1.487500000000000000e+03 1.195005734087639486e-03
1.490000000000000000e+03 1.340657483357471759e-03
1.492500000000000000e+03 1.628853450746135497e-03
1.495000000000000000e+03 1.918968506602832663e-03
1.497500000000000000e+03 2.043364764112581139e-03
1.500000000000000000e+03 1.940012090736009274e-03
1.502500000000000000e+03 1.713448977323660813e-03
1.505000000000000000e+03 1.544094706666941956e-03
1.507500000000000000e+03 1.522254942933540939e-03
1.510000000000000000e+03 1.584401924444925596e-03
1.512500000000000000e+03 1.577934347684093559e-03
1.515000000000000000e+03 1.403964450231098664e-03
1.517500000000000000e+03 1.097984000333935553e-03
1.520000000000000000e+03 8.020907237383775911e-04
1.522500000000000000e+03 6.272601239412684167e-04
1.525000000000000000e+03 5.857763526832834942e-04
1.527500000000000000e+03 5.943003285795851699e-04
1.530000000000000000e+03 5.743541395785561887e-04
1.532500000000000000e+03 5.284601270366035865e-04
1.535000000000000000e+03 5.291830964015816147e-04
1.537500000000000000e+03 6.275074736012606607e-04
1.540000000000000000e+03 7.780624449908138830e-04
1.542500000000000000e+03 8.756023997257188435e-04
1.545000000000000000e+03 8.588298714559625948e-04
1.547500000000000000e+03 7.922234813853132242e-04
1.550000000000000000e+03 8.167323650132296293e-04
1.552500000000000000e+03 1.015332430560104797e-03
1.555000000000000000e+03 1.313822399966519186e-03
1.557500000000000000e+03 1.531607490882448989e-03
1.560000000000000000e+03 1.507375873713763265e-03
1.562500000000000000e+03 1.237630057248913923e-03
1.565000000000000000e+03 8.843279695720439272e-04
1.567500000000000000e+03 6.375844430871377942e-04
1.570000000000000000e+03 5.876150998857427882e-04
1.572500000000000000e+03 6.566447119272976691e-04
1.575000000000000000e+03 6.888984718741584167e-04
1.577500000000000000e+03 5.893341935210946085e-04
1.580000000000000000e+03 3.964131779535100828e-04
1.582500000000000000e+03 2.216316742852548214e-04
1.585000000000000000e+03 1.442522713250811233e-04
1.587500000000000000e+03 1.417584066226093835e-04
1.590000000000000000e+03 1.495829350584822410e-04
1.592500000000000000e+03 1.550721797976749533e-04
1.595000000000000000e+03 2.251587247332322364e-04
1.597500000000000000e+03 4.363258106288203566e-04
1.600000000000000000e+03 7.696837535667294802e-04
1.602500000000000000e+03 1.108609349213533725e-03
1.605000000000000000e+03 1.302487340617207575e-03
1.607500000000000000e+03 1.307647525068358690e-03
1.610000000000000000e+03 1.222188646539984231e-03
1.612500000000000000e+03 1.215813701938121827e-03
1.615000000000000000e+03 1.385020566996335778e-03
1.617500000000000000e+03 1.665563179240851224e-03
1.620000000000000000e+03 1.871139380426762103e-03
1.622500000000000000e+03 1.860626856004626113e-03
1.625000000000000000e+03 1.647521126834701911e-03
1.627500000000000000e+03 1.380541164707109816e-03
1.630000000000000000e+03 1.217909764875400522e-03
1.632500000000000000e+03 1.186731586808283286e-03
1.635000000000000000e+03 1.192781413667338411e-03
1.637500000000000000e+03 1.125289996649801554e-03
1.640000000000000000e+03 9.694109012826398596e-04
1.642500000000000000e+03 8.065115086028143681e-04
1.645000000000000000e+03 7.353118414314971721e-04
1.647500000000000000e+03 7.726873457217556772e-04
1.650000000000000000e+03 8.498320881179525143e-04
1.652500000000000000e+03 8.881537104911488029e-04
1.655000000000000000e+03 8.822237076592191057e-04
1.657500000000000000e+03 9.125878259807912191e-04
1.660000000000000000e+03 1.058389265835805917e-03
1.662500000000000000e+03 1.302796096229184289e-03
1.665000000000000000e+03 1.514644577202128861e-03
1.667500000000000000e+03 1.569612617108896713e-03
1.670000000000000000e+03 1.461145980121945258e-03
1.672500000000000000e+03 1.320275329138589091e-03
1.675000000000000000e+03 1.303919947788224161e-03
1.677500000000000000e+03 1.446662523122627716e-03
1.680000000000000000e+03 1.620888779130704631e-03
1.682500000000000000e+03 1.644203234030804182e-03
1.685000000000000000e+03 1.426095098127586622e-03
1.687500000000000000e+03 1.039320780106544511e-03
1.690000000000000000e+03 6.701901790536134943e-04
1.692500000000000000e+03 4.545982751948053797e-04
1.695000000000000000e+03 4.045181612010018525e-04
1.697500000000000000e+03 4.120967891750271185e-04
1.700000000000000000e+03 3.692562377626485348e-04
1.702500000000000000e+03 2.610251084135704544e-04
1.705000000000000000e+03 1.637831351014073567e-04
1.707500000000000000e+03 1.447214536112492560e-04
1.710000000000000000e+03 1.897501473829958131e-04
1.712500000000000000e+03 2.267909654687960718e-04
1.715000000000000000e+03 2.221066263145982924e-04
1.717500000000000000e+03 2.394307272013153625e-04
1.720000000000000000e+03 3.858419583056798673e-04
1.722500000000000000e+03 7.023702353580029561e-04
1.725000000000000000e+03 1.085327319253264096e-03
1.727500000000000000e+03 1.361309838933438127e-03
1.730000000000000000e+03 1.399904274404534243e-03
1.732500000000000000e+03 1.235315078599084774e-03
1.735000000000000000e+03 1.041277273747635195e-03
1.737500000000000000e+03 9.894978525292997488e-04
1.740000000000000000e+03 1.118535678946047315e-03
1.742500000000000000e+03 1.305501595420037854e-03
1.745000000000000000e+03 1.371333934445532858e-03
1.747500000000000000e+03 1.239058107180835734e-03
1.750000000000000000e+03 9.889004125840949490e-04
1.752500000000000000e+03 7.681687487137455785e-04
1.755000000000000000e+03 6.691631611647775582e-04
1.757500000000000000e+03 6.578576730796227177e-04
1.760000000000000000e+03 6.482771855540395275e-04
1.762500000000000000e+03 6.046874035929112809e-04
1.765000000000000000e+03 5.797217115598062498e-04
1.767500000000000000e+03 6.506819687465975480e-04
1.770000000000000000e+03 8.284867018443616222e-04
1.772500000000000000e+03 1.036908998836497467e-03
1.775000000000000000e+03 1.167213195836631695e-03
1.777500000000000000e+03 1.191473467325050587e-03
1.780000000000000000e+03 1.192022883010453432e-03
1.782500000000000000e+03 1.295603709591920368e-03
1.785000000000000000e+03 1.543263663776065593e-03
1.787500000000000000e+03 1.839258261635267786e-03
1.790000000000000000e+03 2.006257019579756225e-03
1.792500000000000000e+03 1.949478035313638230e-03
1.795000000000000000e+03 1.736322671718665495e-03
1.797500000000000000e+03 1.538431646142251726e-03
1.800000000000000000e+03 1.488268433110154568e-03
1.802500000000000000e+03 1.558404070347894823e-03
1.805000000000000000e+03 1.598557700892615447e-03
1.807500000000000000e+03 1.473039896272771484e-03
1.810000000000000000e+03 1.178524291073349039e-03
1.812500000000000000e+03 8.315894057288549012e-04
1.815000000000000000e+03 5.824233464249537091e-04
1.817500000000000000e+03 4.818592733538649433e-04
1.820000000000000000e+03 4.746508541294012303e-04
1.822500000000000000e+03 4.652943386530723215e-04
1.825000000000000000e+03 4.219418534661746904e-04
1.827500000000000000e+03 3.981865523743916414e-04
1.830000000000000000e+03 4.599099342672059070e-04
1.832500000000000000e+03 5.955165627778758776e-04
1.835000000000000000e+03 7.088248865264393239e-04
1.837500000000000000e+03 7.212190011595821359e-04
1.840000000000000000e+03 6.609375166974578277e-04
1.842500000000000000e+03 6.564736749320468573e-04
1.845000000000000000e+03 8.197175274049492205e-04
1.847500000000000000e+03 1.131030057438017549e-03
1.850000000000000000e+03 1.420650904779591174e-03
1.852500000000000000e+03 1.507383779711311518e-03
1.855000000000000000e+03 1.329932773671864670e-03
1.857500000000000000e+03 1.000525298623298988e-03
1.860000000000000000e+03 7.251743129654614683e-04
1.862500000000000000e+03 6.317060681623535819e-04
1.865000000000000000e+03 6.935274914310226007e-04
1.867500000000000000e+03 7.639234719916262410e-04
1.870000000000000000e+03 7.146164115193263770e-04
1.872500000000000000e+03 5.429891134804944392e-04
1.875000000000000000e+03 3.573699354008555819e-04
1.877500000000000000e+03 2.536461467557903581e-04
1.880000000000000000e+03 2.399954994071951586e-04
1.882500000000000000e+03 2.525825002575570605e-04
1.885000000000000000e+03 2.530578778892890956e-04
1.887500000000000000e+03 2.848664182948237931e-04
1.890000000000000000e+03 4.299141648577468563e-04
1.892500000000000000e+03 7.170579536318105653e-04
1.895000000000000000e+03 1.056000868846176510e-03
1.897500000000000000e+03 1.307244675778177498e-03
1.900000000000000000e+03 1.378771545442238891e-03
1.902500000000000000e+03 1.323673569085701777e-03
1.905000000000000000e+03 1.296553977367000685e-03
1.907500000000000000e+03 1.423957313474900335e-03
1.910000000000000000e+03 1.684802063628754393e-03
1.912500000000000000e+03 1.924751414604908501e-03
1.915000000000000000e+03 1.972712766434044866e-03
1.917500000000000000e+03 1.797270950501147959e-03
1.920000000000000000e+03 1.528625930581076859e-03
1.922500000000000000e+03 1.332535382895684052e-03
1.925000000000000000e+03 1.279779721407702658e-03
1.927500000000000000e+03 1.294022600959923459e-03
1.930000000000000000e+03 1.249328270630598731e-03
1.932500000000000000e+03 1.089634307429306536e-03
1.935000000000000000e+03 8.784301859398065517e-04
1.937500000000000000e+03 7.246554038435153167e-04
1.940000000000000000e+03 6.916085777919966709e-04
1.942500000000000000e+03 7.400400285813728057e-04
1.945000000000000000e+03 7.828584850679611582e-04
1.947500000000000000e+03 7.820582288585707382e-04
1.950000000000000000e+03 7.900618259729527909e-04
1.952500000000000000e+03 8.931720515578114254e-04
1.955000000000000000e+03 1.102957019560612140e-03
1.957500000000000000e+03 1.323800817441543034e-03
1.960000000000000000e+03 1.416230706450715294e-03
1.962500000000000000e+03 1.338151545800697270e-03
1.965000000000000000e+03 1.193511186722632329e-03
1.967500000000000000e+03 1.146406592491163324e-03
1.970000000000000000e+03 1.274501628410035746e-03
1.972500000000000000e+03 1.489478347483867010e-03
1.975000000000000000e+03 1.598049542236091355e-03
1.977500000000000000e+03 1.465148142766173117e-03
1.980000000000000000e+03 1.119235826648318482e-03
1.982500000000000000e+03 7.201374859026393391e-04
1.985000000000000000e+03 4.504491640070070412e-04
1.987500000000000000e+03 3.624971547391784297e-04
1.990000000000000000e+03 3.757752030644778978e-04
1.992500000000000000e+03 3.635093932688400519e-04
1.995000000000000000e+03 2.763444875294433930e-04
1.997500000000000000e+03 1.685374863508855791e-04
2.000000000000000000e+03 1.239714898613651314e-04
