0.000000000000000000e+00 0.000000000000000000e+00 1.000000000000000000e+00
2.500000000000000000e+00 1.373925996972125141e-01 8.626074003027898174e-01
5.000000000000000000e+00 4.697155299973045928e-01 5.302844700027041780e-01
7.500000000000000000e+00 8.202383113532021319e-01 1.797616886468096919e-01
1.000000000000000000e+01 9.950350145256899870e-01 4.964985474320652951e-03
1.250000000000000000e+01 9.057726242952445217e-01 9.422737570477009161e-02
1.500000000000000000e+01 6.067394992255039643e-01 3.932605007745091363e-01
1.750000000000000000e+01 2.577899596280079919e-01 7.422100403720114370e-01
2.000000000000000000e+01 5.061457516757705832e-02 9.493854248324430367e-01
2.250000000000000000e+01 9.019699432278509288e-02 9.098030056772411500e-01
2.500000000000000000e+01 3.523701661691967524e-01 6.476298338308253966e-01
2.750000000000000000e+01 7.013664717115943859e-01 2.986335282884209352e-01
3.000000000000000000e+01 9.490765308026632985e-01 5.092346919735137034e-02
3.250000000000000000e+01 9.694892625529417662e-01 3.051073744708083374e-02
3.500000000000000000e+01 7.512386508331228008e-01 2.487613491669004306e-01
3.750000000000000000e+01 4.050237290122664646e-01 5.949762709877564060e-01
4.000000000000000000e+01 1.180053372139427265e-01 8.819946627860801858e-01
4.250000000000000000e+01 3.931128395031616846e-02 9.606887160497015188e-01
4.500000000000000000e+01 2.139082441325201311e-01 7.860917558675122319e-01
4.750000000000000000e+01 5.518393947150023182e-01 4.481606052850259925e-01
5.000000000000000000e+01 8.652347426553386178e-01 1.347652573446895541e-01
5.250000000000000000e+01 9.857177317870107203e-01 1.428226821302328552e-02
5.500000000000000000e+01 8.429827624297754340e-01 1.570172375702547640e-01
5.750000000000000000e+01 5.114739076606755752e-01 4.885260923393552890e-01
6.000000000000000000e+01 1.774559886921637797e-01 8.225440113078670290e-01
6.250000000000000000e+01 1.985739459955748742e-02 9.801426054004714894e-01
6.500000000000000000e+01 1.266456417621176223e-01 8.733543582379179604e-01
6.750000000000000000e+01 4.392294007239922471e-01 5.607705992760410041e-01
7.000000000000000000e+01 7.816329541025801575e-01 2.183670458974617812e-01
7.250000000000000000e+01 9.738285326626638927e-01 2.617146733737363978e-02
7.500000000000000000e+01 9.130928772298029239e-01 8.690712277022696886e-02
7.750000000000000000e+01 6.362102513072662724e-01 3.637897486927784696e-01
8.000000000000000000e+01 2.987931933098770809e-01 7.012068066901588903e-01
8.250000000000000000e+01 7.684584527494185691e-02 9.231541547250933233e-01
8.500000000000000000e+01 9.046365228073317832e-02 9.095363477193028068e-01
8.750000000000000000e+01 3.317440584495933154e-01 6.682559415504423228e-01
9.000000000000000000e+01 6.697943059488895567e-01 3.302056940511534644e-01
9.250000000000000000e+01 9.309400750912414368e-01 6.905992490879545032e-02
9.500000000000000000e+01 9.720900257850469961e-01 2.790997421499025882e-02
9.750000000000000000e+01 7.686489756448938726e-01 2.313510243551516465e-01
1.000000000000000000e+02 4.277860023813209178e-01 5.722139976187203825e-01
1.025000000000000000e+02 1.247003569166419412e-01 8.752996430834010244e-01
1.050000000000000000e+02 2.735580777772703490e-02 9.726441922223142411e-01
1.075000000000000000e+02 1.900930605312614041e-01 8.099069394687860024e-01
1.100000000000000000e+02 5.252686925746654634e-01 4.747313074253781684e-01
1.125000000000000000e+02 8.556826496700776774e-01 1.443173503299677307e-01
1.150000000000000000e+02 9.945211344740130244e-01 5.478865526040005256e-03
1.175000000000000000e+02 8.651952626000211088e-01 1.348047374000278797e-01
1.200000000000000000e+02 5.388383367415603420e-01 4.611616632584919495e-01
1.225000000000000000e+02 1.894096372939921558e-01 8.105903627060608851e-01
1.250000000000000000e+02 1.276052498936179960e-02 9.872394750106973094e-01
1.275000000000000000e+02 1.018121739659780256e-01 8.981878260340812048e-01
1.300000000000000000e+02 4.055271799581821601e-01 5.944728200418837316e-01
1.325000000000000000e+02 7.635802428255324958e-01 2.364197571745293436e-01
1.350000000000000000e+02 9.803938302179232567e-01 1.960616978214202791e-02
1.375000000000000000e+02 9.471895600933178949e-01 5.281043990674456207e-02
1.400000000000000000e+02 6.864571321004485638e-01 3.135428678996144969e-01
1.425000000000000000e+02 3.352107755382864873e-01 6.647892244617705781e-01
1.450000000000000000e+02 8.395604564476313869e-02 9.160439543552989505e-01
1.475000000000000000e+02 6.048355585292738285e-02 9.395164441471332006e-01
1.500000000000000000e+02 2.771027145258087021e-01 7.228972854742474752e-01
1.525000000000000000e+02 6.234501983753237830e-01 3.765498016247361690e-01
1.550000000000000000e+02 9.122799069391956950e-01 8.772009306086449298e-02
1.575000000000000000e+02 9.933001436159283326e-01 6.699856384136148799e-03
1.600000000000000000e+02 8.187573497063831418e-01 1.812426502936684836e-01
1.625000000000000000e+02 4.752648039369563593e-01 5.247351960631043699e-01
1.650000000000000000e+02 1.494774770624601179e-01 8.505225229375966700e-01
1.675000000000000000e+02 1.253332092464443971e-02 9.874666790754145218e-01
1.700000000000000000e+02 1.419713993486269032e-01 8.580286006514401542e-01
1.725000000000000000e+02 4.702278407269934180e-01 5.297721592730747497e-01
1.750000000000000000e+02 8.134417639170280490e-01 1.865582360830345121e-01
1.775000000000000000e+02 9.881894580906855907e-01 1.181054190937972682e-02
1.800000000000000000e+02 8.969704290372524369e-01 1.030295709628105960e-01
1.825000000000000000e+02 5.904696454219303670e-01 4.095303545781404098e-01
1.850000000000000000e+02 2.425775775596316353e-01 7.574224224404328965e-01
1.875000000000000000e+02 3.843779440421743465e-02 9.615622055958532588e-01
1.900000000000000000e+02 8.963442547809311045e-02 9.103655745219800810e-01
1.925000000000000000e+02 3.659351132193824907e-01 6.340648867806902844e-01
1.950000000000000000e+02 7.130092739394381374e-01 2.869907260606289756e-01
1.975000000000000000e+02 9.511430299071711447e-01 4.885697009290262960e-02
2.000000000000000000e+02 9.537105231639984027e-01 4.628947683607505248e-02
2.025000000000000000e+02 7.232746027982106529e-01 2.767253972018657304e-01
2.050000000000000000e+02 3.872426504608628695e-01 6.127573495392106828e-01
2.075000000000000000e+02 1.188411529778858056e-01 8.811588470221917158e-01
2.100000000000000000e+02 6.356341737940748859e-02 9.364365826206721977e-01
2.125000000000000000e+02 2.505245936806651530e-01 7.494754063194131177e-01
2.150000000000000000e+02 5.790185893896280245e-01 4.209814106104537434e-01
2.175000000000000000e+02 8.786281247234867253e-01 1.213718752765970410e-01
2.200000000000000000e+02 9.821585650321804639e-01 1.784143496790262587e-02
2.225000000000000000e+02 8.305001462898728981e-01 1.694998537102075098e-01
2.250000000000000000e+02 5.029788924634938097e-01 4.970211075365918996e-01
2.275000000000000000e+02 1.703997298429256735e-01 8.296002701571594251e-01
2.300000000000000000e+02 1.915350330718215699e-02 9.808464966929028028e-01
2.325000000000000000e+02 1.318203872183549563e-01 8.681796127817308362e-01
2.350000000000000000e+02 4.465307906890593759e-01 5.534692093110220590e-01
2.375000000000000000e+02 7.951390446115808031e-01 2.048609553884978007e-01
2.400000000000000000e+02 9.813541934107874454e-01 1.864580658929847895e-02
2.425000000000000000e+02 9.066059841522718932e-01 9.339401584781356624e-02
2.450000000000000000e+02 6.149454665212417126e-01 3.850545334788418872e-01
2.475000000000000000e+02 2.633514383944573489e-01 7.366485616056275276e-01
2.500000000000000000e+02 4.798779642259883710e-02 9.520122035774861713e-01
2.525000000000000000e+02 8.076328045116004661e-02 9.192367195489270504e-01
2.550000000000000000e+02 3.417853814272326929e-01 6.582146185728579013e-01
2.575000000000000000e+02 6.947326961898085962e-01 3.052673038102878822e-01
2.600000000000000000e+02 9.484078515174032553e-01 5.159214848268869891e-02
2.625000000000000000e+02 9.743372526072041628e-01 2.566274739288785384e-02
2.650000000000000000e+02 7.597333871993516841e-01 2.402666128007419633e-01
2.675000000000000000e+02 4.142563589833429538e-01 5.857436410167515817e-01
2.700000000000000000e+02 1.238454320247150686e-01 8.761545679753803828e-01
2.725000000000000000e+02 3.782495467935922256e-02 9.621750453207330578e-01
2.750000000000000000e+02 2.048593394428188941e-01 7.951406605572683972e-01
2.775000000000000000e+02 5.410117733294529385e-01 4.589882266706316605e-01
2.800000000000000000e+02 8.628470380359780645e-01 1.371529619641077558e-01
2.825000000000000000e+02 9.998897746918491425e-01 1.102253082352152745e-04
2.850000000000000000e+02 8.718074553420988027e-01 1.281925446579897931e-01
2.875000000000000000e+02 5.416676080665977500e-01 4.583323919334879593e-01
2.900000000000000000e+02 1.910739826428206056e-01 8.089260173572720980e-01
2.925000000000000000e+02 5.869098855430618378e-03 9.941309011446626265e-01
2.950000000000000000e+02 9.006180053114590245e-02 9.099381994689492714e-01
2.975000000000000000e+02 3.986585938812245988e-01 6.013414061188715465e-01
3.000000000000000000e+02 7.585671733639538505e-01 2.414328266361439601e-01
3.025000000000000000e+02 9.796486654778433500e-01 2.035133452224795539e-02
3.050000000000000000e+02 9.419681798559370600e-01 5.803182014416578133e-02
3.075000000000000000e+02 6.702684707207158255e-01 3.297315292793878139e-01
3.100000000000000000e+02 3.187713366790200231e-01 6.812286633210821174e-01
3.125000000000000000e+02 7.213806580555480463e-02 9.278619341945409937e-01
3.150000000000000000e+02 6.349104166942998173e-02 9.365089583306719367e-01
3.175000000000000000e+02 2.942438956385239335e-01 7.057561043615802054e-01
3.200000000000000000e+02 6.372562551009399723e-01 3.627437448991666091e-01
3.225000000000000000e+02 9.166398508790007948e-01 8.336014912111390507e-02
3.250000000000000000e+02 9.825174960720963746e-01 1.748250392800695246e-02
3.275000000000000000e+02 8.017086650832796479e-01 1.982913349168279882e-01
3.300000000000000000e+02 4.714369070181492760e-01 5.285630929819592483e-01
3.325000000000000000e+02 1.607237996005702052e-01 8.392762003995446474e-01
3.350000000000000000e+02 3.910130931916501462e-02 9.608986906809497963e-01
3.375000000000000000e+02 1.714004297247282427e-01 8.285995702753835568e-01
3.400000000000000000e+02 4.865114681008523290e-01 5.134885318992585823e-01
3.425000000000000000e+02 8.188707603313328809e-01 1.811292396687770867e-01
3.450000000000000000e+02 9.813323641713348477e-01 1.866763582877586231e-02
3.475000000000000000e+02 8.841803623599387985e-01 1.158196376401782191e-01
3.500000000000000000e+02 5.792009628218885986e-01 4.207990371782321937e-01
3.525000000000000000e+02 2.284527718099702565e-01 7.715472281901484264e-01
3.550000000000000000e+02 2.966145369271632262e-02 9.703385463074024608e-01
3.575000000000000000e+02 8.923233098718368062e-02 9.107676690129316022e-01
3.600000000000000000e+02 3.727128198856001218e-01 6.272871801145152304e-01
3.625000000000000000e+02 7.279718660883032211e-01 2.720281339118152397e-01
3.650000000000000000e+02 9.571136183238704298e-01 4.288638167624276437e-02
3.675000000000000000e+02 9.421589807339596501e-01 5.784101926615952544e-02
3.700000000000000000e+02 6.959082216709124857e-01 3.040917783292059196e-01
3.725000000000000000e+02 3.509860153126237448e-01 6.490139846874926066e-01
3.750000000000000000e+02 9.801087227751563435e-02 9.019891277225994264e-01
3.775000000000000000e+02 6.736116862605172340e-02 9.326388313740608949e-01
3.800000000000000000e+02 2.746233334050247055e-01 7.253766665950869275e-01
3.825000000000000000e+02 6.129479783554010464e-01 3.870520216447132511e-01
3.850000000000000000e+02 8.993215166748896872e-01 1.006784833252226258e-01
3.875000000000000000e+02 9.859833660900980679e-01 1.401663391001454866e-02
3.900000000000000000e+02 8.233445466794431233e-01 1.766554533206739219e-01
3.925000000000000000e+02 4.916651917189590604e-01 5.083348082811564028e-01
3.950000000000000000e+02 1.696031381186786924e-01 8.303968618814414615e-01
3.975000000000000000e+02 2.512674487456813266e-02 9.748732551255516743e-01
4.000000000000000000e+02 1.407295454859773254e-01 8.592704545141363059e-01
4.025000000000000000e+02 4.588500681685139804e-01 5.411499318316029816e-01
4.050000000000000000e+02 8.036841303616443222e-01 1.963158696384766366e-01
4.075000000000000000e+02 9.907524494297909046e-01 9.247550570334668596e-03
4.100000000000000000e+02 9.124845336299880483e-01 8.751546637013471464e-02
4.125000000000000000e+02 6.083826504657408041e-01 3.916173495343814315e-01
4.150000000000000000e+02 2.483046950000599440e-01 7.516953050000589887e-01
4.175000000000000000e+02 2.399787896864333248e-02 9.760021210314834272e-01
4.200000000000000000e+02 6.030290291669489905e-02 9.396970970834344072e-01
4.225000000000000000e+02 3.365645483971476670e-01 6.634354516029766780e-01
4.250000000000000000e+02 6.984416939350592823e-01 3.015583060650689484e-01
4.275000000000000000e+02 9.573109296452236849e-01 4.268907035490156904e-02
4.300000000000000000e+02 9.746612208480868178e-01 2.533877915203452610e-02
4.325000000000000000e+02 7.464469527313195574e-01 2.535530472688071746e-01
4.350000000000000000e+02 4.005380500950199707e-01 5.994619499051057065e-01
4.375000000000000000e+02 1.158261872372507301e-01 8.841738127628757660e-01
4.400000000000000000e+02 4.539151341988036104e-02 9.546084865802422215e-01
4.425000000000000000e+02 2.241822620191868398e-01 7.758177379809395591e-01
4.450000000000000000e+02 5.555170264728025442e-01 4.444829735273236326e-01
4.475000000000000000e+02 8.699076488573624921e-01 1.300923511427684032e-01
4.500000000000000000e+02 9.961272167221388862e-01 3.872783277995606437e-03
4.525000000000000000e+02 8.662793154865661149e-01 1.337206845135638922e-01
4.550000000000000000e+02 5.475880187120623077e-01 4.524119812880663671e-01
4.575000000000000000e+02 2.033969203825552186e-01 7.966030796175770368e-01
4.600000000000000000e+02 2.327752031169246644e-02 9.767224796884397264e-01
4.625000000000000000e+02 1.034312743199811979e-01 8.965687256801497806e-01
4.650000000000000000e+02 4.005188546689256723e-01 5.994811453312050009e-01
4.675000000000000000e+02 7.567805759501552432e-01 2.432194240499837290e-01
4.700000000000000000e+02 9.716498823505480553e-01 2.835011764958482450e-02
4.725000000000000000e+02 9.301185623885914744e-01 6.988143761154182176e-02
4.750000000000000000e+02 6.566856338969765394e-01 3.433143661031611282e-01
4.775000000000000000e+02 2.992351447895235106e-01 7.007648552106118256e-01
4.800000000000000000e+02 5.893978591176918247e-02 9.410602140883681521e-01
4.825000000000000000e+02 6.193775020577908796e-02 9.380622497943568172e-01
4.850000000000000000e+02 3.036427196118375860e-01 6.963572803883026907e-01
4.875000000000000000e+02 6.546949726779713874e-01 3.453050273221640043e-01
4.900000000000000000e+02 9.220356347495805016e-01 7.796436525056249511e-02
4.925000000000000000e+02 9.697553038445143603e-01 3.024469615562325880e-02
4.950000000000000000e+02 7.759633169788797691e-01 2.240366830212586202e-01
4.975000000000000000e+02 4.436698796432350100e-01 5.563301203569039899e-01
5.000000000000000000e+02 1.542420113015065541e-01 8.457579886986318352e-01
5.025000000000000000e+02 5.644739226269878535e-02 9.435526077374410958e-01
5.050000000000000000e+02 2.037633919847047503e-01 7.962366080154384962e-01
5.075000000000000000e+02 5.213487685027554663e-01 4.786512314973910831e-01
5.100000000000000000e+02 8.363848238309976590e-01 1.636151761691545525e-01
5.125000000000000000e+02 9.832159928146129158e-01 1.678400718553713089e-02
5.150000000000000000e+02 8.765501119647938211e-01 1.234498880353552125e-01
5.175000000000000000e+02 5.670474382067189900e-01 4.329525617934352200e-01
5.200000000000000000e+02 2.231980525434120732e-01 7.768019474567354754e-01
5.225000000000000000e+02 2.698943227871221373e-02 9.730105677214360149e-01
5.250000000000000000e+02 9.030456673729331252e-02 9.096954332628595097e-01
5.275000000000000000e+02 3.815236424798482684e-01 6.184763575203002794e-01
5.300000000000000000e+02 7.377012641720284147e-01 2.622987358281202996e-01
5.325000000000000000e+02 9.681609523300189757e-01 3.183904767012921133e-02
5.350000000000000000e+02 9.435211811333409360e-01 5.647881886681486302e-02
5.375000000000000000e+02 6.782692354200495766e-01 3.217307645801019134e-01
5.400000000000000000e+02 3.226424341753287850e-01 6.773575658248283116e-01
5.425000000000000000e+02 6.577889188598504133e-02 9.342211081141709172e-01
5.450000000000000000e+02 4.920282632644074061e-02 9.507971736737148571e-01
5.475000000000000000e+02 2.796220344949311154e-01 7.203779655052290343e-01
5.500000000000000000e+02 6.294540564922788128e-01 3.705459435078791719e-01
5.525000000000000000e+02 9.184346375127647732e-01 8.156536248739168493e-02
5.550000000000000000e+02 9.918729153658911724e-01 8.127084634269457833e-03
5.575000000000000000e+02 8.142630712662559667e-01 1.857369287339025454e-01
5.600000000000000000e+02 4.822845039826124669e-01 5.177154960175471832e-01
5.625000000000000000e+02 1.653237366704002065e-01 8.346762633297593048e-01
5.650000000000000000e+02 3.445357187469968302e-02 9.655464281254573233e-01
5.675000000000000000e+02 1.580761922078804949e-01 8.419238077922788221e-01
5.700000000000000000e+02 4.711076550615841407e-01 5.288923449385707354e-01
5.725000000000000000e+02 8.125531086107100620e-01 1.874468913894390687e-01
5.750000000000000000e+02 9.934800984317151418e-01 6.519901568450908562e-03
5.775000000000000000e+02 9.150553218862733651e-01 8.494467811389162792e-02
5.800000000000000000e+02 6.161301579236080350e-01 3.838698420765505048e-01
5.825000000000000000e+02 2.516198780156665427e-01 7.483801219844898878e-01
5.850000000000000000e+02 2.418519922580340473e-02 9.758148007743556729e-01
5.875000000000000000e+02 5.508936322105530831e-02 9.449106367790983674e-01
5.900000000000000000e+02 3.270654502900635641e-01 6.729345497100874818e-01
5.925000000000000000e+02 6.948221677597237189e-01 3.051778322404286037e-01
5.950000000000000000e+02 9.528401640893974234e-01 4.715983591075810499e-02
5.975000000000000000e+02 9.667372604602668673e-01 3.326273953988275606e-02
6.000000000000000000e+02 7.332656841392960478e-01 2.667343158608576625e-01
6.025000000000000000e+02 3.798307165302575172e-01 6.201692834698940837e-01
6.050000000000000000e+02 1.034701416371676674e-01 8.965298583629814910e-01
6.075000000000000000e+02 4.691870634455792138e-02 9.530812936555976833e-01
6.100000000000000000e+02 2.379395147540181443e-01 7.620604852461374534e-01
6.125000000000000000e+02 5.753446623382747482e-01 4.246553376618756870e-01
6.150000000000000000e+02 8.756964330047989353e-01 1.243035669953526656e-01
6.175000000000000000e+02 9.862238410671970712e-01 1.377615893296327970e-02
6.200000000000000000e+02 8.484272345091807832e-01 1.515727654909781730e-01
6.225000000000000000e+02 5.330491321749781797e-01 4.669508678251788059e-01
6.250000000000000000e+02 2.104350767620487006e-01 7.895649232381043436e-01
6.275000000000000000e+02 4.703579697139809168e-02 9.529642030287616139e-01
6.300000000000000000e+02 1.335548358839960259e-01 8.664451641161621254e-01
6.325000000000000000e+02 4.268591759825327570e-01 5.731408240176255608e-01
6.350000000000000000e+02 7.656080949672805502e-01 2.343919050328731879e-01
6.375000000000000000e+02 9.692962432611135215e-01 3.070375673904013683e-02
6.400000000000000000e+02 9.205126001434665861e-01 7.948739985668967778e-02
6.425000000000000000e+02 6.415080970113692382e-01 3.584919029887931874e-01
6.450000000000000000e+02 2.871869930767380064e-01 7.128130069234237531e-01
6.475000000000000000e+02 4.715976421499332161e-02 9.528402357851684101e-01
6.500000000000000000e+02 5.710445962070833520e-02 9.428955403794583301e-01
6.525000000000000000e+02 3.114751934519475185e-01 6.885248065482195701e-01
6.550000000000000000e+02 6.666504198828241412e-01 3.333495801173359530e-01
6.575000000000000000e+02 9.337660209164193592e-01 6.623397908374664689e-02
6.600000000000000000e+02 9.660875806565654145e-01 3.391241934359935650e-02
6.625000000000000000e+02 7.506627872466808959e-01 2.493372127534846661e-01
6.650000000000000000e+02 4.104529807986659340e-01 5.895470192015014321e-01
6.675000000000000000e+02 1.248969200295288462e-01 8.751030799706401853e-01
6.700000000000000000e+02 4.986672325717689952e-02 9.501332767429881976e-01
6.725000000000000000e+02 2.228819574045226570e-01 7.771180425956406568e-01
6.750000000000000000e+02 5.494684148456313588e-01 4.505315851545375061e-01
6.775000000000000000e+02 8.622796409221458180e-01 1.377203590780228526e-01
6.800000000000000000e+02 9.920227825953615852e-01 7.977217404804334139e-03
6.825000000000000000e+02 8.704518125658192718e-01 1.295481874343498985e-01
6.850000000000000000e+02 5.604173287727192143e-01 4.395826712274484294e-01
6.875000000000000000e+02 2.191441544369165939e-01 7.808558455632554907e-01
6.900000000000000000e+02 3.278258419636230492e-02 9.672174158038068237e-01
6.925000000000000000e+02 1.008426782110798531e-01 8.991573217890904690e-01
6.950000000000000000e+02 3.890761539286596848e-01 6.109238460715121777e-01
6.975000000000000000e+02 7.474845236953315819e-01 2.525154763048435003e-01
7.000000000000000000e+02 9.754915124710926699e-01 2.450848752908602740e-02
7.025000000000000000e+02 9.491361901127323142e-01 5.086380988744314269e-02
7.050000000000000000e+02 6.803820515147386283e-01 3.196179484854386188e-01
7.075000000000000000e+02 3.110399817852163573e-01 6.889600182149576701e-01
7.100000000000000000e+02 4.789651758254968861e-02 9.521034824176308753e-01
7.125000000000000000e+02 3.047368446702008321e-02 9.695263155331640403e-01
7.150000000000000000e+02 2.671517857954093245e-01 7.328482142047691994e-01
7.175000000000000000e+02 6.315452624415516247e-01 3.684547375586294526e-01
7.200000000000000000e+02 9.223874603854130827e-01 7.761253961477372620e-02
7.225000000000000000e+02 9.909284812660570374e-01 9.071518734124029565e-03
7.250000000000000000e+02 8.047217339615063691e-01 1.952782660386717106e-01
7.275000000000000000e+02 4.647360785423072516e-01 5.352639214578770455e-01
7.300000000000000000e+02 1.576855999937312180e-01 8.423144000064496373e-01
7.325000000000000000e+02 4.052108634044856994e-02 9.594789136597348111e-01
7.350000000000000000e+02 1.749358926164891193e-01 8.250641073836887385e-01
7.375000000000000000e+02 4.912946336195804231e-01 5.087053663805976012e-01
7.400000000000000000e+02 8.187649477136549336e-01 1.812350522865228131e-01
7.425000000000000000e+02 9.889945079877219269e-01 1.100549201245653794e-02
7.450000000000000000e+02 9.076002106563387795e-01 9.239978934383943909e-02
7.475000000000000000e+02 6.134173495863159964e-01 3.865826504138606401e-01
7.500000000000000000e+02 2.648354801586170204e-01 7.351645198415627247e-01
7.525000000000000000e+02 4.322668406015157949e-02 9.567733159400252374e-01
7.550000000000000000e+02 7.242622103045326387e-02 9.275737789697230395e-01
7.575000000000000000e+02 3.386405821362262758e-01 6.613594178639482513e-01
7.600000000000000000e+02 6.935988495206806270e-01 3.064011504794941776e-01
7.625000000000000000e+02 9.472653256572276526e-01 5.273467434294601408e-02
7.650000000000000000e+02 9.561055945392431532e-01 4.389440546093938134e-02
7.675000000000000000e+02 7.156170369741956527e-01 2.843829630259862018e-01
7.700000000000000000e+02 3.624315254964788346e-01 6.375684745037020207e-01
7.725000000000000000e+02 8.618750633372580794e-02 9.138124936664552278e-01
7.750000000000000000e+02 4.096161866811449254e-02 9.590383813320668693e-01
7.775000000000000000e+02 2.483188855925991811e-01 7.516811144075843387e-01
7.800000000000000000e+02 5.906587606395319323e-01 4.093412393606464805e-01
7.825000000000000000e+02 8.880351136103578069e-01 1.119648863898235758e-01
7.850000000000000000e+02 9.795082754157599103e-01 2.049172458441909581e-02
7.875000000000000000e+02 8.218231684097383472e-01 1.781768315904378452e-01
7.900000000000000000e+02 5.044617061607630237e-01 4.955382938394182757e-01
7.925000000000000000e+02 1.925476425338058517e-01 8.074523574663712289e-01
7.950000000000000000e+02 5.544980623932537628e-02 9.445501937608555831e-01
7.975000000000000000e+02 1.638516926609851487e-01 8.361483073391885457e-01
8.000000000000000000e+02 4.598567316306998443e-01 5.401432683694784576e-01
8.025000000000000000e+02 7.915018513521930865e-01 2.084981486479858259e-01
8.050000000000000000e+02 9.764641321610649793e-01 2.353586783911683356e-02
8.075000000000000000e+02 9.144278122409121856e-01 8.557218775927183385e-02
8.100000000000000000e+02 6.341154442358590826e-01 3.658845557643258251e-01
8.125000000000000000e+02 2.786480602878145252e-01 7.213519397123728805e-01
8.150000000000000000e+02 4.471536337104405762e-02 9.552846366291409819e-01
8.175000000000000000e+02 5.827610370062839829e-02 9.417238962995542195e-01
8.200000000000000000e+02 3.143361321460070301e-01 6.856638678541803200e-01
8.225000000000000000e+02 6.777056760497063292e-01 3.222943239504748592e-01
8.250000000000000000e+02 9.440884245895291293e-01 5.591157541066053838e-02
8.275000000000000000e+02 9.707986610937368033e-01 2.920133890645017910e-02
8.300000000000000000e+02 7.434372275093112936e-01 2.565627724908731144e-01
8.325000000000000000e+02 3.844840952453518201e-01 6.155159047548369733e-01
8.350000000000000000e+02 9.523607512472292980e-02 9.047639248754700825e-01
8.375000000000000000e+02 2.766989684514283010e-02 9.723301031550504181e-01
8.400000000000000000e+02 2.172009591395910877e-01 7.827990408606065875e-01
8.425000000000000000e+02 5.633516324883643955e-01 4.366483675118295604e-01
8.450000000000000000e+02 8.771720981907074055e-01 1.228279018094888958e-01
8.475000000000000000e+02 9.991318826769450823e-01 8.681173232474824475e-04
8.500000000000000000e+02 8.660916003343717140e-01 1.339083996658300690e-01
8.525000000000000000e+02 5.479934174005763881e-01 4.520065825996218978e-01
8.550000000000000000e+02 2.166046202170192336e-01 7.833953797831763044e-01
8.575000000000000000e+02 4.098037226601674438e-02 9.590196277341828113e-01
8.600000000000000000e+02 1.165696965003283625e-01 8.834303034998670645e-01
8.625000000000000000e+02 4.061316210842104146e-01 5.938683789159826532e-01
8.650000000000000000e+02 7.532379039608738669e-01 2.467620960393221152e-01
8.675000000000000000e+02 9.768339705454676114e-01 2.316602945472934216e-02
8.700000000000000000e+02 9.505229561940702343e-01 4.947704380612823194e-02
8.725000000000000000e+02 6.834956164519014887e-01 3.165043835482913015e-01
8.750000000000000000e+02 3.205163046677130811e-01 6.794836953324790985e-01
8.775000000000000000e+02 5.250183842522160305e-02 9.474981615749762387e-01
8.800000000000000000e+02 2.955447949346472897e-02 9.704455205067353818e-01
8.825000000000000000e+02 2.641306290614053309e-01 7.358693709387930104e-01
8.850000000000000000e+02 6.242836919540667440e-01 3.757163080461373150e-01
8.875000000000000000e+02 9.180411144662463663e-01 8.195888553395071219e-02
8.900000000000000000e+02 9.826835333216821233e-01 1.731646667851826846e-02
8.925000000000000000e+02 7.878131129884992090e-01 2.121868870117042949e-01
8.950000000000000000e+02 4.462996769325743296e-01 5.537003230676305066e-01
8.975000000000000000e+02 1.404594028937004579e-01 8.595405971065050998e-01
9.000000000000000000e+02 3.832180102652673476e-02 9.616781989736794545e-01
9.025000000000000000e+02 1.900192947224393913e-01 8.099807052777719951e-01
9.050000000000000000e+02 5.097210787665578113e-01 4.902789212336496893e-01
9.075000000000000000e+02 8.315708041894609437e-01 1.684291958107492770e-01
9.100000000000000000e+02 9.821943503522581054e-01 1.780564964794991920e-02
9.125000000000000000e+02 8.860698136208947640e-01 1.139301863793153180e-01
9.150000000000000000e+02 5.960375632517322941e-01 4.039624367484767609e-01
9.175000000000000000e+02 2.608401622243086138e-01 7.391598377759018845e-01
9.200000000000000000e+02 6.250062446570628372e-02 9.374993755345044644e-01
9.225000000000000000e+02 1.047896200542596523e-01 8.952103799459539824e-01
9.250000000000000000e+02 3.665995405419182340e-01 6.334004594582965941e-01
9.275000000000000000e+02 7.122331810901355587e-01 2.877668189100817120e-01
9.300000000000000000e+02 9.489028227858967712e-01 5.109717721431926429e-02
9.325000000000000000e+02 9.475998086894165118e-01 5.240019131079529796e-02
9.350000000000000000e+02 7.046368833985237057e-01 2.953631166016920662e-01
9.375000000000000000e+02 3.466578784290852422e-01 6.533421215711338048e-01
9.400000000000000000e+02 7.439653847737985604e-02 9.256034615228423412e-01
9.425000000000000000e+02 3.433890993840317540e-02 9.656610900618165516e-01
9.450000000000000000e+02 2.495435241557207862e-01 7.504564758444954853e-01
9.475000000000000000e+02 6.047073745758364538e-01 3.952926254243806503e-01
9.500000000000000000e+02 9.005633897470564087e-01 9.943661025316510860e-02
9.525000000000000000e+02 9.815750997279155676e-01 1.842490027230798619e-02
9.550000000000000000e+02 8.060783387840827485e-01 1.939216612161405451e-01
9.575000000000000000e+02 4.702393263383904398e-01 5.297606736618365453e-01
9.600000000000000000e+02 1.614231007622444480e-01 8.385768992379842857e-01
9.625000000000000000e+02 4.030246820836892035e-02 9.596975317918551296e-01
9.650000000000000000e+02 1.716851228098398296e-01 8.283148771903808827e-01
9.675000000000000000e+02 4.869312548968927068e-01 5.130687451033304480e-01
9.700000000000000000e+02 8.154462498936498882e-01 1.845537501065757091e-01
9.725000000000000000e+02 9.893518417913297336e-01 1.064815820889268919e-02
9.750000000000000000e+02 9.139271204136052429e-01 8.607287958661621885e-02
9.775000000000000000e+02 6.254777802556990007e-01 3.745222197445275958e-01
9.800000000000000000e+02 2.778579090336907309e-01 7.221420909665331456e-01
9.825000000000000000e+02 4.966798315972477396e-02 9.503320168405011703e-01
9.850000000000000000e+02 6.743510037962817394e-02 9.325648996205964103e-01
9.875000000000000000e+02 3.250468198737656578e-01 6.749531801264655462e-01
9.900000000000000000e+02 6.823505188048912817e-01 3.176494811953356479e-01
9.925000000000000000e+02 9.505437713510587194e-01 4.945622864916628114e-02
9.950000000000000000e+02 9.774024405729385689e-01 2.259755942728598407e-02
9.975000000000000000e+02 7.454176732414887763e-01 2.545823267587377647e-01
1.000000000000000000e+03 3.825723940547276491e-01 6.174276059454987253e-01
1.002500000000000000e+03 8.155531028405565985e-02 9.184446897161725465e-01
1.005000000000000000e+03 1.057586264832300303e-02 9.894241373519065963e-01
1.007500000000000000e+03 2.061492836625239966e-01 7.938507163377050979e-01
1.010000000000000000e+03 5.577860543410945171e-01 4.422139456591331896e-01
1.012500000000000000e+03 8.799773863694730913e-01 1.200226136307586261e-01
1.015000000000000000e+03 9.973456747185086568e-01 2.654325281721811158e-03
1.017500000000000000e+03 8.537906822779356419e-01 1.462093177222946461e-01
1.020000000000000000e+03 5.331290651387265989e-01 4.668709348615057708e-01
1.022500000000000000e+03 2.039927031048823780e-01 7.960072968953519901e-01
1.025000000000000000e+03 4.485439115450339659e-02 9.551456088457334070e-01
1.027500000000000000e+03 1.354614471664457587e-01 8.645385528337906633e-01
1.030000000000000000e+03 4.253100814422322018e-01 5.746899185580063296e-01
1.032500000000000000e+03 7.656137483625615747e-01 2.343862516376781779e-01
1.035000000000000000e+03 9.722444178724054531e-01 2.775558212783604817e-02
1.037500000000000000e+03 9.378254902467633158e-01 6.217450975347521558e-02
1.040000000000000000e+03 6.785118153339151359e-01 3.214881846663286136e-01
1.042500000000000000e+03 3.259972007849003539e-01 6.740027992153393432e-01
1.045000000000000000e+03 7.281233886110455300e-02 9.271876611391401957e-01
1.047500000000000000e+03 5.268667285402590245e-02 9.473133271462170768e-01
1.050000000000000000e+03 2.786225225626308144e-01 7.213774774376119359e-01
1.052500000000000000e+03 6.317805972750024646e-01 3.682194027252386759e-01
1.055000000000000000e+03 9.136048582731637335e-01 8.639514172707866979e-02
1.057500000000000000e+03 9.720455402611449802e-01 2.795445973909562939e-02
1.060000000000000000e+03 7.733761408350147137e-01 2.266238591652309786e-01
1.062500000000000000e+03 4.244673750296294457e-01 5.755326249706127495e-01
1.065000000000000000e+03 1.226328791396987111e-01 8.773671208605402505e-01
1.067500000000000000e+03 2.891480569014184820e-02 9.710851943101050932e-01
1.070000000000000000e+03 1.940541077074171838e-01 8.059458922928300906e-01
1.072500000000000000e+03 5.283614073411397882e-01 4.716385926591060707e-01
1.075000000000000000e+03 8.457137220278774237e-01 1.542862779723722100e-01
1.077500000000000000e+03 9.819008218877272043e-01 1.809917811252290121e-02
1.080000000000000000e+03 8.661183989813447948e-01 1.338816010189061156e-01
1.082500000000000000e+03 5.623380720101572861e-01 4.376619279900905157e-01
1.085000000000000000e+03 2.381140954413156763e-01 7.618859045589324586e-01
1.087500000000000000e+03 6.074994850335792285e-02 9.392500514968905589e-01
1.090000000000000000e+03 1.263973123726921388e-01 8.736026876275603259e-01
1.092500000000000000e+03 4.020282215094288514e-01 5.979717784908177292e-01
1.095000000000000000e+03 7.389226023477745153e-01 2.610773976524792817e-01
1.097500000000000000e+03 9.625551400233702815e-01 3.744485997687437007e-02
1.100000000000000000e+03 9.473974696640181659e-01 5.260253033622762364e-02
1.102500000000000000e+03 6.960289215140588182e-01 3.039710784861932580e-01
1.105000000000000000e+03 3.423749011242654960e-01 6.576250988759885230e-01
1.107500000000000000e+03 7.064374554795851968e-02 9.293562544522914193e-01
1.110000000000000000e+03 3.344995817882329137e-02 9.665500418214312273e-01
1.112500000000000000e+03 2.534374328117738884e-01 7.465625671884841275e-01
1.115000000000000000e+03 6.093918460656519986e-01 3.906081539346022424e-01
1.117500000000000000e+03 9.116614046419524442e-01 8.833859535830537735e-02
1.120000000000000000e+03 9.898262682942524648e-01 1.017373170600362198e-02
1.122500000000000000e+03 8.021077220964486498e-01 1.978922779038068680e-01
1.125000000000000000e+03 4.546254166287382326e-01 5.453745833715218927e-01
1.127500000000000000e+03 1.328211004379616922e-01 8.671788995622990992e-01
1.130000000000000000e+03 1.547681292175896554e-02 9.845231870785033923e-01
1.132500000000000000e+03 1.624871038884753149e-01 8.375128961117872528e-01
1.135000000000000000e+03 4.908749148139519014e-01 5.091250851863107219e-01
1.137500000000000000e+03 8.296130970851993691e-01 1.703869029150604786e-01
1.140000000000000000e+03 9.961980147500361094e-01 3.801985250226940210e-03
1.142500000000000000e+03 9.084770184892253519e-01 9.152298151103821500e-02
1.145000000000000000e+03 6.167284542655770974e-01 3.832715457346853039e-01
1.147500000000000000e+03 2.711575504037984641e-01 7.288424495964620498e-01
1.150000000000000000e+03 5.783944644285779479e-02 9.421605535574024692e-01
1.152500000000000000e+03 8.578681665149401336e-02 9.142131833487711079e-01
1.155000000000000000e+03 3.407688048210499865e-01 6.592311951792144686e-01
1.157500000000000000e+03 6.926441486589182128e-01 3.073558513413446325e-01
1.160000000000000000e+03 9.491099807807443778e-01 5.089001921952138185e-02
1.162500000000000000e+03 9.739195150660284739e-01 2.608048493424057479e-02
1.165000000000000000e+03 7.490515337398304663e-01 2.509484662604374305e-01
1.167500000000000000e+03 3.889420228443228877e-01 6.110579771559423445e-01
1.170000000000000000e+03 9.223053795456173654e-02 9.077694620457126273e-01
1.172500000000000000e+03 1.645152143064881195e-02 9.835484785696241294e-01
1.175000000000000000e+03 2.045214993474719911e-01 7.954785006527989033e-01
1.177500000000000000e+03 5.560023929381777696e-01 4.439976070620942905e-01
1.180000000000000000e+03 8.732525221837932339e-01 1.267474778164768834e-01
1.182500000000000000e+03 9.880340378559890890e-01 1.196596214428682220e-02
1.185000000000000000e+03 8.390855298613318913e-01 1.609144701389437215e-01
1.187500000000000000e+03 5.096513218208765794e-01 4.903486781793989224e-01
1.190000000000000000e+03 1.859971368983002749e-01 8.140028631019776695e-01
1.192500000000000000e+03 3.836554695375010010e-02 9.616344530465288365e-01
1.195000000000000000e+03 1.454936016863152548e-01 8.545063983139653541e-01
1.197500000000000000e+03 4.484350944926289717e-01 5.515649055076493612e-01
1.200000000000000000e+03 7.803527480980793074e-01 2.196472519021978875e-01
1.202500000000000000e+03 9.710323783226508798e-01 2.896762167762629431e-02
1.205000000000000000e+03 9.191858407425326227e-01 8.081415925774634856e-02
1.207500000000000000e+03 6.529769230399902202e-01 3.470230769602898335e-01
1.210000000000000000e+03 3.168559709666775026e-01 6.831440290336000531e-01
1.212500000000000000e+03 8.363803546568895908e-02 9.163619645345952858e-01
1.215000000000000000e+03 8.119257747095709465e-02 9.188074225293295649e-01
1.217500000000000000e+03 3.128647629450301837e-01 6.871352370552582522e-01
1.220000000000000000e+03 6.530307954389822367e-01 3.469692045613054221e-01
1.222500000000000000e+03 9.226656367951316939e-01 7.733436320515618689e-02
1.225000000000000000e+03 9.685301481066708185e-01 3.146985189361192758e-02
1.227500000000000000e+03 7.612744215505221623e-01 2.387255784497633038e-01
1.230000000000000000e+03 4.129839305125339588e-01 5.870160694877543106e-01
1.232500000000000000e+03 1.081627427585600820e-01 8.918372572417285760e-01
1.235000000000000000e+03 1.901140582054718434e-02 9.809885941797449327e-01
1.237500000000000000e+03 1.943504834325385511e-01 8.056495165677493020e-01
1.240000000000000000e+03 5.358686308567605083e-01 4.641313691435416944e-01
1.242500000000000000e+03 8.612765516694798063e-01 1.387234483308127098e-01
1.245000000000000000e+03 9.893829660466220144e-01 1.061703395367091275e-02
1.247500000000000000e+03 8.550501354161849088e-01 1.449498645841125755e-01
1.250000000000000000e+03 5.364360325434005539e-01 4.635639674568972080e-01
1.252500000000000000e+03 2.032795958186185414e-01 7.967204041816838833e-01
1.255000000000000000e+03 3.907115646517144575e-02 9.609288435351279745e-01
1.257500000000000000e+03 1.276353905984099479e-01 8.723646094018953079e-01
1.260000000000000000e+03 4.194298851597938471e-01 5.805701148405086887e-01
1.262500000000000000e+03 7.643856216414836036e-01 2.356143783588182106e-01
1.265000000000000000e+03 9.767561336200576427e-01 2.324386638024665205e-02
1.267500000000000000e+03 9.480444587542906643e-01 5.195554124601427931e-02
1.270000000000000000e+03 6.924056263182224447e-01 3.075943736820854202e-01
1.272500000000000000e+03 3.386853410097631079e-01 6.613146589905432027e-01
1.275000000000000000e+03 7.756946345896570394e-02 9.224305365413444369e-01
1.277500000000000000e+03 4.501421510986096386e-02 9.549857848904430568e-01
1.280000000000000000e+03 2.616138786230399749e-01 7.383861213772676679e-01
1.282500000000000000e+03 6.166508119821884071e-01 3.833491880181200129e-01
1.285000000000000000e+03 9.137688567348725144e-01 8.623114326544104036e-02
1.287500000000000000e+03 9.936245045203040416e-01 6.375495480008682228e-03
1.290000000000000000e+03 8.082487724742266622e-01 1.917512275260856713e-01
1.292500000000000000e+03 4.536427859870661439e-01 5.463572140132456623e-01
1.295000000000000000e+03 1.274788656984461310e-01 8.725211343018675070e-01
1.297500000000000000e+03 3.094914745183849347e-03 9.969050852551283315e-01
1.300000000000000000e+03 1.491848866195109313e-01 8.508151133808011801e-01
1.302500000000000000e+03 4.866538560460086371e-01 5.133461439543083316e-01
1.305000000000000000e+03 8.269722990791013029e-01 1.730277009212101702e-01
1.307500000000000000e+03 9.929772389750821660e-01 7.022761025237930430e-03
1.310000000000000000e+03 8.978572324714501063e-01 1.021427675288643089e-01
1.312500000000000000e+03 5.969094682789350959e-01 4.030905317213843153e-01
1.315000000000000000e+03 2.584393823147508318e-01 7.415606176855665810e-01
1.317500000000000000e+03 5.770002770051951835e-02 9.422999722998015582e-01
1.320000000000000000e+03 1.017016463969604712e-01 8.982983536033536387e-01
1.322500000000000000e+03 3.656880752108936372e-01 6.343119247894257740e-01
1.325000000000000000e+03 7.060418419746380403e-01 2.939581580256809268e-01
1.327500000000000000e+03 9.483632549310281323e-01 5.163674506928701141e-02
1.330000000000000000e+03 9.608778803147185466e-01 3.912211968560112135e-02
1.332500000000000000e+03 7.351794927250313583e-01 2.648205072752901623e-01
1.335000000000000000e+03 3.918551963469478761e-01 6.081448036533732004e-01
1.337500000000000000e+03 1.080532902024035902e-01 8.919467097979216774e-01
1.340000000000000000e+03 4.085757135889304947e-02 9.591424286414275135e-01
1.342500000000000000e+03 2.276343684642809784e-01 7.723656315360462044e-01
1.345000000000000000e+03 5.658273964370825748e-01 4.341726035632402780e-01
1.347500000000000000e+03 8.752713350906686784e-01 1.247286649096538691e-01
1.350000000000000000e+03 9.803371445790496352e-01 1.966285542127802627e-02
1.352500000000000000e+03 8.229511638565504272e-01 1.770488361437755342e-01
1.355000000000000000e+03 4.913018681217413697e-01 5.086981318785880335e-01
1.357500000000000000e+03 1.636511430214848128e-01 8.363488569788429805e-01
1.360000000000000000e+03 2.463919054091386063e-02 9.753608094594132805e-01
1.362500000000000000e+03 1.473846282180396039e-01 8.526153717822930744e-01
1.365000000000000000e+03 4.614496417207750167e-01 5.385503582795585498e-01
1.367500000000000000e+03 7.998801694389126027e-01 2.001198305614249606e-01
1.370000000000000000e+03 9.767291571892967594e-01 2.327084281103680360e-02
1.372500000000000000e+03 9.032686814627323146e-01 9.673131853760177923e-02
1.375000000000000000e+03 6.239043278097188283e-01 3.760956721906159039e-01
1.377500000000000000e+03 2.858750314861964181e-01 7.141249685141406456e-01
1.380000000000000000e+03 7.360660287139175750e-02 9.263933971289474156e-01
1.382500000000000000e+03 9.607288995305912627e-02 9.039271100472784370e-01
1.385000000000000000e+03 3.414892866413739014e-01 6.585107133589587214e-01
1.387500000000000000e+03 6.847080486604373295e-01 3.152919513399010665e-01
1.390000000000000000e+03 9.393695267238166835e-01 6.063047327652395374e-02
1.392500000000000000e+03 9.714633306613420505e-01 2.853666933898593369e-02
1.395000000000000000e+03 7.586497934899352202e-01 2.413502065104026484e-01
1.397500000000000000e+03 4.067862011341594752e-01 5.932137988661774219e-01
1.400000000000000000e+03 1.074765228586405247e-01 8.925234771417016599e-01
1.402500000000000000e+03 1.915358602732726220e-02 9.808464139730090903e-01
1.405000000000000000e+03 1.938616498862190118e-01 8.061383501141194952e-01
1.407500000000000000e+03 5.413477203141373595e-01 4.586522796862042006e-01
1.410000000000000000e+03 8.675948306519349895e-01 1.324051693484129266e-01
1.412500000000000000e+03 9.978840963894304306e-01 2.115903610915416053e-03
1.415000000000000000e+03 8.584436424951846778e-01 1.415563575051569933e-01
1.417500000000000000e+03 5.239326560368938734e-01 4.760673439634487414e-01
1.420000000000000000e+03 1.823144496388272306e-01 8.176855503615197973e-01
1.422500000000000000e+03 1.445733216690253155e-02 9.855426678334419099e-01
1.425000000000000000e+03 1.118757759149492798e-01 8.881242240853914893e-01
1.427500000000000000e+03 4.211883460981189486e-01 5.788116539022232221e-01
1.430000000000000000e+03 7.715712608596855260e-01 2.284287391406647494e-01
1.432500000000000000e+03 9.831707758391664553e-01 1.682922416117312372e-02
1.435000000000000000e+03 9.446970799350719039e-01 5.530292006527020438e-02
1.437500000000000000e+03 6.797534191672200965e-01 3.202465808331264041e-01
1.440000000000000000e+03 3.334660928007663894e-01 6.665339071995803888e-01
1.442500000000000000e+03 8.288549937532169176e-02 9.171145006250295273e-01
1.445000000000000000e+03 6.264379164032832237e-02 9.373562083600167627e-01
1.447500000000000000e+03 2.833283373888087486e-01 7.166716626115339217e-01
1.450000000000000000e+03 6.261902390874820590e-01 3.738097609128625542e-01
1.452500000000000000e+03 9.142836932452883536e-01 8.571630675505140240e-02
1.455000000000000000e+03 9.879001991646636505e-01 1.209980083567953509e-02
1.457500000000000000e+03 8.046276543224202271e-01 1.953723456779228040e-01
1.460000000000000000e+03 4.617923041076934521e-01 5.382076958926527155e-01
1.462500000000000000e+03 1.379955506956344058e-01 8.620044493047085421e-01
1.465000000000000000e+03 1.370895348364269822e-02 9.862910465167030738e-01
1.467500000000000000e+03 1.557667989360156380e-01 8.442332010643295304e-01
1.470000000000000000e+03 4.846387067519667413e-01 5.153612932483804254e-01
1.472500000000000000e+03 8.242313060471458952e-01 1.757686939532001613e-01
1.475000000000000000e+03 9.839448257492183769e-01 1.605517425112266972e-02
1.477500000000000000e+03 8.806904805909975265e-01 1.193095194093444916e-01
1.480000000000000000e+03 5.758871070781410584e-01 4.241128929222001687e-01
1.482500000000000000e+03 2.343819657002551016e-01 7.656180343000886790e-01
1.485000000000000000e+03 4.675998278319188489e-02 9.532400172171535679e-01
1.487500000000000000e+03 1.095225614877513853e-01 8.904774385125961977e-01
1.490000000000000000e+03 3.849562512867767961e-01 6.150437487135651526e-01
1.492500000000000000e+03 7.279963125740341878e-01 2.720036874263118687e-01
1.495000000000000000e+03 9.521517267120004346e-01 4.784827328834732885e-02
1.497500000000000000e+03 9.442116106164639699e-01 5.578838938387864488e-02
1.500000000000000000e+03 7.105396421312726307e-01 2.894603578690786438e-01
1.502500000000000000e+03 3.719168637101177843e-01 6.280831362902286052e-01
1.505000000000000000e+03 1.119765093686325708e-01 8.880234906317174826e-01
1.507500000000000000e+03 6.534026384892542560e-02 9.346597361514196178e-01
1.510000000000000000e+03 2.593492921658914763e-01 7.406507078344588546e-01
1.512500000000000000e+03 5.952201627628006531e-01 4.047798372375452924e-01
1.515000000000000000e+03 8.880913313832619060e-01 1.119086686170909645e-01
1.517500000000000000e+03 9.809362011541459259e-01 1.906379884620939755e-02
1.520000000000000000e+03 8.168666227988277129e-01 1.831333772015261152e-01
1.522500000000000000e+03 4.780497549344577268e-01 5.219502450658991544e-01
1.525000000000000000e+03 1.520571307881727341e-01 8.479428692121817601e-01
1.527500000000000000e+03 1.331590018723081796e-02 9.866840998131196638e-01
1.530000000000000000e+03 1.413131949372069540e-01 8.586868050631463190e-01
1.532500000000000000e+03 4.685695062462155169e-01 5.314304937541400875e-01
1.535000000000000000e+03 8.114333343697079926e-01 1.885666656306409228e-01
1.537500000000000000e+03 9.878384315773292013e-01 1.216156842302837382e-02
1.540000000000000000e+03 9.012930863069462672e-01 9.870691369340729715e-02
1.542500000000000000e+03 6.008250228562497242e-01 3.991749771441061578e-01
1.545000000000000000e+03 2.555704874079409716e-01 7.444295125924159651e-01
1.547500000000000000e+03 4.678809584137604699e-02 9.532119041589820485e-01
1.550000000000000000e+03 8.763761232803830847e-02 9.123623876723214732e-01
1.552500000000000000e+03 3.552845494711295848e-01 6.447154505292348459e-01
1.555000000000000000e+03 7.038831390227698881e-01 2.961168609775928218e-01
1.557500000000000000e+03 9.555143416271100199e-01 4.448565837325507005e-02
1.560000000000000000e+03 9.753109815522418291e-01 2.468901844812524185e-02
1.562500000000000000e+03 7.528770307472600898e-01 2.471229692530988453e-01
1.565000000000000000e+03 4.067354895468094367e-01 5.932645104535594349e-01
1.567500000000000000e+03 1.130381949881240217e-01 8.869618050122440867e-01
1.570000000000000000e+03 3.170587986579267298e-02 9.682941201345747206e-01
1.572500000000000000e+03 2.070907294517199959e-01 7.929092705486422421e-01
1.575000000000000000e+03 5.453766296872029073e-01 4.546233703131623005e-01
1.577500000000000000e+03 8.700180863532732678e-01 1.299819136470890535e-01
1.580000000000000000e+03 9.990500510503260712e-01 9.499489500406682520e-04
1.582500000000000000e+03 8.607202845638499689e-01 1.392797154365147116e-01
1.585000000000000000e+03 5.293008020434826211e-01 4.706991979568808659e-01
1.587500000000000000e+03 1.796841888387417374e-01 8.203158111616245529e-01
1.590000000000000000e+03 7.418013753759829070e-03 9.925819862466088717e-01
1.592500000000000000e+03 1.035127735913562858e-01 8.964872264090140153e-01
1.595000000000000000e+03 4.127231521584779905e-01 5.872768478418906035e-01
1.597500000000000000e+03 7.700426023373866391e-01 2.299573976629812888e-01
1.600000000000000000e+03 9.779842498394852868e-01 2.201575016088446954e-02
1.602500000000000000e+03 9.314431578754482910e-01 6.855684212491976182e-02
1.605000000000000000e+03 6.618080347435372213e-01 3.381919652568324275e-01
1.607500000000000000e+03 3.140554810752980153e-01 6.859445189250725772e-01
1.610000000000000000e+03 7.947057119608760822e-02 9.205294288042846773e-01
1.612500000000000000e+03 7.741261155376485958e-02 9.225873884466103680e-01
1.615000000000000000e+03 3.064687660426197446e-01 6.935312339577572871e-01
1.617500000000000000e+03 6.476571278716081181e-01 3.523428721287741316e-01
1.620000000000000000e+03 9.162882844102362423e-01 8.371171559014572994e-02
1.622500000000000000e+03 9.744192264418983784e-01 2.558077355847999598e-02
1.625000000000000000e+03 7.892644588024900765e-01 2.107355411978883430e-01
1.627500000000000000e+03 4.542408286941059803e-01 5.457591713062776018e-01
1.630000000000000000e+03 1.510202615666709769e-01 8.489797384337117725e-01
1.632500000000000000e+03 3.816618266801992398e-02 9.618338173323625062e-01
1.635000000000000000e+03 1.801172065539044520e-01 8.198827934464776312e-01
1.637500000000000000e+03 5.039523307160036492e-01 4.960476692843778790e-01
1.640000000000000000e+03 8.289563698556419169e-01 1.710436301447437746e-01
1.642500000000000000e+03 9.799624683627858879e-01 2.003753163759656661e-02
1.645000000000000000e+03 8.694397011235834860e-01 1.305602988767993466e-01
1.647500000000000000e+03 5.549694352192083846e-01 4.450305647811699794e-01
1.650000000000000000e+03 2.136952222155165948e-01 7.863047777848690689e-01
1.652500000000000000e+03 2.879013236636095152e-02 9.712098676340278347e-01
1.655000000000000000e+03 1.038572062630892662e-01 8.961427937372965502e-01
1.657500000000000000e+03 3.976223867680448443e-01 6.023776132323351851e-01
1.660000000000000000e+03 7.451924918569325929e-01 2.548075081434494349e-01
1.662500000000000000e+03 9.642395755137908031e-01 3.576042448659565165e-02
1.665000000000000000e+03 9.370172165315922008e-01 6.298278346879231104e-02
1.667500000000000000e+03 6.819294730912918157e-01 3.180705269090953746e-01
1.670000000000000000e+03 3.415325541803626019e-01 6.584674458200254765e-01
1.672500000000000000e+03 9.266106126068854310e-02 9.073389387396992856e-01
1.675000000000000000e+03 7.017469943985477077e-02 9.298253005605370269e-01
1.677500000000000000e+03 2.855980773367279846e-01 7.144019226636668662e-01
1.680000000000000000e+03 6.230600794566143463e-01 3.769399205437840572e-01
1.682500000000000000e+03 9.096956774691802305e-01 9.030432253120819486e-02
1.685000000000000000e+03 9.882831497530355502e-01 1.171685024735710096e-02
1.687500000000000000e+03 8.140922235496754755e-01 1.859077764507147124e-01
1.690000000000000000e+03 4.775035989295018934e-01 5.224964010708927908e-01
1.692500000000000000e+03 1.509055862815857907e-01 8.490944137188066732e-01
1.695000000000000000e+03 1.478640118357974452e-02 9.852135988168199132e-01
1.697500000000000000e+03 1.434768168487751128e-01 8.565231831516235683e-01
1.700000000000000000e+03 4.680624729820858088e-01 5.319375270183106519e-01
1.702500000000000000e+03 8.172741622478829626e-01 1.827258377525168287e-01
1.705000000000000000e+03 9.947965958217738214e-01 5.203404178626511167e-03
1.707500000000000000e+03 9.049087479096862285e-01 9.509125209071274398e-02
1.710000000000000000e+03 5.978256334892237955e-01 4.021743665111754962e-01
1.712500000000000000e+03 2.375382075391401782e-01 7.624617924612634434e-01
1.715000000000000000e+03 2.530694630863645350e-02 9.746930536917677301e-01
1.717500000000000000e+03 7.184193232300389864e-02 9.281580676773986127e-01
1.720000000000000000e+03 3.489965693362293564e-01 6.510034306641750979e-01
1.722500000000000000e+03 7.103368233446423208e-01 2.896631766557596910e-01
1.725000000000000000e+03 9.589543278939252069e-01 4.104567210647620118e-02
1.727500000000000000e+03 9.701029787034090024e-01 2.989702129699843558e-02
1.730000000000000000e+03 7.423114460192277164e-01 2.576885539811773485e-01
1.732500000000000000e+03 3.955001133083592135e-01 6.044998866920477942e-01
1.735000000000000000e+03 1.175830071127869914e-01 8.824169928876151037e-01
1.737500000000000000e+03 4.995404853279933333e-02 9.500459514676031780e-01
1.740000000000000000e+03 2.287106763689168709e-01 7.712893236314881662e-01
1.742500000000000000e+03 5.625208573768754050e-01 4.374791426235334901e-01
1.745000000000000000e+03 8.702175100334802460e-01 1.297824899669274279e-01
1.747500000000000000e+03 9.910469697329240546e-01 8.953030267486592614e-03
1.750000000000000000e+03 8.552929794696110255e-01 1.447070205307990909e-01
1.752500000000000000e+03 5.299302873668438885e-01 4.700697126335657283e-01
1.755000000000000000e+03 1.926522502284186145e-01 8.073477497719920848e-01
1.757500000000000000e+03 2.145591909012764878e-02 9.785440809102816662e-01
1.760000000000000000e+03 1.129428838359762821e-01 8.870571161644387193e-01
1.762500000000000000e+03 4.189500501812603583e-01 5.810499498191569190e-01
1.765000000000000000e+03 7.672156997933319289e-01 2.327843002070821843e-01
1.767500000000000000e+03 9.712201170505672110e-01 2.877988294985078799e-02
1.770000000000000000e+03 9.173043246009175977e-01 8.269567539949806978e-02
1.772500000000000000e+03 6.369750625244355868e-01 3.630249374759839665e-01
1.775000000000000000e+03 2.902141307328037212e-01 7.097858692676103365e-01
1.777500000000000000e+03 6.212726196418544289e-02 9.378727380362363863e-01
1.780000000000000000e+03 7.803764894994261181e-02 9.219623510504759700e-01
1.782500000000000000e+03 3.266672137055687264e-01 6.733327862948513820e-01
1.785000000000000000e+03 6.691731887872163220e-01 3.308268112132084493e-01
1.787500000000000000e+03 9.279668542136315645e-01 7.203314578679305413e-02
1.790000000000000000e+03 9.642446812000156076e-01 3.575531880040987154e-02
1.792500000000000000e+03 7.618784672196075025e-01 2.381215327808151039e-01
1.795000000000000000e+03 4.319534853651159079e-01 5.680465146353078643e-01
1.797500000000000000e+03 1.442245773793114361e-01 8.557754226211152782e-01
1.800000000000000000e+03 5.525523572148528795e-02 9.447447642789416067e-01
1.802500000000000000e+03 2.126082536430874970e-01 7.873917463573365527e-01
1.805000000000000000e+03 5.325420377226218749e-01 4.674579622778057830e-01
1.807500000000000000e+03 8.491960687501696192e-01 1.508039312502579832e-01
1.810000000000000000e+03 9.855274761223687952e-01 1.447252387805872051e-02
1.812500000000000000e+03 8.646037900622646211e-01 1.353962099381615936e-01
1.815000000000000000e+03 5.482619857306754163e-01 4.517380142697517975e-01
1.817500000000000000e+03 2.011408809784138718e-01 7.988591190220201144e-01
1.820000000000000000e+03 1.756248191387229166e-02 9.824375180865612123e-01
1.822500000000000000e+03 9.715259818759144905e-02 9.028474018128398448e-01
1.825000000000000000e+03 3.966882585707439679e-01 6.033117414296828018e-01
1.827500000000000000e+03 7.567551869045547885e-01 2.432448130958698995e-01
1.830000000000000000e+03 9.757471076396673215e-01 2.425289236076256377e-02
1.832500000000000000e+03 9.387413083757641941e-01 6.125869162466053564e-02
1.835000000000000000e+03 6.691411554224041547e-01 3.308588445780267784e-01
1.837500000000000000e+03 3.118474670952351424e-01 6.881525329051980666e-01
1.840000000000000000e+03 6.528271427767372292e-02 9.347172857227598053e-01
1.842500000000000000e+03 5.691830152540702792e-02 9.430816984750233223e-01
1.845000000000000000e+03 2.892985195501879825e-01 7.107014804502469474e-01
1.847500000000000000e+03 6.414475118136908627e-01 3.585524881867441782e-01
1.850000000000000000e+03 9.232736209899319313e-01 7.672637901050556597e-02
1.852500000000000000e+03 9.921047693096862741e-01 7.895230690747158733e-03
1.855000000000000000e+03 8.116202386673002644e-01 1.883797613331347764e-01
1.857500000000000000e+03 4.733699153990112429e-01 5.266300846014213555e-01
1.860000000000000000e+03 1.588451752136547657e-01 8.411548247867839390e-01
1.862500000000000000e+03 2.941259337643137642e-02 9.705874066240018916e-01
1.865000000000000000e+03 1.570381032692942935e-01 8.429618967311436339e-01
1.867500000000000000e+03 4.777658095895936929e-01 5.222341904108448452e-01
1.870000000000000000e+03 8.162005558509985992e-01 1.837994441494367748e-01
1.872500000000000000e+03 9.931744243033598929e-01 6.825575697075829742e-03
1.875000000000000000e+03 9.069796040326438824e-01 9.302039596779418384e-02
1.877500000000000000e+03 5.998641246193350263e-01 4.001358753811032343e-01
1.880000000000000000e+03 2.417211932803368657e-01 7.582788067201018389e-01
1.882500000000000000e+03 2.272987807961859494e-02 9.772701219208282941e-01
1.885000000000000000e+03 6.522439018110180731e-02 9.347756098193413798e-01
1.887500000000000000e+03 3.453621049986270730e-01 6.546378950018145737e-01
1.890000000000000000e+03 7.051765468093057487e-01 2.948234531911381739e-01
1.892500000000000000e+03 9.544396148386500300e-01 4.556038516179632125e-02
1.895000000000000000e+03 9.580058993477155171e-01 4.199410065272507486e-02
1.897500000000000000e+03 7.195951187420348560e-01 2.804048812584125083e-01
1.900000000000000000e+03 3.755942492651654363e-01 6.244057507352804848e-01
1.902500000000000000e+03 1.071319879522503182e-01 8.928680120481967686e-01
1.905000000000000000e+03 5.961573487853533831e-02 9.403842651219123105e-01
1.907500000000000000e+03 2.548376636828212916e-01 7.451623363176316239e-01
1.910000000000000000e+03 5.849367168497185965e-01 4.150632831507340414e-01
1.912500000000000000e+03 8.800690011295673187e-01 1.199309988708847918e-01
1.915000000000000000e+03 9.807062047261001503e-01 1.929379527434916392e-02
1.917500000000000000e+03 8.345641439240688575e-01 1.654358560763812269e-01
1.920000000000000000e+03 5.193487179195992454e-01 4.806512820808515052e-01
1.922500000000000000e+03 1.965405239628881806e-01 8.034594760375635136e-01
1.925000000000000000e+03 4.319897362917058531e-02 9.568010263712832808e-01
1.927500000000000000e+03 1.415840289536700602e-01 8.584159710467849091e-01
1.930000000000000000e+03 4.395838038617579380e-01 5.604161961386963098e-01
1.932500000000000000e+03 7.802902345980834431e-01 2.197097654023735525e-01
1.935000000000000000e+03 9.713450250096327121e-01 2.865497499082010624e-02
1.937500000000000000e+03 9.075192977369894720e-01 9.248070226346485900e-02
1.940000000000000000e+03 6.219931097687123600e-01 3.780068902317452184e-01
1.942500000000000000e+03 2.667218340116570552e-01 7.332781659887995795e-01
1.945000000000000000e+03 4.218489573167688578e-02 9.578151042687812478e-01
1.947500000000000000e+03 6.868619815181692401e-02 9.313138018486404324e-01
1.950000000000000000e+03 3.306600669836670114e-01 6.693399330167892902e-01
1.952500000000000000e+03 6.880588421450284375e-01 3.119411578554308062e-01
1.955000000000000000e+03 9.424706481991719231e-01 5.752935180128830595e-02
1.957500000000000000e+03 9.628507452283402435e-01 3.714925477212210891e-02
1.960000000000000000e+03 7.420414266280196403e-01 2.579585733724351626e-01
1.962500000000000000e+03 3.984144291698582530e-01 6.015855708306006022e-01
1.965000000000000000e+03 1.209277019565598021e-01 8.790722980438961942e-01
1.967500000000000000e+03 5.229842893536278819e-02 9.477015710650922298e-01
1.970000000000000000e+03 2.292530101037059953e-01 7.707469898967549415e-01
1.972500000000000000e+03 5.614631257245347173e-01 4.385368742759264693e-01
1.975000000000000000e+03 8.698946049809704872e-01 1.301053950194919762e-01
1.977500000000000000e+03 9.954404723938635735e-01 4.559527606607550500e-03
1.980000000000000000e+03 8.668099155679287460e-01 1.331900844325386302e-01
1.982500000000000000e+03 5.459273659927439404e-01 4.540726340077156364e-01
1.985000000000000000e+03 2.049310680233095983e-01 7.950689319771551133e-01
1.987500000000000000e+03 2.120761796710139702e-02 9.787923820333612746e-01
1.990000000000000000e+03 9.847638900733329814e-02 9.015236109931312747e-01
1.992500000000000000e+03 3.989355712899393946e-01 6.010644287105261219e-01
1.995000000000000000e+03 7.565671311904573759e-01 2.434328688100088345e-01
1.997500000000000000e+03 9.808219106406173005e-01 1.917808935985207061e-02
2.000000000000000000e+03 9.446970327963357672e-01 5.530296720413034606e-02
