0.000000000000000000e+00 0.000000000000000000e+00 1.000000000000000000e+00
2.500000000000000000e+00 1.373931918082930970e-01 8.626068081917048769e-01
5.000000000000000000e+00 4.697428623635825362e-01 5.302571376364144662e-01
7.500000000000000000e+00 8.204121980482270704e-01 1.795878019517683222e-01
1.000000000000000000e+01 9.952847771036674729e-01 4.715222896326824210e-03
1.250000000000000000e+01 9.047964292940086084e-01 9.520357070598618743e-02
1.500000000000000000e+01 6.012731605851362460e-01 3.987268394148551498e-01
1.750000000000000000e+01 2.441062778873951400e-01 7.558937221126005301e-01
2.000000000000000000e+01 2.902067165359053375e-02 9.709793283463936664e-01
2.250000000000000000e+01 6.771043957394322355e-02 9.322895604260429403e-01
2.500000000000000000e+01 3.393040321693644445e-01 6.606959678306180139e-01
2.750000000000000000e+01 7.020997510157982457e-01 2.979002489841818813e-01
3.000000000000000000e+01 9.549357387638688355e-01 4.506426123610913353e-02
3.250000000000000000e+01 9.635054201144225283e-01 3.649457988555313698e-02
3.500000000000000000e+01 7.226581985880708991e-01 2.773418014119084507e-01
3.750000000000000000e+01 3.605094826525964136e-01 6.394905173473800497e-01
4.000000000000000000e+01 7.918693272828022933e-02 9.208130672716976495e-01
4.250000000000000000e+01 2.597233802665774305e-02 9.740276619733285735e-01
4.500000000000000000e+01 2.277447708995100906e-01 7.722552291004654013e-01
4.750000000000000000e+01 5.767747769162885341e-01 4.232252230836876516e-01
5.000000000000000000e+01 8.813665947455713301e-01 1.186334052544025380e-01
5.250000000000000000e+01 9.850013615764620090e-01 1.499863842350884768e-02
5.500000000000000000e+01 8.324905930790532649e-01 1.675094069209155379e-01
5.750000000000000000e+01 5.029335226875936149e-01 4.970664773123725233e-01
6.000000000000000000e+01 1.759792117279926904e-01 8.240207882719670085e-01
6.250000000000000000e+01 2.169744591967587982e-02 9.783025540802846587e-01
6.500000000000000000e+01 1.255613121162328372e-01 8.744386878837313581e-01
6.750000000000000000e+01 4.334356576285378071e-01 5.665643423714223914e-01
7.000000000000000000e+01 7.745824192535106789e-01 2.254175807464454118e-01
7.250000000000000000e+01 9.694875434733601915e-01 3.051245652659804325e-02
7.500000000000000000e+01 9.116236611202593876e-01 8.837633887970119950e-02
7.750000000000000000e+01 6.338274250733552106e-01 3.661725749266011576e-01
8.000000000000000000e+01 2.907534595249408604e-01 7.092465404750124547e-01
8.250000000000000000e+01 6.056547725918943331e-02 9.394345227407657761e-01
8.500000000000000000e+01 6.736940195361439121e-02 9.326305980463387435e-01
8.750000000000000000e+01 3.065283925321006242e-01 6.934716074678483055e-01
9.000000000000000000e+01 6.481456553426534484e-01 3.518543446572923172e-01
9.250000000000000000e+01 9.163282546239089887e-01 8.367174537603286333e-02
9.500000000000000000e+01 9.638802468297062997e-01 3.611975317023646825e-02
9.750000000000000000e+01 7.638656403068972978e-01 2.361343596930482458e-01
1.000000000000000000e+02 4.242247736760174082e-01 5.757752263239286350e-01
1.025000000000000000e+02 1.222192714668383501e-01 8.777807285331129528e-01
1.050000000000000000e+02 2.529772817014042108e-02 9.747022718298128385e-01
1.075000000000000000e+02 1.846305351005265716e-01 8.153694648994228578e-01
1.100000000000000000e+02 5.117622995290790344e-01 4.882377004708675083e-01
1.125000000000000000e+02 8.353642546561803606e-01 1.646357453437667373e-01
1.150000000000000000e+02 9.786252187010187065e-01 2.137478129892373888e-02
1.175000000000000000e+02 8.687084811443895882e-01 1.312915188555503210e-01
1.200000000000000000e+02 5.663386685034648149e-01 4.336613314964757881e-01
1.225000000000000000e+02 2.273333523462003902e-01 7.726666476537394912e-01
1.250000000000000000e+02 3.613731691571538812e-02 9.638626830842262905e-01
1.275000000000000000e+02 9.301428934503744306e-02 9.069857106549117365e-01
1.300000000000000000e+02 3.692429832119973332e-01 6.307570167879475997e-01
1.325000000000000000e+02 7.223190636355407701e-01 2.776809363643987227e-01
1.350000000000000000e+02 9.566827293102524443e-01 4.331727068969304373e-02
1.375000000000000000e+02 9.468835073236845368e-01 5.311649267626512849e-02
1.400000000000000000e+02 6.966546345057487155e-01 3.033453654941912769e-01
1.425000000000000000e+02 3.377267456035359938e-01 6.622732543964080509e-01
1.450000000000000000e+02 6.968330551925794314e-02 9.303166944806843253e-01
1.475000000000000000e+02 3.335128768709950953e-02 9.666487123128288950e-01
1.500000000000000000e+02 2.482164528218176736e-01 7.517835471781162404e-01
1.525000000000000000e+02 6.019766404247297586e-01 3.980233595752087350e-01
1.550000000000000000e+02 9.010700911184467143e-01 9.892990888148994744e-02
1.575000000000000000e+02 9.900969397046335274e-01 9.903060295299631957e-03
1.600000000000000000e+02 8.188529756818835326e-01 1.811470243180476059e-01
1.625000000000000000e+02 4.742571664100565521e-01 5.257428335898748362e-01
1.650000000000000000e+02 1.448838292466383959e-01 8.551161707532922707e-01
1.675000000000000000e+02 4.585517050117434400e-03 9.954144829498150493e-01
1.700000000000000000e+02 1.333631706862260791e-01 8.666368293136961221e-01
1.725000000000000000e+02 4.645097302784913507e-01 5.354902697214364293e-01
1.750000000000000000e+02 8.132982893467091134e-01 1.867017106532144755e-01
1.775000000000000000e+02 9.946067535612869159e-01 5.393246438637777120e-03
1.800000000000000000e+02 9.082854985072744691e-01 9.171450149264628871e-02
1.825000000000000000e+02 6.016907506934409122e-01 3.983092493064788187e-01
1.850000000000000000e+02 2.458504350602679078e-01 7.541495649396511292e-01
1.875000000000000000e+02 2.702400784696448732e-02 9.729759921529594902e-01
1.900000000000000000e+02 6.485305318643899697e-02 9.351469468134711027e-01
1.925000000000000000e+02 3.394373478969741065e-01 6.605626521029336340e-01
1.950000000000000000e+02 7.003144951074924407e-01 2.996855048924152443e-01
1.975000000000000000e+02 9.587762726302540006e-01 4.122372736965873585e-02
2.000000000000000000e+02 9.706358055442820820e-01 2.936419445562097816e-02
2.025000000000000000e+02 7.276305840912467016e-01 2.723694159086594846e-01
2.050000000000000000e+02 3.637907849957960904e-01 6.362092150041059879e-01
2.075000000000000000e+02 7.187914410943045673e-02 9.281208558904728845e-01
2.100000000000000000e+02 1.480352473006460445e-02 9.851964752698372241e-01
2.125000000000000000e+02 2.216428878254119161e-01 7.783571121744873311e-01
2.150000000000000000e+02 5.756479978012812859e-01 4.243520021986163515e-01
2.175000000000000000e+02 8.900267439997779917e-01 1.099732560001191045e-01
2.200000000000000000e+02 9.929362347170553882e-01 7.063765282838163975e-03
2.225000000000000000e+02 8.334773634628929173e-01 1.665226365370012229e-01
2.250000000000000000e+02 5.009396363766752680e-01 4.990603636232187057e-01
2.275000000000000000e+02 1.682530149380385420e-01 8.317469850618535165e-01
2.300000000000000000e+02 1.716235951247892938e-02 9.828376404874012984e-01
2.325000000000000000e+02 1.263836714464715849e-01 8.736163285534055412e-01
2.350000000000000000e+02 4.362825390860521346e-01 5.637174609138221326e-01
2.375000000000000000e+02 7.844229010127976576e-01 2.155770989870764986e-01
2.400000000000000000e+02 9.773951543340905213e-01 2.260484566578386048e-02
2.425000000000000000e+02 9.133376543262060610e-01 8.666234567366704056e-02
2.450000000000000000e+02 6.289136521811427016e-01 3.710863478187279574e-01
2.475000000000000000e+02 2.754692518264255097e-01 7.245307481734390986e-01
2.500000000000000000e+02 4.866600736596791987e-02 9.513339926339073882e-01
2.525000000000000000e+02 6.521878053559641841e-02 9.347812194642782790e-01
2.550000000000000000e+02 3.134632314854977064e-01 6.865367685143803911e-01
2.575000000000000000e+02 6.633747156866536265e-01 3.366252843132182537e-01
2.600000000000000000e+02 9.246898478883149863e-01 7.531015211155847600e-02
2.625000000000000000e+02 9.633258066119003704e-01 3.667419338797314743e-02
2.650000000000000000e+02 7.579460562538051782e-01 2.420539437460648979e-01
2.675000000000000000e+02 4.137215886056199721e-01 5.862784113942489661e-01
2.700000000000000000e+02 1.185277904065733801e-01 8.814722095932974177e-01
2.725000000000000000e+02 2.682908076763248356e-02 9.731709192322364199e-01
2.750000000000000000e+02 1.899727686136543081e-01 8.100272313862122431e-01
2.775000000000000000e+02 5.224311297922340502e-01 4.775688702076316128e-01
2.800000000000000000e+02 8.400152736177275425e-01 1.599847263821346788e-01
2.825000000000000000e+02 9.767412397911310329e-01 2.325876020873705180e-02
2.850000000000000000e+02 8.592200719033464829e-01 1.407799280965133515e-01
2.875000000000000000e+02 5.508480599491384355e-01 4.491519400507281712e-01
2.900000000000000000e+02 2.210952711957094585e-01 7.789047288041539563e-01
2.925000000000000000e+02 3.986949334962320429e-02 9.601305066502372476e-01
2.950000000000000000e+02 1.052847186855699474e-01 8.947152813142795758e-01
2.975000000000000000e+02 3.843232309992040685e-01 6.156767690006478277e-01
3.000000000000000000e+02 7.261136457297386881e-01 2.738863542701197584e-01
3.025000000000000000e+02 9.532469133599511535e-01 4.675308663990730695e-02
3.050000000000000000e+02 9.388749622997519806e-01 6.112503770010750681e-02
3.075000000000000000e+02 6.876515904666258283e-01 3.123484095332321187e-01
3.100000000000000000e+02 3.368755848904413930e-01 6.631244151094172201e-01
3.125000000000000000e+02 7.111037564478764339e-02 9.288896243550701648e-01
3.150000000000000000e+02 3.814370813602731974e-02 9.618562918638293713e-01
3.175000000000000000e+02 2.552046298390053813e-01 7.447953701608521770e-01
3.200000000000000000e+02 6.021182409879921593e-01 3.978817590118686742e-01
3.225000000000000000e+02 8.980898153623587676e-01 1.019101846375035647e-01
3.250000000000000000e+02 9.817854343092069502e-01 1.821456569065311309e-02
3.275000000000000000e+02 8.101931162929004726e-01 1.898068837069609438e-01
3.300000000000000000e+02 4.762471046704832012e-01 5.237528953293770773e-01
3.325000000000000000e+02 1.520667103334114034e-01 8.479332896664484309e-01
3.350000000000000000e+02 1.574572707978060676e-02 9.842542729200747242e-01
3.375000000000000000e+02 1.407923882369352953e-01 8.592076117629184884e-01
3.400000000000000000e+02 4.607084905813957354e-01 5.392915094184620450e-01
3.425000000000000000e+02 8.079123534054263311e-01 1.920876465944313105e-01
3.450000000000000000e+02 9.882994501438004953e-01 1.170054985605991499e-02
3.475000000000000000e+02 9.051217669620800210e-01 9.487823303777422057e-02
3.500000000000000000e+02 6.045497165455014921e-01 3.954502834543547340e-01
3.525000000000000000e+02 2.460378101734514156e-01 7.539621898264009525e-01
3.550000000000000000e+02 2.864620965855377635e-02 9.713537903413017593e-01
3.575000000000000000e+02 6.580155007388185928e-02 9.341984499259778918e-01
3.600000000000000000e+02 3.364129261264762194e-01 6.635870738733772312e-01
3.625000000000000000e+02 6.995094412665718853e-01 3.004905587332844519e-01
3.650000000000000000e+02 9.560793122882818018e-01 4.392068771157259938e-02
3.675000000000000000e+02 9.715702631470379824e-01 2.842973685281790022e-02
3.700000000000000000e+02 7.353137065567134645e-01 2.646862934431357672e-01
3.725000000000000000e+02 3.691049890522977162e-01 6.308950109475538470e-01
3.750000000000000000e+02 7.552706997100359920e-02 9.244729300288522245e-01
3.775000000000000000e+02 1.074321354260783165e-02 9.892567864572466840e-01
3.800000000000000000e+02 2.117976429946994699e-01 7.882023570051622796e-01
3.825000000000000000e+02 5.718813696962257165e-01 4.281186303036360608e-01
3.850000000000000000e+02 8.896543305264257295e-01 1.103456694734359922e-01
3.875000000000000000e+02 9.979024179672970618e-01 2.097582032565422326e-03
3.900000000000000000e+02 8.389433647387820603e-01 1.610566352610794116e-01
3.925000000000000000e+02 4.986890888529437738e-01 5.013109111469173929e-01
3.950000000000000000e+02 1.654857548620736751e-01 8.345142451377854931e-01
3.975000000000000000e+02 1.248039279328478669e-02 9.875196072065778319e-01
4.000000000000000000e+02 1.229595439012151070e-01 8.770404560986508891e-01
4.025000000000000000e+02 4.394305339440081060e-01 5.605694660558628861e-01
4.050000000000000000e+02 7.880131923876368960e-01 2.119868076122306544e-01
4.075000000000000000e+02 9.854848091082535344e-01 1.451519089161517999e-02
4.100000000000000000e+02 9.211763623097807274e-01 7.882363769009256838e-02
4.125000000000000000e+02 6.281575424953826925e-01 3.718424575044897984e-01
4.150000000000000000e+02 2.696995453254968367e-01 7.303004546743737668e-01
4.175000000000000000e+02 3.562570954955094488e-02 9.643742904503170843e-01
4.200000000000000000e+02 5.498883515373165221e-02 9.450111648461444469e-01
4.225000000000000000e+02 3.151985522593058198e-01 6.848014477405710565e-01
4.250000000000000000e+02 6.706813593739467949e-01 3.293186406259325238e-01
4.275000000000000000e+02 9.362087950555251226e-01 6.379120494435347455e-02
4.300000000000000000e+02 9.684439392035186778e-01 3.155606079635635969e-02
4.325000000000000000e+02 7.527299388898988086e-01 2.472700611099792056e-01
4.350000000000000000e+02 4.073555296492551436e-01 5.926444703506233980e-01
4.375000000000000000e+02 1.108062485412771303e-01 8.891937514586023550e-01
4.400000000000000000e+02 2.530664700678157686e-02 9.746933529930970064e-01
4.425000000000000000e+02 1.960166220390732461e-01 8.039833779608080988e-01
4.450000000000000000e+02 5.293247505627631799e-01 4.706752494371175821e-01
4.475000000000000000e+02 8.500511719624994633e-01 1.499488280373809657e-01
4.500000000000000000e+02 9.803382725098204187e-01 1.966172749005838313e-02
4.525000000000000000e+02 8.526016233959908819e-01 1.473983766038875209e-01
4.550000000000000000e+02 5.394358906518097463e-01 4.605641093480641324e-01
4.575000000000000000e+02 2.061304984663782647e-01 7.938695015334955585e-01
4.600000000000000000e+02 3.521317777320830122e-02 9.647868222266566818e-01
4.625000000000000000e+02 1.134503655292078278e-01 8.865496344706562670e-01
4.650000000000000000e+02 3.967665804086022430e-01 6.032334195912528729e-01
4.675000000000000000e+02 7.390441892977809291e-01 2.609558107020826245e-01
4.700000000000000000e+02 9.546111143751215833e-01 4.538888562473499672e-02
4.725000000000000000e+02 9.314099305110544735e-01 6.859006948880266852e-02
4.750000000000000000e+02 6.800745390521666378e-01 3.199254609476882560e-01
4.775000000000000000e+02 3.294749378917850580e-01 6.705250621080688367e-01
4.800000000000000000e+02 7.225097096801906538e-02 9.277490290318257671e-01
4.825000000000000000e+02 4.409674334397058193e-02 9.559032566558762767e-01
4.850000000000000000e+02 2.612462795548489147e-01 7.387537204449869943e-01
4.875000000000000000e+02 6.095398583627280598e-01 3.904601416371134004e-01
4.900000000000000000e+02 8.966196419431735620e-01 1.033803580566673708e-01
4.925000000000000000e+02 9.735152668362602180e-01 2.648473316357932011e-02
4.950000000000000000e+02 7.997478682431812258e-01 2.002521317566569869e-01
4.975000000000000000e+02 4.664999428499707057e-01 5.335000571498665911e-01
5.000000000000000000e+02 1.553814358118518757e-01 8.446185641879812023e-01
5.025000000000000000e+02 2.693726779010587741e-02 9.730627322097276100e-01
5.050000000000000000e+02 1.523125820720365176e-01 8.476874179277926746e-01
5.075000000000000000e+02 4.686358631788221096e-01 5.313641368210069160e-01
5.100000000000000000e+02 8.035567140769168670e-01 1.964432859229126027e-01
5.125000000000000000e+02 9.808126021382445048e-01 1.918739786158502741e-02
5.150000000000000000e+02 8.996729203062541202e-01 1.003270796935736425e-01
5.175000000000000000e+02 6.006414390704452044e-01 3.993585609293839322e-01
5.200000000000000000e+02 2.493023681837907013e-01 7.506976318160364370e-01
5.225000000000000000e+02 3.142839920734868259e-02 9.685716007924862758e-01
5.250000000000000000e+02 6.789321730004407862e-02 9.321067826997915251e-01
5.275000000000000000e+02 3.390603730444993191e-01 6.609396269553353687e-01
5.300000000000000000e+02 6.953253704463379092e-01 3.046746295534969451e-01
5.325000000000000000e+02 9.514964194090085314e-01 4.850358059082475470e-02
5.350000000000000000e+02 9.674965810571456437e-01 3.250341894268383991e-02
5.375000000000000000e+02 7.341348920142817258e-01 2.658651079855511856e-01
5.400000000000000000e+02 3.777090820755965583e-01 6.222909179242297473e-01
5.425000000000000000e+02 8.342927701821831188e-02 9.165707229816155710e-01
5.450000000000000000e+02 1.493750420481661061e-02 9.850624957950152583e-01
5.475000000000000000e+02 2.106311189509057491e-01 7.893688810489202234e-01
5.500000000000000000e+02 5.632047368986271563e-01 4.367952631011978171e-01
5.525000000000000000e+02 8.858443493461209961e-01 1.141556506536994531e-01
5.550000000000000000e+02 9.979045108225582661e-01 2.095489177259455237e-03
5.575000000000000000e+02 8.404180271612566866e-01 1.595819728385627079e-01
5.600000000000000000e+02 5.024582541464133190e-01 4.975417458534013848e-01
5.625000000000000000e+02 1.631366809506525073e-01 8.368633190491633345e-01
5.650000000000000000e+02 9.717471605525534323e-03 9.902825283942933154e-01
5.675000000000000000e+02 1.213744523781838669e-01 8.786255476216404681e-01
5.700000000000000000e+02 4.362053519571803539e-01 5.637946480426440088e-01
5.725000000000000000e+02 7.903325049658410650e-01 2.096674950339906807e-01
5.750000000000000000e+02 9.889336536644601772e-01 1.106634633536950248e-02
5.775000000000000000e+02 9.267302741563629986e-01 7.326972584346798378e-02
5.800000000000000000e+02 6.361292690202411393e-01 3.638707309795858880e-01
5.825000000000000000e+02 2.691076145510642448e-01 7.308923854487665572e-01
5.850000000000000000e+02 3.005144683290562890e-02 9.699485531669217453e-01
5.875000000000000000e+02 4.586282890145158136e-02 9.541371710983774790e-01
5.900000000000000000e+02 3.069947515714120390e-01 6.930052484284163761e-01
5.925000000000000000e+02 6.739945032084516674e-01 3.260054967913781909e-01
5.950000000000000000e+02 9.429455956860324228e-01 5.705440431379771304e-02
5.975000000000000000e+02 9.746559878366115592e-01 2.534401216321161346e-02
6.000000000000000000e+02 7.547605585771426373e-01 2.452394414226800046e-01
6.025000000000000000e+02 3.999321138207977966e-01 6.000678861790269547e-01
6.050000000000000000e+02 1.047308322192109786e-01 8.952691677806152715e-01
6.075000000000000000e+02 2.173935284376926624e-02 9.782606471560593153e-01
6.100000000000000000e+02 1.962034738958056135e-01 8.037965261040165288e-01
6.125000000000000000e+02 5.375553372339441083e-01 4.624446627658846953e-01
6.150000000000000000e+02 8.576824944509094939e-01 1.423175055489165064e-01
6.175000000000000000e+02 9.877828219382440711e-01 1.221717806157692106e-02
6.200000000000000000e+02 8.551456963239087994e-01 1.448543036759121216e-01
6.225000000000000000e+02 5.301706781017643255e-01 4.698293218980550412e-01
6.250000000000000000e+02 1.941702875962567909e-01 8.058297124035629366e-01
6.275000000000000000e+02 2.370919799408832684e-02 9.762908020057262659e-01
6.300000000000000000e+02 1.108942267380868263e-01 8.891057732617265730e-01
6.325000000000000000e+02 4.076230571049567208e-01 5.923769428948546523e-01
6.350000000000000000e+02 7.502970881421259230e-01 2.497029118576860052e-01
6.375000000000000000e+02 9.624346812466393342e-01 3.756531875317284386e-02
6.400000000000000000e+02 9.298889900118737506e-01 7.011100998793788619e-02
6.425000000000000000e+02 6.697240604634349115e-01 3.302759395363767392e-01
6.450000000000000000e+02 3.229481974856783233e-01 6.770518025141325502e-01
6.475000000000000000e+02 6.886867765466780922e-02 9.311313223451407328e-01
6.500000000000000000e+02 4.750774259827973689e-02 9.524922574015224352e-01
6.525000000000000000e+02 2.710635143831452432e-01 7.289364856166634654e-01
6.550000000000000000e+02 6.163852257408215518e-01 3.836147742589914866e-01
6.575000000000000000e+02 9.018730266610699431e-01 9.812697333874069450e-02
6.600000000000000000e+02 9.700454330325841701e-01 2.995456696722675546e-02
6.625000000000000000e+02 7.868414863926792568e-01 2.131585136071289244e-01
6.650000000000000000e+02 4.549685441525773144e-01 5.450314558472346693e-01
6.675000000000000000e+02 1.476760200092542830e-01 8.523239799905613090e-01
6.700000000000000000e+02 3.199434004202659360e-02 9.680056599577886445e-01
6.725000000000000000e+02 1.668510317943548427e-01 8.331489682054578072e-01
6.750000000000000000e+02 4.792318737121801231e-01 5.207681262876264761e-01
6.775000000000000000e+02 8.087523166118489870e-01 1.912476833879526994e-01
6.800000000000000000e+02 9.752240521796664563e-01 2.477594782013805425e-02
6.825000000000000000e+02 8.898055135791415049e-01 1.101944864206636093e-01
6.850000000000000000e+02 5.965241429170703436e-01 4.034758570827289836e-01
6.875000000000000000e+02 2.474415836217205289e-01 7.525584163780819624e-01
6.900000000000000000e+02 3.603296837004425074e-02 9.639670316297561659e-01
6.925000000000000000e+02 7.442205200753002070e-02 9.255779479922667807e-01
6.950000000000000000e+02 3.415776156586995960e-01 6.584223843410899057e-01
6.975000000000000000e+02 6.970703631178837290e-01 3.029296368819043295e-01
7.000000000000000000e+02 9.453062525781976699e-01 5.469374742159578695e-02
7.025000000000000000e+02 9.579934701042256417e-01 4.200652989556515754e-02
7.050000000000000000e+02 7.290050536832092254e-01 2.709949463165812200e-01
7.075000000000000000e+02 3.768113482059362029e-01 6.231886517938525216e-01
7.100000000000000000e+02 9.328027645952487179e-02 9.067197235402630895e-01
7.125000000000000000e+02 2.627052552892718967e-02 9.737294744708604455e-01
7.150000000000000000e+02 2.148286027320449043e-01 7.851713972677406561e-01
7.175000000000000000e+02 5.626897044276709670e-01 4.373102955721165919e-01
7.200000000000000000e+02 8.778549477681218960e-01 1.221450522316701731e-01
7.225000000000000000e+02 9.925233438971847733e-01 7.476656102608222193e-03
7.250000000000000000e+02 8.409359078049163383e-01 1.590640921948731634e-01
7.275000000000000000e+02 5.026351343921883208e-01 4.973648656076009589e-01
7.300000000000000000e+02 1.663770700508703515e-01 8.336229299489169575e-01
7.325000000000000000e+02 9.765234774496103776e-03 9.902347652252943000e-01
7.350000000000000000e+02 1.188770157660944404e-01 8.811229842337000573e-01
7.375000000000000000e+02 4.357900029985494195e-01 5.642099970012419696e-01
7.400000000000000000e+02 7.861579773342028954e-01 2.138420226655889655e-01
7.425000000000000000e+02 9.878310196436838053e-01 1.216898035610657763e-02
7.450000000000000000e+02 9.296642271917547884e-01 7.033577280802798259e-02
7.475000000000000000e+02 6.403146706906603924e-01 3.596853293091215598e-01
7.500000000000000000e+02 2.776279033140164887e-01 7.223720966857708481e-01
7.525000000000000000e+02 3.194985292288646944e-02 9.680501470768960726e-01
7.550000000000000000e+02 4.100193560823214844e-02 9.589980643915514413e-01
7.575000000000000000e+02 3.012706904608142833e-01 6.987293095389729425e-01
7.600000000000000000e+02 6.676200957709703676e-01 3.323799042288184680e-01
7.625000000000000000e+02 9.453640943050102274e-01 5.463590569477799058e-02
7.650000000000000000e+02 9.803749628545610495e-01 1.962503714522445888e-02
7.675000000000000000e+02 7.563944518526528604e-01 2.436055481471358086e-01
7.700000000000000000e+02 3.997825546228584992e-01 6.002174453769263396e-01
7.725000000000000000e+02 9.808904152613455441e-02 9.019109584736523244e-01
7.750000000000000000e+02 1.637250326558219171e-02 9.836274967342059083e-01
7.775000000000000000e+02 1.960885143799975250e-01 8.039114856197902004e-01
7.800000000000000000e+02 5.384052266862167091e-01 4.615947733135680187e-01
7.825000000000000000e+02 8.650269559673284814e-01 1.349730440324590219e-01
7.850000000000000000e+02 9.954552710964560402e-01 4.544728903325723733e-03
7.875000000000000000e+02 8.598145648679501596e-01 1.401854351318335412e-01
7.900000000000000000e+02 5.321569040793274752e-01 4.678430959204536999e-01
7.925000000000000000e+02 1.853282587145463622e-01 8.146717412852338969e-01
7.950000000000000000e+02 1.248958755114993983e-02 9.875104124486294710e-01
7.975000000000000000e+02 1.040286956028933507e-01 8.959713043968815516e-01
8.000000000000000000e+02 4.070758091310504034e-01 5.929241908687271634e-01
8.025000000000000000e+02 7.609442910030415064e-01 2.390557089967351723e-01
8.050000000000000000e+02 9.713985816188993594e-01 2.860141838087800967e-02
8.075000000000000000e+02 9.315260390414116243e-01 6.847396095835969754e-02
8.100000000000000000e+02 6.656541222213672171e-01 3.343458777784031333e-01
8.125000000000000000e+02 3.123067349333756848e-01 6.876932650663980517e-01
8.150000000000000000e+02 6.390554117763348752e-02 9.360944588221306040e-01
8.175000000000000000e+02 4.900165381673039777e-02 9.509983461830333606e-01
8.200000000000000000e+02 2.762994499202641729e-01 7.237005500794944091e-01
8.225000000000000000e+02 6.276463997322154764e-01 3.723536002675320034e-01
8.250000000000000000e+02 9.088454316302264635e-01 9.115456836952258446e-02
8.275000000000000000e+02 9.716493809773841805e-01 2.835061902236802461e-02
8.300000000000000000e+02 7.816498756208102305e-01 2.183501243789349178e-01
8.325000000000000000e+02 4.400700699190510101e-01 5.599299300806916957e-01
8.350000000000000000e+02 1.364767873138898191e-01 8.635232126858551904e-01
8.375000000000000000e+02 2.861238867833435992e-02 9.713876113214114927e-01
8.400000000000000000e+02 1.735107537984874881e-01 8.264892462012621843e-01
8.425000000000000000e+02 4.945648685376743403e-01 5.054351314620786351e-01
8.450000000000000000e+02 8.169885002519516881e-01 1.830114997477987893e-01
8.475000000000000000e+02 9.752152278414351061e-01 2.478477215831734887e-02
8.500000000000000000e+02 8.828176383476654676e-01 1.171823616520883821e-01
8.525000000000000000e+02 5.858783910674982831e-01 4.141216089322546923e-01
8.550000000000000000e+02 2.452856784413198488e-01 7.547143215584315445e-01
8.575000000000000000e+02 3.851263108047376510e-02 9.614873689192814377e-01
8.600000000000000000e+02 8.074432911700248072e-02 9.192556708827623879e-01
8.625000000000000000e+02 3.508488537250164518e-01 6.491511462747464600e-01
8.650000000000000000e+02 6.995022260543900527e-01 3.004977739453680297e-01
8.675000000000000000e+02 9.436664254420435993e-01 5.633357455771816069e-02
8.700000000000000000e+02 9.495515680043871143e-01 5.044843199536629824e-02
8.725000000000000000e+02 7.157776493288585673e-01 2.842223506708967951e-01
8.750000000000000000e+02 3.715874608322555228e-01 6.284125391675018379e-01
8.775000000000000000e+02 9.529043383993718308e-02 9.047095661598241190e-01
8.800000000000000000e+02 3.726183504044705552e-02 9.627381649593158564e-01
8.825000000000000000e+02 2.282992410650886983e-01 7.717007589346718266e-01
8.850000000000000000e+02 5.657732289390325908e-01 4.342267710607232711e-01
8.875000000000000000e+02 8.751563231555176126e-01 1.248436768442358347e-01
8.900000000000000000e+02 9.848601815939334037e-01 1.513981840582474640e-02
8.925000000000000000e+02 8.342666475524525005e-01 1.657333524472992814e-01
8.950000000000000000e+02 5.042735630856869378e-01 4.957264369140658711e-01
8.975000000000000000e+02 1.682480539411559672e-01 8.317519460585958146e-01
9.000000000000000000e+02 1.349102039023464435e-02 9.865089796095212193e-01
9.025000000000000000e+02 1.219533563537195248e-01 8.780466436460339086e-01
9.050000000000000000e+02 4.332397336531568777e-01 5.667602663465949320e-01
9.075000000000000000e+02 7.840162016550199509e-01 2.159837983447284171e-01
9.100000000000000000e+02 9.818533708414346473e-01 1.814662915831265211e-02
9.125000000000000000e+02 9.244525215126623285e-01 7.554747848708320834e-02
9.150000000000000000e+02 6.430090048880311437e-01 3.569909951117133939e-01
9.175000000000000000e+02 2.827961054128266816e-01 7.172038945869235738e-01
9.200000000000000000e+02 4.122842060080990356e-02 9.587715793989466384e-01
9.225000000000000000e+02 4.601526916694288760e-02 9.539847308328147646e-01
9.250000000000000000e+02 2.969091014854534638e-01 7.030908985143040635e-01
9.275000000000000000e+02 6.631393232073701238e-01 3.368606767923901790e-01
9.300000000000000000e+02 9.404224809283667774e-01 5.957751907138798125e-02
9.325000000000000000e+02 9.807019446173247390e-01 1.929805538242845842e-02
9.350000000000000000e+02 7.613421162452005397e-01 2.386578837545545173e-01
9.375000000000000000e+02 3.994586832833595946e-01 6.005413167163979882e-01
9.400000000000000000e+02 9.697474574904278721e-02 9.030252542507171132e-01
9.425000000000000000e+02 1.246883235543619003e-02 9.875311676443213615e-01
9.450000000000000000e+02 1.912668139093616493e-01 8.087331860903903547e-01
9.475000000000000000e+02 5.392139157661466342e-01 4.607860842336042317e-01
9.500000000000000000e+02 8.653392054854059934e-01 1.346607945143445950e-01
9.525000000000000000e+02 9.996987364498177708e-01 3.012635499321866675e-04
9.550000000000000000e+02 8.672890413834614121e-01 1.327109586162891486e-01
9.575000000000000000e+02 5.356750378320879191e-01 4.643249621676631689e-01
9.600000000000000000e+02 1.874139592065708626e-01 8.125860407931787543e-01
9.625000000000000000e+02 6.511701708753751816e-03 9.934882982909938320e-01
9.650000000000000000e+02 9.429118005850822826e-02 9.057088199412389740e-01
9.675000000000000000e+02 4.039155052536787527e-01 5.960844947460710586e-01
9.700000000000000000e+02 7.619052459969558599e-01 2.380947540027850973e-01
9.725000000000000000e+02 9.793042923897693486e-01 2.069570760997659076e-02
9.750000000000000000e+02 9.378055609541049442e-01 6.219443904564250780e-02
9.775000000000000000e+02 6.623961840888767938e-01 3.376038159108695758e-01
9.800000000000000000e+02 3.066309443303178450e-01 6.933690556694274143e-01
9.825000000000000000e+02 5.558704013902581592e-02 9.444129598607200471e-01
9.850000000000000000e+02 4.562553860764567010e-02 9.543744613921043562e-01
9.875000000000000000e+02 2.813575560131851283e-01 7.186424439865657376e-01
9.900000000000000000e+02 6.337053031898046696e-01 3.662946968099452527e-01
9.925000000000000000e+02 9.187221272935719441e-01 8.127787270618172522e-02
9.950000000000000000e+02 9.782718606375414572e-01 2.172813936221170555e-02
9.975000000000000000e+02 7.800825819023711194e-01 2.199174180973769155e-01
1.000000000000000000e+03 4.339938289523706527e-01 5.660061710473776042e-01
1.002500000000000000e+03 1.229274863442871707e-01 8.770725136554545776e-01
1.005000000000000000e+03 1.899252102206529930e-02 9.810074789776782600e-01
1.007500000000000000e+03 1.747948603410524049e-01 8.252051396586892462e-01
1.010000000000000000e+03 5.021533924324590448e-01 4.978466075672809410e-01
1.012500000000000000e+03 8.298387687758383979e-01 1.701612312238957869e-01
1.015000000000000000e+03 9.800596783358609398e-01 1.994032166387153110e-02
1.017500000000000000e+03 8.771530939847610453e-01 1.228469060149713077e-01
1.020000000000000000e+03 5.779402687378203396e-01 4.220597312619099872e-01
1.022500000000000000e+03 2.364547744948718999e-01 7.635452255048609249e-01
1.025000000000000000e+03 3.867977282915513459e-02 9.613202271705738600e-01
1.027500000000000000e+03 8.804141565880065079e-02 9.119585843409230286e-01
1.030000000000000000e+03 3.585501652974704689e-01 6.414498347022549174e-01
1.032500000000000000e+03 7.090439821941543208e-01 2.909560178055718427e-01
1.035000000000000000e+03 9.454381580830986120e-01 5.456184191661945376e-02
1.037500000000000000e+03 9.435764083822346660e-01 5.642359161748204677e-02
1.040000000000000000e+03 7.056232950079619481e-01 2.943767049917584977e-01
1.042500000000000000e+03 3.576150373592081322e-01 6.423849626405119251e-01
1.045000000000000000e+03 9.113936246798373664e-02 9.088606375317411779e-01
1.047500000000000000e+03 4.355417978781642857e-02 9.564458202119059393e-01
1.050000000000000000e+03 2.397193232878991054e-01 7.602806767118259756e-01
1.052500000000000000e+03 5.783779657325420764e-01 4.216220342671807009e-01
1.055000000000000000e+03 8.759007361337360908e-01 1.240992638659890873e-01
1.057500000000000000e+03 9.781419728617957166e-01 2.185802713792966284e-02
1.060000000000000000e+03 8.269927181137118888e-01 1.730072818860136363e-01
1.062500000000000000e+03 4.982939048231851964e-01 5.017060951765375254e-01
1.065000000000000000e+03 1.717173048583110484e-01 8.282826951414106187e-01
1.067500000000000000e+03 1.922869623090688734e-02 9.807713037688079449e-01
1.070000000000000000e+03 1.266030015687870380e-01 8.733969984309284396e-01
1.072500000000000000e+03 4.379395526950519701e-01 5.620604473046625360e-01
1.075000000000000000e+03 7.807814825504200140e-01 2.192185174492910782e-01
1.077500000000000000e+03 9.756952271749350647e-01 2.430477282477819939e-02
1.080000000000000000e+03 9.165436236998719677e-01 8.345637629984527239e-02
1.082500000000000000e+03 6.352611068823326157e-01 3.647388931173829452e-01
1.085000000000000000e+03 2.859628450681334089e-01 7.140371549315784883e-01
1.087500000000000000e+03 4.945413748390325298e-02 9.505458625158039743e-01
1.090000000000000000e+03 5.569302438167170882e-02 9.443069756180351160e-01
1.092500000000000000e+03 3.034700021255347657e-01 6.965299978741723574e-01
1.095000000000000000e+03 6.585147117158378638e-01 3.414852882838676496e-01
1.097500000000000000e+03 9.347703723822728961e-01 6.522962761742651105e-02
1.100000000000000000e+03 9.769925557714822517e-01 2.300744422821219409e-02
1.102500000000000000e+03 7.603550377896622914e-01 2.396449622100336185e-01
1.105000000000000000e+03 4.044149158971241942e-01 5.955850841025687181e-01
1.107500000000000000e+03 9.781253749351319360e-02 9.021874625061818698e-01
1.110000000000000000e+03 1.137957954410609429e-02 9.886204204555890662e-01
1.112500000000000000e+03 1.900600285820102375e-01 8.099399714176843679e-01
1.115000000000000000e+03 5.342638297325726926e-01 4.657361702671201087e-01
1.117500000000000000e+03 8.639840762010269071e-01 1.360159237986661163e-01
1.120000000000000000e+03 9.986555010861349890e-01 1.344498913554937171e-03
1.122500000000000000e+03 8.682038542057974873e-01 1.317961457938960912e-01
1.125000000000000000e+03 5.432055057688481847e-01 4.567944942308493350e-01
1.127500000000000000e+03 1.921826388601942104e-01 8.078173611395015330e-01
1.130000000000000000e+03 9.048213812978853771e-03 9.909517861867097599e-01
1.132500000000000000e+03 9.171981668094428275e-02 9.082801833187323926e-01
1.135000000000000000e+03 3.956975073152498856e-01 6.043024926844348110e-01
1.137500000000000000e+03 7.601905989445369993e-01 2.398094010551458100e-01
1.140000000000000000e+03 9.812662532890727984e-01 1.873374671061005942e-02
1.142500000000000000e+03 9.421438743689780626e-01 5.785612563070448300e-02
1.145000000000000000e+03 6.664278496966248300e-01 3.335721503030501522e-01
1.147500000000000000e+03 3.014357698422303611e-01 6.985642301574472857e-01
1.150000000000000000e+03 4.939742629800711327e-02 9.506025737016692290e-01
1.152500000000000000e+03 4.082404429185682720e-02 9.591759557078147758e-01
1.155000000000000000e+03 2.789647325893528929e-01 7.210352674103208681e-01
1.157500000000000000e+03 6.394006986472547949e-01 3.605993013524249058e-01
1.160000000000000000e+03 9.244965220542820106e-01 7.550347794539402635e-02
1.162500000000000000e+03 9.850561278611860150e-01 1.494387213849220249e-02
1.165000000000000000e+03 7.863255939505778835e-01 2.136744060490931574e-01
1.167500000000000000e+03 4.314049240944726193e-01 5.685950759051973114e-01
1.170000000000000000e+03 1.169545891884654076e-01 8.830454108112091305e-01
1.172500000000000000e+03 9.200325603614899900e-03 9.907996743960523212e-01
1.175000000000000000e+03 1.674236868716026116e-01 8.325763131280696783e-01
1.177500000000000000e+03 5.064939288061662825e-01 4.935060711935053135e-01
1.180000000000000000e+03 8.374759125798263426e-01 1.625240874198458640e-01
1.182500000000000000e+03 9.880330897598537110e-01 1.196691023981567847e-02
1.185000000000000000e+03 8.783906491795423488e-01 1.216093508201234324e-01
1.187500000000000000e+03 5.684014804983722469e-01 4.315985195012910780e-01
1.190000000000000000e+03 2.283860452838854249e-01 7.716139547157828682e-01
1.192500000000000000e+03 3.375886846728332058e-02 9.662411315323820027e-01
1.195000000000000000e+03 9.028729232450405373e-02 9.097127076751658770e-01
1.197500000000000000e+03 3.689667423140516322e-01 6.310332576856199083e-01
1.200000000000000000e+03 7.172793904930958586e-01 2.827206095065710190e-01
1.202500000000000000e+03 9.527624112947078450e-01 4.723758870495764484e-02
1.205000000000000000e+03 9.444433555454890827e-01 5.555664445417494990e-02
1.207500000000000000e+03 6.964690336770584800e-01 3.035309663226068433e-01
1.210000000000000000e+03 3.468820145005501177e-01 6.531179854991124856e-01
1.212500000000000000e+03 7.972907742998323888e-02 9.202709225696751316e-01
1.215000000000000000e+03 4.135275837294938306e-02 9.586472416267136643e-01
1.217500000000000000e+03 2.496316503813510168e-01 7.503683496183090051e-01
1.220000000000000000e+03 5.890758445046488934e-01 4.109241554950078257e-01
1.222500000000000000e+03 8.843159281110259951e-01 1.156840718886331248e-01
1.225000000000000000e+03 9.757646533450137216e-01 2.423534665463888613e-02
1.227500000000000000e+03 8.164389075287723507e-01 1.835610924708807046e-01
1.230000000000000000e+03 4.918921764671734254e-01 5.081078235324822945e-01
1.232500000000000000e+03 1.689706604325542649e-01 8.310293395670982353e-01
1.235000000000000000e+03 2.487914899222649912e-02 9.751208510074187430e-01
1.237500000000000000e+03 1.363915920368967694e-01 8.636084079627479593e-01
1.240000000000000000e+03 4.432810730892433049e-01 5.567189269103990368e-01
1.242500000000000000e+03 7.845980840104543885e-01 2.154019159891910618e-01
1.245000000000000000e+03 9.712716544842889821e-01 2.872834551535582287e-02
1.247500000000000000e+03 9.059710496085802145e-01 9.402895039106454189e-02
1.250000000000000000e+03 6.261246288319151088e-01 3.738753711677264557e-01
1.252500000000000000e+03 2.786930614101644221e-01 7.213069385894840257e-01
1.255000000000000000e+03 5.380780111579686054e-02 9.461921988838531972e-01
1.257500000000000000e+03 6.743855096105785818e-02 9.325614490385891742e-01
1.260000000000000000e+03 3.125429408522294450e-01 6.874570591474113979e-01
1.262500000000000000e+03 6.635639205533065965e-01 3.364360794463325810e-01
1.265000000000000000e+03 9.290297869270442987e-01 7.097021307259643308e-02
1.267500000000000000e+03 9.689637780522992738e-01 3.103622194733630241e-02
1.270000000000000000e+03 7.580760911157738979e-01 2.419239088838666396e-01
1.272500000000000000e+03 4.044275025645985844e-01 5.955724974350410372e-01
1.275000000000000000e+03 1.036484271909571819e-01 8.963515728086854928e-01
1.277500000000000000e+03 1.538935544408490119e-02 9.846106445555481423e-01
1.280000000000000000e+03 1.893986663146007554e-01 8.106013336850326212e-01
1.282500000000000000e+03 5.338677310626401828e-01 4.661322689369892802e-01
1.285000000000000000e+03 8.580990677842311731e-01 1.419009322153983454e-01
1.287500000000000000e+03 9.931062936775131300e-01 6.893706322114350263e-03
1.290000000000000000e+03 8.657425346047002979e-01 1.342574653949262231e-01
1.292500000000000000e+03 5.426019961516006518e-01 4.573980038480262578e-01
1.295000000000000000e+03 2.002347907825864914e-01 7.997652092170445259e-01
1.297500000000000000e+03 1.672423055557725746e-02 9.832757694440518170e-01
1.300000000000000000e+03 9.441608032018097840e-02 9.055839196794501778e-01
1.302500000000000000e+03 3.949296126908164450e-01 6.050703873088159046e-01
1.305000000000000000e+03 7.530271857894768051e-01 2.469728142101557666e-01
1.307500000000000000e+03 9.788724346935698817e-01 2.112756530606117039e-02
1.310000000000000000e+03 9.449539164394762381e-01 5.504608356015093518e-02
1.312500000000000000e+03 6.684943629662210007e-01 3.315056370334076852e-01
1.315000000000000000e+03 3.042385882628717009e-01 6.957614117367523221e-01
1.317500000000000000e+03 4.536219547634606775e-02 9.546378045232837284e-01
1.320000000000000000e+03 3.487594726098532799e-02 9.651240527386456547e-01
1.322500000000000000e+03 2.768091676362413600e-01 7.231908323633936542e-01
1.325000000000000000e+03 6.369701377691413535e-01 3.630298622304916067e-01
1.327500000000000000e+03 9.277322321995852272e-01 7.226776780003990597e-02
1.330000000000000000e+03 9.898360727708396256e-01 1.016392722879033012e-02
1.332500000000000000e+03 7.902965276055086141e-01 2.097034723941231527e-01
1.335000000000000000e+03 4.376104813234941160e-01 5.623895186761388443e-01
1.337500000000000000e+03 1.159097097055458853e-01 8.840902902940855901e-01
1.340000000000000000e+03 3.971847134209450549e-03 9.960281528654166827e-01
1.342500000000000000e+03 1.617605601120057635e-01 8.382394398876248376e-01
1.345000000000000000e+03 5.013821077423139538e-01 4.986178922573092365e-01
1.347500000000000000e+03 8.423573181225608719e-01 1.576426818770626792e-01
1.350000000000000000e+03 9.950820889816713866e-01 4.917911017950873931e-03
1.352500000000000000e+03 8.811658574755206752e-01 1.188341425240994065e-01
1.355000000000000000e+03 5.666939501376573318e-01 4.333060498619654144e-01
1.357500000000000000e+03 2.180403527681490095e-01 7.819596472314749303e-01
1.360000000000000000e+03 2.630883253489418871e-02 9.736911674647305004e-01
1.362500000000000000e+03 8.962346734432008466e-02 9.103765326553028281e-01
1.365000000000000000e+03 3.723975336973124328e-01 6.276024663023161976e-01
1.367500000000000000e+03 7.277504000125909478e-01 2.722495999870324090e-01
1.370000000000000000e+03 9.606333253012728779e-01 3.936667469834723154e-02
1.372500000000000000e+03 9.484435294684123718e-01 5.155647053120978457e-02
1.375000000000000000e+03 6.966738871399191790e-01 3.033261128596974054e-01
1.377500000000000000e+03 3.372262000373699165e-01 6.627737999622411724e-01
1.380000000000000000e+03 6.967091593015660445e-02 9.303290840694503627e-01
1.382500000000000000e+03 3.456316045590780012e-02 9.654368395436971895e-01
1.385000000000000000e+03 2.496679612946482441e-01 7.503320387049555729e-01
1.387500000000000000e+03 6.002547277056198283e-01 3.997452722939781600e-01
1.390000000000000000e+03 8.931411027897533383e-01 1.068588972098474532e-01
1.392500000000000000e+03 9.779726231670275993e-01 2.202737683257247753e-02
1.395000000000000000e+03 8.109531223010908452e-01 1.890468776985087807e-01
1.397500000000000000e+03 4.796133330405942252e-01 5.203866669590079264e-01
1.400000000000000000e+03 1.640470792922772980e-01 8.359529207073255197e-01
1.402500000000000000e+03 2.696054595706625506e-02 9.730394540425315597e-01
1.405000000000000000e+03 1.439026787092232418e-01 8.560973212903708607e-01
1.407500000000000000e+03 4.552217743062347277e-01 5.447782256933574319e-01
1.410000000000000000e+03 7.899797382190018036e-01 2.100202617805864980e-01
1.412500000000000000e+03 9.721033633525345552e-01 2.789663664705636578e-02
1.415000000000000000e+03 9.003446141586730622e-01 9.965538584091648833e-02
1.417500000000000000e+03 6.129208115741346941e-01 3.870791884254536352e-01
1.420000000000000000e+03 2.695901458824347396e-01 7.304098541171486492e-01
1.422500000000000000e+03 4.993023708866986543e-02 9.500697629109131626e-01
1.425000000000000000e+03 7.328220165159755883e-02 9.267177983479846226e-01
1.427500000000000000e+03 3.262036472917293484e-01 6.737963527078496551e-01
1.430000000000000000e+03 6.706708207665976751e-01 3.293291792329807732e-01
1.432500000000000000e+03 9.295431909842419849e-01 7.045680901533639406e-02
1.435000000000000000e+03 9.616492686951584323e-01 3.835073130441517958e-02
1.437500000000000000e+03 7.484084942834060561e-01 2.515915057161662305e-01
1.440000000000000000e+03 4.040650840850888992e-01 5.959349159144869956e-01
1.442500000000000000e+03 1.071717080099892638e-01 8.928282919895884628e-01
1.445000000000000000e+03 2.257662032458146451e-02 9.774233796749944858e-01
1.447500000000000000e+03 1.965078671845662539e-01 8.034921328150091968e-01
1.450000000000000000e+03 5.334281554815005766e-01 4.665718445180740970e-01
1.452500000000000000e+03 8.559561605008214613e-01 1.440438394987549886e-01
1.455000000000000000e+03 9.858248110036066381e-01 1.417518899596657139e-02
1.457500000000000000e+03 8.561217443398807525e-01 1.438782556596953643e-01
1.460000000000000000e+03 5.394378755149215054e-01 4.605621244846522244e-01
1.462500000000000000e+03 2.009169058945584896e-01 7.990830941050142133e-01
1.465000000000000000e+03 2.554886511024382495e-02 9.744511348893247771e-01
1.467500000000000000e+03 1.047616928677166936e-01 8.952383071318485985e-01
1.470000000000000000e+03 3.968454361929055207e-01 6.031545638066603265e-01
1.472500000000000000e+03 7.512189411386461790e-01 2.487810588609189466e-01
1.475000000000000000e+03 9.722258267566431522e-01 2.777417324292303855e-02
1.477500000000000000e+03 9.412010788034154141e-01 5.879892119614901075e-02
1.480000000000000000e+03 6.724566966446041683e-01 3.275433033549602913e-01
1.482500000000000000e+03 3.067091463014978703e-01 6.932908536980686431e-01
1.485000000000000000e+03 4.803198254522342975e-02 9.519680174543390105e-01
1.487500000000000000e+03 3.370315407024791765e-02 9.662968459293099777e-01
1.490000000000000000e+03 2.712655628940274233e-01 7.287344371055315406e-01
1.492500000000000000e+03 6.350323840576137524e-01 3.649676159419481536e-01
1.495000000000000000e+03 9.242891423572039411e-01 7.571085764235679916e-02
1.497500000000000000e+03 9.889175006140007440e-01 1.108249938556190271e-02
1.500000000000000000e+03 7.940637913491083166e-01 2.059362086504493983e-01
1.502500000000000000e+03 4.407703033696777073e-01 5.592296966298793137e-01
1.505000000000000000e+03 1.224448861011732809e-01 8.775551138983777033e-01
1.507500000000000000e+03 5.921961510875407841e-03 9.940780384886703791e-01
1.510000000000000000e+03 1.572456391740568171e-01 8.427543608254901564e-01
1.512500000000000000e+03 4.981884159351244734e-01 5.018115840644197245e-01
1.515000000000000000e+03 8.391102854923609966e-01 1.608897145071811474e-01
1.517500000000000000e+03 9.985875081195942915e-01 1.412491879950211098e-03
1.520000000000000000e+03 8.875541387547210004e-01 1.124458612448145101e-01
1.522500000000000000e+03 5.661465653231252393e-01 4.338534346764134630e-01
1.525000000000000000e+03 2.146012076672174640e-01 7.853987923323164644e-01
1.527500000000000000e+03 1.792825556350525693e-02 9.820717444360214099e-01
1.530000000000000000e+03 8.308921809776131928e-02 9.169107819017636718e-01
1.532500000000000000e+03 3.742845266007788219e-01 6.257154733987471129e-01
1.535000000000000000e+03 7.311269308141243872e-01 2.688730691853987165e-01
1.537500000000000000e+03 9.682742778170061460e-01 3.172572218251868553e-02
1.540000000000000000e+03 9.554387402562284359e-01 4.456125974329778333e-02
1.542500000000000000e+03 6.981966795004735937e-01 3.018033204990481222e-01
1.545000000000000000e+03 3.373281893673609200e-01 6.626718106321635160e-01
1.547500000000000000e+03 6.227567035441509274e-02 9.377243296451089893e-01
1.550000000000000000e+03 2.603769509209070965e-02 9.739623049074325190e-01
1.552500000000000000e+03 2.474478077916599239e-01 7.525521922078671766e-01
1.555000000000000000e+03 6.022614406104448426e-01 3.977385593890838122e-01
1.557500000000000000e+03 9.028244782520091771e-01 9.717552174751825644e-02
1.560000000000000000e+03 9.842668029183017087e-01 1.573319708121988583e-02
1.562500000000000000e+03 8.072342462538004693e-01 1.927657537457179715e-01
1.565000000000000000e+03 4.718109033951530251e-01 5.281890966043624180e-01
1.567500000000000000e+03 1.529424887340815886e-01 8.470575112654313843e-01
1.570000000000000000e+03 2.383311794289094676e-02 9.761668820566313798e-01
1.572500000000000000e+03 1.504092230678212017e-01 8.495907769316928260e-01
1.575000000000000000e+03 4.636291691021796613e-01 5.363708308973264005e-01
1.577500000000000000e+03 8.011100394006869241e-01 1.988899605988228292e-01
1.580000000000000000e+03 9.768890584657913267e-01 2.311094153371548790e-02
1.582500000000000000e+03 8.977298767053555340e-01 1.022701232941489041e-01
1.585000000000000000e+03 6.066400164780867410e-01 3.933599835214166562e-01
1.587500000000000000e+03 2.568467081912004790e-01 7.431532918083025852e-01
1.590000000000000000e+03 4.216811226526846063e-02 9.578318877342321125e-01
1.592500000000000000e+03 7.417687683933835152e-02 9.258231231601625755e-01
1.595000000000000000e+03 3.332634573409182233e-01 6.667365426585833976e-01
1.597500000000000000e+03 6.832754033160068907e-01 3.167245966835009474e-01
1.600000000000000000e+03 9.334891085110270659e-01 6.651089148847670607e-02
1.602500000000000000e+03 9.561807540240008230e-01 4.381924597550419104e-02
1.605000000000000000e+03 7.397202545259098372e-01 2.602797454735939486e-01
1.607500000000000000e+03 3.950439476365747438e-01 6.049560523629277098e-01
1.610000000000000000e+03 1.091401506753516826e-01 8.908598493241524086e-01
1.612500000000000000e+03 3.081772318858356369e-02 9.691822768109202846e-01
1.615000000000000000e+03 2.048361445110125634e-01 7.951638554884969956e-01
1.617500000000000000e+03 5.416456155754317825e-01 4.583543844240773879e-01
1.620000000000000000e+03 8.552243439536435510e-01 1.447756560458542119e-01
1.622500000000000000e+03 9.802385498177059731e-01 1.976145018179856216e-02
1.625000000000000000e+03 8.476401593932078038e-01 1.523598406062932620e-01
1.627500000000000000e+03 5.280066076563281197e-01 4.719933923431713918e-01
1.630000000000000000e+03 1.982102963029157006e-01 8.017897036965828672e-01
1.632500000000000000e+03 2.975420809915933426e-02 9.702457919003357745e-01
1.635000000000000000e+03 1.140806035721773359e-01 8.859193964273194277e-01
1.637500000000000000e+03 4.076061713556797805e-01 5.923938286438176215e-01
1.640000000000000000e+03 7.511111074787035768e-01 2.488888925207903557e-01
1.642500000000000000e+03 9.668604348230555035e-01 3.313956517643795036e-02
1.645000000000000000e+03 9.348696349312066722e-01 6.513036506828492889e-02
1.647500000000000000e+03 6.685340334045720700e-01 3.314659665949220568e-01
1.650000000000000000e+03 3.123663076078110334e-01 6.876336923916814836e-01
1.652500000000000000e+03 5.346010578090163584e-02 9.465398942185901943e-01
1.655000000000000000e+03 3.690417158075001702e-02 9.630958284187391971e-01
1.657500000000000000e+03 2.725363531232964376e-01 7.274636468761828123e-01
1.660000000000000000e+03 6.295592141156182153e-01 3.704407858838703604e-01
1.662500000000000000e+03 9.199646667567155101e-01 8.003533324277342653e-02
1.665000000000000000e+03 9.840166977113892210e-01 1.598330228809483056e-02
1.667500000000000000e+03 7.895607079078689194e-01 2.104392920916076937e-01
1.670000000000000000e+03 4.441353757221269682e-01 5.558646242773572776e-01
1.672500000000000000e+03 1.272853947123332718e-01 8.727146052871446180e-01
1.675000000000000000e+03 1.277020032563875272e-02 9.872297996738423898e-01
1.677500000000000000e+03 1.615685021781313457e-01 8.384314978213498470e-01
1.680000000000000000e+03 4.937091978282801552e-01 5.062908021711989281e-01
1.682500000000000000e+03 8.357829716868112602e-01 1.642170283126630215e-01
1.685000000000000000e+03 9.968186501709593861e-01 3.181349828515143627e-03
1.687500000000000000e+03 8.894821180025794805e-01 1.105178819968945236e-01
1.690000000000000000e+03 5.723726673808472443e-01 4.276273326186301738e-01
1.692500000000000000e+03 2.137846793213499796e-01 7.862153206781237191e-01
1.695000000000000000e+03 1.398163026759059388e-02 9.860183697318796181e-01
1.697500000000000000e+03 7.779523563253232243e-02 9.222047643669420980e-01
1.700000000000000000e+03 3.684000948078721138e-01 6.315999051915907048e-01
1.702500000000000000e+03 7.326347271762776447e-01 2.673652728231796782e-01
1.705000000000000000e+03 9.705281093184915386e-01 2.947189068096841766e-02
1.707500000000000000e+03 9.590018301412965851e-01 4.099816985816273629e-02
1.710000000000000000e+03 7.043856873602009072e-01 2.956143126392570264e-01
1.712500000000000000e+03 3.386104901301209558e-01 6.613895098693290953e-01
1.715000000000000000e+03 6.274362157977317334e-02 9.372563784196866754e-01
1.717500000000000000e+03 2.224253043719188680e-02 9.777574695622691658e-01
1.720000000000000000e+03 2.406265217082322883e-01 7.593734782912254788e-01
1.722500000000000000e+03 6.027397084261215676e-01 3.972602915733383089e-01
1.725000000000000000e+03 9.062954560349381072e-01 9.370454396452021495e-02
1.727500000000000000e+03 9.907940895744747900e-01 9.205910424980624784e-03
1.730000000000000000e+03 8.111099448459903050e-01 1.888900551534665184e-01
1.732500000000000000e+03 4.645705859491762735e-01 5.354294140502793287e-01
1.735000000000000000e+03 1.440297663415210927e-01 8.559702336579295689e-01
1.737500000000000000e+03 1.604237994719031474e-02 9.839576200522666127e-01
1.740000000000000000e+03 1.488293458275336822e-01 8.511706541719163965e-01
1.742500000000000000e+03 4.721795715974647645e-01 5.278204284019847314e-01
1.745000000000000000e+03 8.091718773536410447e-01 1.908281226458017066e-01
1.747500000000000000e+03 9.847548257077471945e-01 1.524517429169928995e-02
1.750000000000000000e+03 9.016689726087532275e-01 9.833102739069132792e-02
1.752500000000000000e+03 6.020291784245468403e-01 3.979708215749031552e-01
1.755000000000000000e+03 2.507526145326276490e-01 7.492473854668141309e-01
1.757500000000000000e+03 3.271972856051441614e-02 9.672802714389320267e-01
1.760000000000000000e+03 6.861998664458524022e-02 9.313800133548508775e-01
1.762500000000000000e+03 3.382115590605289657e-01 6.617884409389080957e-01
1.765000000000000000e+03 6.908713121356200304e-01 3.091286878638151436e-01
1.767500000000000000e+03 9.421863068711867628e-01 5.781369312824369971e-02
1.770000000000000000e+03 9.564346599979859365e-01 4.356534000144783592e-02
1.772500000000000000e+03 7.291437598396440789e-01 2.708562401597896518e-01
1.775000000000000000e+03 3.857522600588815243e-01 6.142477399405527061e-01
1.777500000000000000e+03 1.032998723678141273e-01 8.967001276316165503e-01
1.780000000000000000e+03 3.506796925369828899e-02 9.649320307457427415e-01
1.782500000000000000e+03 2.168683329446566554e-01 7.831316670547828762e-01
1.785000000000000000e+03 5.502939977516844161e-01 4.497060022477541441e-01
1.787500000000000000e+03 8.618314002099464188e-01 1.381685997894944451e-01
1.790000000000000000e+03 9.788229312897149814e-01 2.117706870972043895e-02
1.792500000000000000e+03 8.388054948177561254e-01 1.611945051816803531e-01
1.795000000000000000e+03 5.191523224343720377e-01 4.808476775650629698e-01
1.797500000000000000e+03 1.882512100077160522e-01 8.117487899917213978e-01
1.800000000000000000e+03 2.859774140866787329e-02 9.714022585907703400e-01
1.802500000000000000e+03 1.222634090777284244e-01 8.777365909217086370e-01
1.805000000000000000e+03 4.166029954205652253e-01 5.833970045788683390e-01
1.807500000000000000e+03 7.590158195395941831e-01 2.409841804598378823e-01
1.810000000000000000e+03 9.637212651771329686e-01 3.627873482230081076e-02
1.812500000000000000e+03 9.251432744430885258e-01 7.485672555634698133e-02
1.815000000000000000e+03 6.628105705096415390e-01 3.371894294897996858e-01
1.817500000000000000e+03 3.106355668881755627e-01 6.893644331112639412e-01
1.820000000000000000e+03 6.117403593674275442e-02 9.388259640626945846e-01
1.822500000000000000e+03 4.626887572309209412e-02 9.537311242763488739e-01
1.825000000000000000e+03 2.762468097579777737e-01 7.237531902414564566e-01
1.827500000000000000e+03 6.311813873348398607e-01 3.688186126645996987e-01
1.830000000000000000e+03 9.140964081216454984e-01 8.590359187778973116e-02
1.832500000000000000e+03 9.760181017901173872e-01 2.398189820932005584e-02
1.835000000000000000e+03 7.835389437920254885e-01 2.164610562074083533e-01
1.837500000000000000e+03 4.385729332449131990e-01 5.614270667545196991e-01
1.840000000000000000e+03 1.311142528188631029e-01 8.688857471805653265e-01
1.842500000000000000e+03 2.076364309851426102e-02 9.792363569009189250e-01
1.845000000000000000e+03 1.681038891952653103e-01 8.318961108041682539e-01
1.847500000000000000e+03 4.978691262522261241e-01 5.021308737472127692e-01
1.850000000000000000e+03 8.303838998261441340e-01 1.696161001732897355e-01
1.852500000000000000e+03 9.913691044767107829e-01 8.630895522721542673e-03
1.855000000000000000e+03 8.891336695675902124e-01 1.108663304318416587e-01
1.857500000000000000e+03 5.743398336595729736e-01 4.256601663398609792e-01
1.860000000000000000e+03 2.205946491360008255e-01 7.794053508634424254e-01
1.862500000000000000e+03 1.550822810903674728e-02 9.844917718904100390e-01
1.865000000000000000e+03 7.409765738485261932e-02 9.259023426145954749e-01
1.867500000000000000e+03 3.652546704893889218e-01 6.347453295100503601e-01
1.870000000000000000e+03 7.267890934206940878e-01 2.732109065787414193e-01
1.872500000000000000e+03 9.690358056825699729e-01 3.096419431687055454e-02
1.875000000000000000e+03 9.597047875577160436e-01 4.029521244171847816e-02
1.877500000000000000e+03 7.048444037019567787e-01 2.951555962974756198e-01
1.880000000000000000e+03 3.444966320945304639e-01 6.555033679049068196e-01
1.882500000000000000e+03 6.603088458935291172e-02 9.339691154100857595e-01
1.885000000000000000e+03 2.304395617792433237e-02 9.769560438215092457e-01
1.887500000000000000e+03 2.396000651221311673e-01 7.603999348772942923e-01
1.890000000000000000e+03 5.971807669174835631e-01 4.028192330819436173e-01
1.892500000000000000e+03 9.070271680316153162e-01 9.297283196781430670e-02
1.895000000000000000e+03 9.953828429801576672e-01 4.617157019267363952e-03
1.897500000000000000e+03 8.148185654928737920e-01 1.851814345065521672e-01
1.900000000000000000e+03 4.668201936989263556e-01 5.331798063004981048e-01
1.902500000000000000e+03 1.365582224731537730e-01 8.634417775262673844e-01
1.905000000000000000e+03 7.126985418553878800e-03 9.928730145808734031e-01
1.907500000000000000e+03 1.446240586548866724e-01 8.553759413445340964e-01
1.910000000000000000e+03 4.713640842191293423e-01 5.286359157802938968e-01
1.912500000000000000e+03 8.165154643665163414e-01 1.834845356329072308e-01
1.915000000000000000e+03 9.914748082914014438e-01 8.525191708023970721e-03
1.917500000000000000e+03 9.055954033533004655e-01 9.440459664612541046e-02
1.920000000000000000e+03 6.053518251730317656e-01 3.946481748263924727e-01
1.922500000000000000e+03 2.466594269512243365e-01 7.533405730482016782e-01
1.925000000000000000e+03 2.748112385839975025e-02 9.725188761410301641e-01
1.927500000000000000e+03 6.363088918697687446e-02 9.363691108124543305e-01
1.930000000000000000e+03 3.350515776402043233e-01 6.649484223592293519e-01
1.932500000000000000e+03 6.976405193989544395e-01 3.023594806004819557e-01
1.935000000000000000e+03 9.496331742672330378e-01 5.036682573219448955e-02
1.937500000000000000e+03 9.599588605009781173e-01 4.004113949845206771e-02
1.940000000000000000e+03 7.260596883024925674e-01 2.739403116969409968e-01
1.942500000000000000e+03 3.728157099160556154e-01 6.271842900833770607e-01
1.945000000000000000e+03 9.436388889616191544e-02 9.056361111032635858e-01
1.947500000000000000e+03 3.372180329962308487e-02 9.662781966998027494e-01
1.950000000000000000e+03 2.227077404598596932e-01 7.772922595395651557e-01
1.952500000000000000e+03 5.633694732593557131e-01 4.366305267400697465e-01
1.955000000000000000e+03 8.697561158191324804e-01 1.302438841802979197e-01
1.957500000000000000e+03 9.819225981248256296e-01 1.807740187460906214e-02
1.960000000000000000e+03 8.367344246756434067e-01 1.632655753237842455e-01
1.962500000000000000e+03 5.091076758887211895e-01 4.908923241107053248e-01
1.965000000000000000e+03 1.801258869011131414e-01 8.198741130983053793e-01
1.967500000000000000e+03 2.279127285373270043e-02 9.772087271456837421e-01
1.970000000000000000e+03 1.232543426905110262e-01 8.767456573089068561e-01
1.972500000000000000e+03 4.272225172565420892e-01 5.727774827428785409e-01
1.975000000000000000e+03 7.666494007333171101e-01 2.333505992661031869e-01
1.977500000000000000e+03 9.660878701008885905e-01 3.391212989852628035e-02
1.980000000000000000e+03 9.186673752049447916e-01 8.133262479447517235e-02
1.982500000000000000e+03 6.500893245165358936e-01 3.499106754828834598e-01
1.985000000000000000e+03 3.061342039761668077e-01 6.938657960232484934e-01
1.987500000000000000e+03 6.374682036361319082e-02 9.362531796358154468e-01
1.990000000000000000e+03 5.584068733377130223e-02 9.441593126656491197e-01
1.992500000000000000e+03 2.883428371911780363e-01 7.116571628082455359e-01
1.995000000000000000e+03 6.348121014023804243e-01 3.651878985970450908e-01
1.997500000000000000e+03 9.136454397678924755e-01 8.635456023153276206e-02
2.000000000000000000e+03 9.695665240635625848e-01 3.043347593585687960e-02
