0.000000000000000000e+00 0.000000000000000000e+00
2.500000000000000000e+00 9.353315245858223115e-06
5.000000000000000000e+00 1.267373686049841309e-04
7.500000000000000000e+00 4.859613777357774220e-04
1.000000000000000000e+01 1.039224738884754430e-03
1.250000000000000000e+01 1.533541141869390395e-03
1.500000000000000000e+01 1.729714310719401849e-03
1.750000000000000000e+01 1.626251421737505594e-03
2.000000000000000000e+01 1.463879112335009095e-03
2.250000000000000000e+01 1.516004760905694838e-03
2.500000000000000000e+01 1.858460594454416177e-03
2.750000000000000000e+01 2.316446522126902260e-03
3.000000000000000000e+01 2.630099109110820531e-03
3.250000000000000000e+01 2.685038978814561789e-03
3.500000000000000000e+01 2.586795887606777380e-03
3.750000000000000000e+01 2.510685206516639206e-03
4.000000000000000000e+01 2.507389502749048180e-03
4.250000000000000000e+01 2.503354210159408708e-03
4.500000000000000000e+01 2.491129919539425853e-03
4.750000000000000000e+01 2.642978076920744334e-03
5.000000000000000000e+01 3.162675737823320444e-03
5.250000000000000000e+01 4.030275909179953375e-03
5.500000000000000000e+01 4.945186686845910728e-03
5.750000000000000000e+01 5.550228685021032886e-03
6.000000000000000000e+01 5.721189992196981482e-03
6.250000000000000000e+01 5.659209099408111197e-03
6.500000000000000000e+01 5.716931783743803112e-03
6.750000000000000000e+01 6.113763344000610472e-03
7.000000000000000000e+01 6.780698082777741192e-03
7.250000000000000000e+01 7.458763162497485284e-03
7.500000000000000000e+01 7.939865431941623905e-03
7.750000000000000000e+01 8.205392243930140564e-03
8.000000000000000000e+01 8.343415156009373682e-03
8.250000000000000000e+01 8.386346675852298857e-03
8.500000000000000000e+01 8.298416447433423077e-03
8.750000000000000000e+01 8.132031753419876469e-03
9.000000000000000000e+01 8.121989749692699878e-03
9.250000000000000000e+01 8.535820968506030101e-03
9.500000000000000000e+01 9.403330329141460289e-03
9.750000000000000000e+01 1.042004131850949103e-02
1.000000000000000000e+02 1.114959252105410074e-02
1.025000000000000000e+02 1.135550545367284246e-02
1.050000000000000000e+02 1.118006672459498883e-02
1.075000000000000000e+02 1.102322606377808233e-02
1.100000000000000000e+02 1.122353067528753835e-02
1.125000000000000000e+02 1.181355072617952355e-02
1.150000000000000000e+02 1.255369716223320165e-02
1.175000000000000000e+02 1.317542643901814178e-02
1.200000000000000000e+02 1.356745424875829484e-02
1.225000000000000000e+02 1.374374075477326033e-02
1.250000000000000000e+02 1.370768400573660166e-02
1.275000000000000000e+02 1.343250514472051939e-02
1.300000000000000000e+02 1.299202739361841365e-02
1.325000000000000000e+02 1.264504877577637444e-02
1.350000000000000000e+02 1.270113032991497873e-02
1.375000000000000000e+02 1.325310216554680988e-02
1.400000000000000000e+02 1.404021023765548645e-02
1.425000000000000000e+02 1.460154624641000175e-02
1.450000000000000000e+02 1.461539930168296274e-02
1.475000000000000000e+02 1.415020312462649497e-02
1.500000000000000000e+02 1.361089203987070166e-02
1.525000000000000000e+02 1.341488692289223746e-02
1.550000000000000000e+02 1.368086954060776864e-02
1.575000000000000000e+02 1.420402537426973359e-02
1.600000000000000000e+02 1.469384361809108856e-02
1.625000000000000000e+02 1.499176909052259490e-02
1.650000000000000000e+02 1.506996301396212011e-02
1.675000000000000000e+02 1.490678444129532251e-02
1.700000000000000000e+02 1.445806115532023359e-02
1.725000000000000000e+02 1.377261523718336517e-02
1.750000000000000000e+02 1.308327851814149873e-02
1.775000000000000000e+02 1.270816011502274960e-02
1.800000000000000000e+02 1.280512541717700008e-02
1.825000000000000000e+02 1.319870765303647261e-02
1.850000000000000000e+02 1.346272074549264772e-02
1.875000000000000000e+02 1.322943813593827241e-02
1.900000000000000000e+02 1.248655977649985697e-02
1.925000000000000000e+02 1.159764799724513976e-02
1.950000000000000000e+02 1.100637178663291943e-02
1.975000000000000000e+02 1.089100573922462296e-02
2.000000000000000000e+02 1.109148021659044601e-02
2.025000000000000000e+02 1.133259619673519444e-02
2.050000000000000000e+02 1.145727245726378164e-02
2.075000000000000000e+02 1.143844516906754316e-02
2.100000000000000000e+02 1.124786839835272348e-02
2.125000000000000000e+02 1.080852513859143112e-02
2.150000000000000000e+02 1.010118492743132881e-02
2.175000000000000000e+02 9.280734405327568937e-03
2.200000000000000000e+02 8.634646878625007113e-03
2.225000000000000000e+02 8.377294978829372130e-03
2.250000000000000000e+02 8.447105487865648812e-03
2.275000000000000000e+02 8.504776307320787224e-03
2.300000000000000000e+02 8.180022570423358189e-03
2.325000000000000000e+02 7.383219099432883695e-03
2.350000000000000000e+02 6.395475247452842363e-03
2.375000000000000000e+02 5.629773455344518410e-03
2.400000000000000000e+02 5.288562079100792013e-03
2.425000000000000000e+02 5.258500386195106430e-03
2.450000000000000000e+02 5.309751931663208094e-03
2.475000000000000000e+02 5.328733963612755122e-03
2.500000000000000000e+02 5.330590267495858431e-03
2.525000000000000000e+02 5.307894019862010974e-03
2.550000000000000000e+02 5.151095386042324475e-03
2.575000000000000000e+02 4.744547303772585212e-03
2.600000000000000000e+02 4.122043682940282165e-03
2.625000000000000000e+02 3.502626175393614132e-03
2.650000000000000000e+02 3.141019319088951978e-03
2.675000000000000000e+02 3.102613750541809851e-03
2.700000000000000000e+02 3.171748686230748716e-03
2.725000000000000000e+02 3.014513483469702989e-03
2.750000000000000000e+02 2.476508714266233493e-03
2.775000000000000000e+02 1.729137353486269284e-03
2.800000000000000000e+02 1.104687829511064685e-03
2.825000000000000000e+02 7.911061273039927304e-04
2.850000000000000000e+02 7.144147231900477985e-04
2.875000000000000000e+02 7.078179731071710312e-04
2.900000000000000000e+02 7.288907823222601917e-04
2.925000000000000000e+02 8.652634490026070262e-04
2.950000000000000000e+02 1.158433785504100078e-03
2.975000000000000000e+02 1.481750898407633221e-03
3.000000000000000000e+02 1.616922157443590304e-03
3.025000000000000000e+02 1.452007932346907745e-03
3.050000000000000000e+02 1.108004151724537121e-03
3.075000000000000000e+02 8.595860831902359155e-04
3.100000000000000000e+02 8.971916340198115691e-04
3.125000000000000000e+02 1.146921356969299571e-03
3.150000000000000000e+02 1.339537184971781618e-03
3.175000000000000000e+02 1.274172963945430486e-03
3.200000000000000000e+02 1.003786239763314238e-03
3.225000000000000000e+02 7.474724635307987072e-04
3.250000000000000000e+02 6.451222768753432169e-04
3.275000000000000000e+02 6.467883742695828024e-04
3.300000000000000000e+02 6.506210893045818403e-04
3.325000000000000000e+02 6.937287961817429401e-04
3.350000000000000000e+02 9.488230355026935642e-04
3.375000000000000000e+02 1.527349700765133315e-03
3.400000000000000000e+02 2.311258661259594453e-03
3.425000000000000000e+02 2.997020777331846440e-03
3.450000000000000000e+02 3.326501010549718588e-03
3.475000000000000000e+02 3.306213882631130630e-03
3.500000000000000000e+02 3.208786637180148851e-03
3.525000000000000000e+02 3.334411868958502608e-03
3.550000000000000000e+02 3.750950892862865097e-03
3.575000000000000000e+02 4.269321904682225367e-03
3.600000000000000000e+02 4.662756987380360305e-03
3.625000000000000000e+02 4.875803067718194501e-03
3.650000000000000000e+02 5.005885039054147785e-03
3.675000000000000000e+02 5.124870930554169431e-03
3.700000000000000000e+02 5.187946833047216849e-03
3.725000000000000000e+02 5.143989905238842072e-03
3.750000000000000000e+02 5.096719022247879309e-03
3.775000000000000000e+02 5.295888139948659763e-03
3.800000000000000000e+02 5.931401398264963751e-03
3.825000000000000000e+02 6.923088113164221902e-03
3.850000000000000000e+02 7.919357183764429153e-03
3.875000000000000000e+02 8.540129103110954273e-03
3.900000000000000000e+02 8.676473532052178875e-03
3.925000000000000000e+02 8.576940502312660128e-03
3.950000000000000000e+02 8.624239650107272392e-03
3.975000000000000000e+02 9.011927110721866876e-03
4.000000000000000000e+02 9.634373107549269732e-03
4.025000000000000000e+02 1.025900057856847514e-02
4.050000000000000000e+02 1.074734818669598364e-02
4.075000000000000000e+02 1.109164424222696711e-02
4.100000000000000000e+02 1.129526209198649343e-02
4.125000000000000000e+02 1.130245459772259362e-02
4.150000000000000000e+02 1.108602933319747033e-02
4.175000000000000000e+02 1.078367210404084994e-02
4.200000000000000000e+02 1.069395189657140408e-02
4.225000000000000000e+02 1.107848980683685813e-02
4.250000000000000000e+02 1.192088077319176237e-02
4.275000000000000000e+02 1.287063546436467004e-02
4.300000000000000000e+02 1.347056932742668987e-02
4.325000000000000000e+02 1.351075072477978152e-02
4.350000000000000000e+02 1.319489358550307405e-02
4.375000000000000000e+02 1.295047584008668200e-02
4.400000000000000000e+02 1.306684272403888999e-02
4.425000000000000000e+02 1.351470513396696091e-02
4.450000000000000000e+02 1.407321851508222185e-02
4.475000000000000000e+02 1.455549870821900259e-02
4.500000000000000000e+02 1.488504610748254617e-02
4.525000000000000000e+02 1.501715041670227853e-02
4.550000000000000000e+02 1.487859651621320847e-02
4.575000000000000000e+02 1.443413816807891277e-02
4.600000000000000000e+02 1.380883324703744905e-02
4.625000000000000000e+02 1.330561931555525670e-02
4.650000000000000000e+02 1.323611098390058485e-02
4.675000000000000000e+02 1.366425823763886029e-02
4.700000000000000000e+02 1.429168355396090440e-02
4.725000000000000000e+02 1.464138390878344693e-02
4.750000000000000000e+02 1.443027214395135351e-02
4.775000000000000000e+02 1.380013611318346885e-02
4.800000000000000000e+02 1.317796374052644659e-02
4.825000000000000000e+02 1.290759380756735172e-02
4.850000000000000000e+02 1.302037245380338430e-02
4.875000000000000000e+02 1.332068627945244554e-02
4.900000000000000000e+02 1.360962423764998722e-02
4.925000000000000000e+02 1.378856379297232690e-02
4.950000000000000000e+02 1.380145550574622855e-02
4.975000000000000000e+02 1.356511487613140839e-02
5.000000000000000000e+02 1.300897937034124242e-02
5.025000000000000000e+02 1.219481416045315597e-02
5.050000000000000000e+02 1.137665255956414601e-02
5.075000000000000000e+02 1.088281301213497518e-02
5.100000000000000000e+02 1.086170114029726651e-02
5.125000000000000000e+02 1.110992501861010097e-02
5.150000000000000000e+02 1.118939757717710495e-02
5.175000000000000000e+02 1.078060771179716396e-02
5.200000000000000000e+02 9.953414390769731515e-03
5.225000000000000000e+02 9.087697874488607011e-03
5.250000000000000000e+02 8.533201799988241257e-03
5.275000000000000000e+02 8.359174581005580917e-03
5.300000000000000000e+02 8.403543261063918177e-03
5.325000000000000000e+02 8.487131548428075711e-03
5.350000000000000000e+02 8.534298462233472909e-03
5.375000000000000000e+02 8.520769650011394622e-03
5.400000000000000000e+02 8.374407593407236922e-03
5.425000000000000000e+02 7.975986680576139728e-03
5.450000000000000000e+02 7.281737902502722661e-03
5.475000000000000000e+02 6.444862629061702888e-03
5.500000000000000000e+02 5.771406642579491979e-03
5.525000000000000000e+02 5.486052004455617241e-03
5.550000000000000000e+02 5.508327042999144538e-03
5.575000000000000000e+02 5.488356774246872134e-03
5.600000000000000000e+02 5.108761033196878264e-03
5.625000000000000000e+02 4.366885970122466772e-03
5.650000000000000000e+02 3.556121211252907290e-03
5.675000000000000000e+02 2.983386330664152073e-03
5.700000000000000000e+02 2.728299190368821403e-03
5.725000000000000000e+02 2.664178524939982227e-03
5.750000000000000000e+02 2.654119195605667871e-03
5.775000000000000000e+02 2.679513347749472134e-03
5.800000000000000000e+02 2.785557258868813241e-03
5.825000000000000000e+02 2.939553159975616652e-03
5.850000000000000000e+02 2.978613452026458545e-03
5.875000000000000000e+02 2.731122218777103962e-03
5.900000000000000000e+02 2.210176856594135795e-03
5.925000000000000000e+02 1.662051039593285141e-03
5.950000000000000000e+02 1.369859916729742645e-03
5.975000000000000000e+02 1.386625545048208227e-03
6.000000000000000000e+02 1.483271173750591587e-03
6.025000000000000000e+02 1.377507901951109323e-03
6.050000000000000000e+02 1.002540011398462801e-03
6.075000000000000000e+02 5.409890332098689575e-04
6.100000000000000000e+02 2.175429795319276682e-04
6.125000000000000000e+02 9.408062739543742185e-05
6.150000000000000000e+02 7.366809747404542323e-05
6.175000000000000000e+02 7.167890988919343662e-05
6.200000000000000000e+02 1.437951655591079554e-04
6.225000000000000000e+02 4.277769342585292008e-04
6.250000000000000000e+02 9.573156799487020840e-04
6.275000000000000000e+02 1.547191241244308662e-03
6.300000000000000000e+02 1.901806977638649315e-03
6.325000000000000000e+02 1.876935001850535715e-03
6.350000000000000000e+02 1.630099640994670191e-03
6.375000000000000000e+02 1.478838988990810368e-03
6.400000000000000000e+02 1.603612231965486235e-03
6.425000000000000000e+02 1.909555193456327843e-03
6.450000000000000000e+02 2.171903539306449527e-03
6.475000000000000000e+02 2.274423374008640274e-03
6.500000000000000000e+02 2.284039948972452563e-03
6.525000000000000000e+02 2.321919254127182385e-03
6.550000000000000000e+02 2.409767529011167496e-03
6.575000000000000000e+02 2.467799690614269452e-03
6.600000000000000000e+02 2.458898425365960063e-03
6.625000000000000000e+02 2.510848879461388683e-03
6.650000000000000000e+02 2.857785603497390789e-03
6.675000000000000000e+02 3.617759060398724556e-03
6.700000000000000000e+02 4.614376892849403680e-03
6.725000000000000000e+02 5.457241133286989780e-03
6.750000000000000000e+02 5.853960215420175688e-03
6.775000000000000000e+02 5.858028610383336256e-03
6.800000000000000000e+02 5.794593328465573109e-03
6.825000000000000000e+02 5.950979263833893439e-03
6.850000000000000000e+02 6.361747589006318607e-03
6.875000000000000000e+02 6.869938115465084455e-03
6.900000000000000000e+02 7.327715940982247253e-03
6.925000000000000000e+02 7.700561490964598702e-03
6.950000000000000000e+02 8.008125323070288890e-03
6.975000000000000000e+02 8.221831682189571083e-03
7.000000000000000000e+02 8.262654813268335841e-03
7.025000000000000000e+02 8.121343018273927128e-03
7.050000000000000000e+02 7.975808586109873338e-03
7.075000000000000000e+02 8.140192806876906523e-03
7.100000000000000000e+02 8.821455875220733309e-03
7.125000000000000000e+02 9.885218156041458704e-03
7.150000000000000000e+02 1.089418503291049271e-02
7.175000000000000000e+02 1.144161062428611549e-02
7.200000000000000000e+02 1.147738275528507532e-02
7.225000000000000000e+02 1.130738142622795400e-02
7.250000000000000000e+02 1.129336088018181167e-02
7.275000000000000000e+02 1.157897956296716560e-02
7.300000000000000000e+02 1.207386950355280285e-02
7.325000000000000000e+02 1.261640161672884092e-02
7.350000000000000000e+02 1.309983866536297559e-02
7.375000000000000000e+02 1.346756980475497488e-02
7.400000000000000000e+02 1.364787277650333225e-02
7.425000000000000000e+02 1.354797090299555279e-02
7.450000000000000000e+02 1.315545979392083835e-02
7.475000000000000000e+02 1.265905074827568429e-02
7.500000000000000000e+02 1.241830558256925079e-02
7.525000000000000000e+02 1.271876251210595291e-02
7.550000000000000000e+02 1.349608215933896689e-02
7.575000000000000000e+02 1.432285976758034332e-02
7.600000000000000000e+02 1.472982810620187578e-02
7.625000000000000000e+02 1.457837718857336352e-02
7.650000000000000000e+02 1.413050073073388729e-02
7.675000000000000000e+02 1.378130401435549365e-02
7.700000000000000000e+02 1.375118353292833356e-02
7.725000000000000000e+02 1.400564782531658545e-02
7.750000000000000000e+02 1.438414980132935762e-02
7.775000000000000000e+02 1.474446873373773913e-02
7.800000000000000000e+02 1.499629129052985205e-02
7.825000000000000000e+02 1.505019044258776480e-02
7.850000000000000000e+02 1.479384025013342520e-02
7.875000000000000000e+02 1.417695524874129469e-02
7.900000000000000000e+02 1.334853027790181001e-02
7.925000000000000000e+02 1.266544994451772668e-02
7.950000000000000000e+02 1.246790204485319353e-02
7.975000000000000000e+02 1.277906885775773396e-02
8.000000000000000000e+02 1.323615059677384770e-02
8.025000000000000000e+02 1.336730594806146387e-02
8.050000000000000000e+02 1.297195341815015820e-02
8.075000000000000000e+02 1.224848088407292854e-02
8.100000000000000000e+02 1.158009913381058235e-02
8.125000000000000000e+02 1.122373245424244242e-02
8.150000000000000000e+02 1.118333324345655022e-02
8.175000000000000000e+02 1.130952797167891766e-02
8.200000000000000000e+02 1.146016141764321684e-02
8.225000000000000000e+02 1.156007298731584476e-02
8.250000000000000000e+02 1.154117612763983988e-02
8.275000000000000000e+02 1.127968586269053816e-02
8.300000000000000000e+02 1.065963256284002507e-02
8.325000000000000000e+02 9.738739294284644993e-03
8.350000000000000000e+02 8.817045872478692509e-03
8.375000000000000000e+02 8.255699191199261308e-03
8.400000000000000000e+02 8.169929318986673267e-03
8.425000000000000000e+02 8.304630696830990824e-03
8.450000000000000000e+02 8.242064465467760156e-03
8.475000000000000000e+02 7.752305672191302753e-03
8.500000000000000000e+02 6.958237339035287621e-03
8.525000000000000000e+02 6.188159151266850108e-03
8.550000000000000000e+02 5.692645676395560739e-03
8.575000000000000000e+02 5.492926280778155472e-03
8.600000000000000000e+02 5.455657450776557615e-03
8.625000000000000000e+02 5.466156180122063758e-03
8.650000000000000000e+02 5.506953081441972285e-03
8.675000000000000000e+02 5.573660206326246265e-03
8.700000000000000000e+02 5.553098339610065132e-03
8.725000000000000000e+02 5.252764783082428807e-03
8.750000000000000000e+02 4.599226698196959111e-03
8.775000000000000000e+02 3.785139077973911480e-03
8.800000000000000000e+02 3.154700994709000797e-03
8.825000000000000000e+02 2.907506474566125352e-03
8.850000000000000000e+02 2.921962665334661233e-03
8.875000000000000000e+02 2.877924784035624638e-03
8.900000000000000000e+02 2.548038107002900763e-03
8.925000000000000000e+02 1.977354378387636939e-03
8.950000000000000000e+02 1.406027062412223191e-03
8.975000000000000000e+02 1.039346536918944004e-03
9.000000000000000000e+02 8.938510388268612996e-04
9.025000000000000000e+02 8.519725755307601964e-04
9.050000000000000000e+02 8.420077139737835005e-04
9.075000000000000000e+02 9.307345485446126294e-04
9.100000000000000000e+02 1.210954118803397222e-03
9.125000000000000000e+02 1.610005805006700045e-03
9.150000000000000000e+02 1.869765161680859902e-03
9.175000000000000000e+02 1.768994867907951098e-03
9.200000000000000000e+02 1.356630582586960173e-03
9.225000000000000000e+02 9.239915189883368815e-04
9.250000000000000000e+02 7.376810637175516480e-04
9.275000000000000000e+02 8.169345948740613147e-04
9.300000000000000000e+02 9.639586107724757835e-04
9.325000000000000000e+02 9.789680503630934522e-04
9.350000000000000000e+02 8.359052253735870484e-04
9.375000000000000000e+02 6.696491797147090686e-04
9.400000000000000000e+02 6.125895231857527226e-04
9.425000000000000000e+02 6.571273688787413261e-04
9.450000000000000000e+02 6.960688494662394194e-04
9.475000000000000000e+02 7.028431631942326291e-04
9.500000000000000000e+02 8.345283246470537770e-04
9.525000000000000000e+02 1.296616990674051041e-03
9.550000000000000000e+02 2.085274948379683621e-03
9.575000000000000000e+02 2.906802635588284691e-03
9.600000000000000000e+02 3.404598553536045125e-03
9.625000000000000000e+02 3.470466737528218361e-03
9.650000000000000000e+02 3.314850625900085494e-03
9.675000000000000000e+02 3.247239845494589994e-03
9.700000000000000000e+02 3.417962126492764263e-03
9.725000000000000000e+02 3.756816410482487038e-03
9.750000000000000000e+02 4.106291625066828786e-03
9.775000000000000000e+02 4.382820493608136948e-03
9.800000000000000000e+02 4.617999237735131296e-03
9.825000000000000000e+02 4.861230216513385584e-03
9.850000000000000000e+02 5.067844525781955468e-03
9.875000000000000000e+02 5.130831890131597531e-03
9.900000000000000000e+02 5.057205400544531083e-03
9.925000000000000000e+02 5.079570175068577088e-03
9.950000000000000000e+02 5.509965187800922731e-03
9.975000000000000000e+02 6.431756790991715982e-03
1.000000000000000000e+03 7.556685843239917613e-03
1.002500000000000000e+03 8.432200346172603542e-03
1.005000000000000000e+03 8.806219022478155301e-03
1.007500000000000000e+03 8.792880193295155369e-03
1.010000000000000000e+03 8.716574015391959779e-03
1.012500000000000000e+03 8.834374084337588001e-03
1.015000000000000000e+03 9.191511651476066969e-03
1.017500000000000000e+03 9.676694817665398504e-03
1.020000000000000000e+03 1.016657222927849769e-02
1.022500000000000000e+03 1.060969986504475132e-02
1.025000000000000000e+03 1.098311449459282198e-02
1.027500000000000000e+03 1.120282508399150431e-02
1.030000000000000000e+03 1.114899959045289116e-02
1.032500000000000000e+03 1.083804603054935346e-02
1.035000000000000000e+03 1.054478168787859743e-02
1.037500000000000000e+03 1.066108498958860500e-02
1.040000000000000000e+03 1.136128385775999998e-02
1.042500000000000000e+03 1.240460210511073677e-02
1.045000000000000000e+03 1.330015834241196973e-02
1.047500000000000000e+03 1.368928408679638727e-02
1.050000000000000000e+03 1.358908065243879387e-02
1.052500000000000000e+03 1.331009123965916537e-02
1.055000000000000000e+03 1.318036897233984019e-02
1.057500000000000000e+03 1.333440720665767312e-02
1.060000000000000000e+03 1.370143869835246941e-02
1.062500000000000000e+03 1.413693738057239524e-02
1.065000000000000000e+03 1.454023331117594575e-02
1.067500000000000000e+03 1.484628271384797436e-02
1.070000000000000000e+03 1.494350770210460880e-02
1.072500000000000000e+03 1.468775801801701711e-02
1.075000000000000000e+03 1.407177635766647047e-02
1.077500000000000000e+03 1.336524217875125625e-02
1.080000000000000000e+03 1.299693086788275727e-02
1.082500000000000000e+03 1.322050171600127819e-02
1.085000000000000000e+03 1.387694948474529552e-02
1.087500000000000000e+03 1.450058463974857222e-02
1.090000000000000000e+03 1.467949602194349758e-02
1.092500000000000000e+03 1.434692772590998033e-02
1.095000000000000000e+03 1.377347030665745931e-02
1.097500000000000000e+03 1.331540367967541140e-02
1.100000000000000000e+03 1.316067105447650369e-02
1.102500000000000000e+03 1.326571745913580555e-02
1.105000000000000000e+03 1.348074198617566465e-02
1.107500000000000000e+03 1.369514832390805736e-02
1.110000000000000000e+03 1.384563597744275024e-02
1.112500000000000000e+03 1.381950287511291009e-02
1.115000000000000000e+03 1.344440072472958755e-02
1.117500000000000000e+03 1.265483975807079470e-02
1.120000000000000000e+03 1.166112460306106130e-02
1.122500000000000000e+03 1.087633876311462633e-02
1.125000000000000000e+03 1.060906148074052154e-02
1.127500000000000000e+03 1.080285091295357658e-02
1.130000000000000000e+03 1.107404188741168555e-02
1.132500000000000000e+03 1.101552411551430695e-02
1.135000000000000000e+03 1.050028801255237058e-02
1.137500000000000000e+03 9.739065508278179836e-03
1.140000000000000000e+03 9.072563611819071602e-03
1.142500000000000000e+03 8.702143571771320252e-03
1.145000000000000000e+03 8.593513450251185834e-03
1.147500000000000000e+03 8.602052709841470982e-03
1.150000000000000000e+03 8.642506928491958118e-03
1.152500000000000000e+03 8.699871676653278194e-03
1.155000000000000000e+03 8.697550961720068238e-03
1.157500000000000000e+03 8.444108841314782246e-03
1.160000000000000000e+03 7.789931644141503096e-03
1.162500000000000000e+03 6.834752598750011739e-03
1.165000000000000000e+03 5.921815317969996231e-03
1.167500000000000000e+03 5.382425425043706538e-03
1.170000000000000000e+03 5.268393792097539156e-03
1.172500000000000000e+03 5.318639690396013801e-03
1.175000000000000000e+03 5.181657614251913326e-03
1.177500000000000000e+03 4.698392771643099264e-03
1.180000000000000000e+03 4.008875224008113559e-03
1.182500000000000000e+03 3.400412259640417465e-03
1.185000000000000000e+03 3.049788870951254151e-03
1.187500000000000000e+03 2.912984806705128885e-03
1.190000000000000000e+03 2.854693010472471142e-03
1.192500000000000000e+03 2.838571807721362687e-03
1.195000000000000000e+03 2.934816998024680507e-03
1.197500000000000000e+03 3.141835632736158547e-03
1.200000000000000000e+03 3.272205597030776632e-03
1.202500000000000000e+03 3.084730923551555048e-03
1.205000000000000000e+03 2.532012919134144380e-03
1.207500000000000000e+03 1.840582024827989820e-03
1.210000000000000000e+03 1.330229102693470961e-03
1.212500000000000000e+03 1.153513821382416184e-03
1.215000000000000000e+03 1.192007406768632368e-03
1.217500000000000000e+03 1.184379781166781161e-03
1.220000000000000000e+03 9.654839948763969211e-04
1.222500000000000000e+03 6.036959763410686608e-04
1.225000000000000000e+03 3.076517423112561773e-04
1.227500000000000000e+03 2.001084266638684635e-04
1.230000000000000000e+03 2.108189623151525448e-04
1.232500000000000000e+03 2.121114974890433308e-04
1.235000000000000000e+03 2.246168919172128215e-04
1.237500000000000000e+03 4.215520639981998655e-04
1.240000000000000000e+03 9.056595458970789075e-04
1.242500000000000000e+03 1.525509729191087049e-03
1.245000000000000000e+03 1.964110198249978748e-03
1.247500000000000000e+03 2.015203198866564842e-03
1.250000000000000000e+03 1.757661873803658759e-03
1.252500000000000000e+03 1.468614238217414575e-03
1.255000000000000000e+03 1.383870342153207178e-03
1.257500000000000000e+03 1.527966132610660910e-03
1.260000000000000000e+03 1.744602421709157657e-03
1.262500000000000000e+03 1.880930718766206334e-03
1.265000000000000000e+03 1.941120645292819785e-03
1.267500000000000000e+03 2.046512270394783284e-03
1.270000000000000000e+03 2.250503800752000350e-03
1.272500000000000000e+03 2.445756592267435935e-03
1.275000000000000000e+03 2.505686689759030732e-03
1.277500000000000000e+03 2.499989416637906237e-03
1.280000000000000000e+03 2.699671857288367307e-03
1.282500000000000000e+03 3.322820700093062282e-03
1.285000000000000000e+03 4.285743523377558151e-03
1.287500000000000000e+03 5.232007895694856282e-03
1.290000000000000000e+03 5.814407244865761083e-03
1.292500000000000000e+03 5.955875337139385217e-03
1.295000000000000000e+03 5.867061657332857220e-03
1.297500000000000000e+03 5.842300714933105696e-03
1.300000000000000000e+03 6.032683789395948404e-03
1.302500000000000000e+03 6.383547919486564845e-03
1.305000000000000000e+03 6.763318604640118289e-03
1.307500000000000000e+03 7.125300430717888649e-03
1.310000000000000000e+03 7.512182797666084287e-03
1.312500000000000000e+03 7.910047963244357452e-03
1.315000000000000000e+03 8.171861961956988774e-03
1.317500000000000000e+03 8.162004694124477128e-03
1.320000000000000000e+03 7.976991237484531289e-03
1.322500000000000000e+03 7.958353391445724401e-03
1.325000000000000000e+03 8.428607963679064785e-03
1.327500000000000000e+03 9.394294122918008319e-03
1.330000000000000000e+03 1.050759468213908164e-02
1.332500000000000000e+03 1.132505650769189895e-02
1.335000000000000000e+03 1.163060628146018322e-02
1.337500000000000000e+03 1.155523612404450381e-02
1.340000000000000000e+03 1.142231208621878775e-02
1.342500000000000000e+03 1.147965271689575274e-02
1.345000000000000000e+03 1.175627526125409307e-02
1.347500000000000000e+03 1.214236183857922945e-02
1.350000000000000000e+03 1.255712772916340626e-02
1.352500000000000000e+03 1.298810052004424967e-02
1.355000000000000000e+03 1.337372461073401027e-02
1.357500000000000000e+03 1.353491384998279159e-02
1.360000000000000000e+03 1.331559312574448310e-02
1.362500000000000000e+03 1.280590094315744651e-02
1.365000000000000000e+03 1.237311021507506853e-02
1.367500000000000000e+03 1.241289145830602389e-02
1.370000000000000000e+03 1.302935352510409782e-02
1.372500000000000000e+03 1.393151256581480479e-02
1.375000000000000000e+03 1.464148456449436246e-02
1.377500000000000000e+03 1.484339403087563472e-02
1.380000000000000000e+03 1.458796792306890633e-02
1.382500000000000000e+03 1.419649419587941386e-02
1.385000000000000000e+03 1.397393756518809822e-02
1.387500000000000000e+03 1.400453363833691588e-02
1.390000000000000000e+03 1.419397940014827803e-02
1.392500000000000000e+03 1.444484223191605868e-02
1.395000000000000000e+03 1.472273683749203248e-02
1.397500000000000000e+03 1.495293345730860056e-02
1.400000000000000000e+03 1.494336464336251495e-02
1.402500000000000000e+03 1.450863263836644178e-02
1.405000000000000000e+03 1.369387636528453071e-02
1.407500000000000000e+03 1.283684125244391114e-02
1.410000000000000000e+03 1.236033717952062308e-02
1.412500000000000000e+03 1.245673210896288546e-02
1.415000000000000000e+03 1.292964578681414511e-02
1.417500000000000000e+03 1.333201352117310834e-02
1.420000000000000000e+03 1.330148172293430138e-02
1.422500000000000000e+03 1.282040133796424376e-02
1.425000000000000000e+03 1.217956124211430451e-02
1.427500000000000000e+03 1.169677008246372552e-02
1.430000000000000000e+03 1.147693139670602318e-02
1.432500000000000000e+03 1.143013398226908929e-02
1.435000000000000000e+03 1.145705105339493018e-02
1.437500000000000000e+03 1.153680599698755742e-02
1.440000000000000000e+03 1.162435884915137378e-02
1.442500000000000000e+03 1.154467270013980439e-02
1.445000000000000000e+03 1.108188262688021911e-02
1.447500000000000000e+03 1.019996087639255325e-02
1.450000000000000000e+03 9.150233706485750781e-03
1.452500000000000000e+03 8.330135187126953486e-03
1.455000000000000000e+03 7.997404749111725400e-03
1.457500000000000000e+03 8.070967158361386576e-03
1.460000000000000000e+03 8.189389825279926038e-03
1.462500000000000000e+03 7.999451774432599083e-03
1.465000000000000000e+03 7.436717064925887390e-03
1.467500000000000000e+03 6.740558669929150142e-03
1.470000000000000000e+03 6.199390488320501158e-03
1.472500000000000000e+03 5.903416651643799556e-03
1.475000000000000000e+03 5.753368415220216740e-03
1.477500000000000000e+03 5.657203069578879522e-03
1.480000000000000000e+03 5.636544822644433753e-03
1.482500000000000000e+03 5.717553556992944173e-03
1.485000000000000000e+03 5.779293017936412355e-03
1.487500000000000000e+03 5.586586031774912718e-03
1.490000000000000000e+03 4.997979783390476237e-03
1.492500000000000000e+03 4.129819980509519782e-03
1.495000000000000000e+03 3.304099212965129484e-03
1.497500000000000000e+03 2.813675899875754064e-03
1.500000000000000000e+03 2.695538126362637728e-03
1.502500000000000000e+03 2.708515244218251839e-03
1.505000000000000000e+03 2.553949035836058316e-03
1.507500000000000000e+03 2.146042870944697787e-03
1.510000000000000000e+03 1.662831513335263000e-03
1.512500000000000000e+03 1.330808560939446532e-03
1.515000000000000000e+03 1.195391226066985736e-03
1.517500000000000000e+03 1.134307368984673525e-03
1.520000000000000000e+03 1.065052229089196107e-03
1.522500000000000000e+03 1.067486107009864814e-03
1.525000000000000000e+03 1.268444137520529117e-03
1.527500000000000000e+03 1.637313645232704121e-03
1.530000000000000000e+03 1.943901701596036525e-03
1.532500000000000000e+03 1.937403193265099539e-03
1.535000000000000000e+03 1.568912098678110385e-03
1.537500000000000000e+03 1.045421628774796923e-03
1.540000000000000000e+03 6.638161998639352046e-04
1.542500000000000000e+03 5.676911402906828757e-04
1.545000000000000000e+03 6.478281742993824682e-04
1.547500000000000000e+03 6.866524360937189143e-04
1.550000000000000000e+03 5.988095111533184084e-04
1.552500000000000000e+03 5.022598906671236216e-04
1.555000000000000000e+03 5.450334851137383484e-04
1.557500000000000000e+03 7.091361784584025371e-04
1.560000000000000000e+03 8.386572500704784616e-04
1.562500000000000000e+03 8.559955993041154683e-04
1.565000000000000000e+03 8.984046387585317445e-04
1.567500000000000000e+03 1.202929617356375373e-03
1.570000000000000000e+03 1.855033977229263945e-03
1.572500000000000000e+03 2.662359015088263964e-03
1.575000000000000000e+03 3.284842812411164874e-03
1.577500000000000000e+03 3.504177114732157181e-03
1.580000000000000000e+03 3.389742749171478168e-03
1.582500000000000000e+03 3.215182992951594668e-03
1.585000000000000000e+03 3.209878895476859974e-03
1.587500000000000000e+03 3.388540198815117362e-03
1.590000000000000000e+03 3.620319977487810627e-03
1.592500000000000000e+03 3.832858428784169380e-03
1.595000000000000000e+03 4.093384673670507658e-03
1.597500000000000000e+03 4.473348806065234780e-03
1.600000000000000000e+03 4.888889513594064408e-03
1.602500000000000000e+03 5.145738246200689571e-03
1.605000000000000000e+03 5.160641479489115613e-03
1.607500000000000000e+03 5.110718223798264848e-03
1.610000000000000000e+03 5.329732197392455899e-03
1.612500000000000000e+03 6.026896885701616552e-03
1.615000000000000000e+03 7.080674884918624831e-03
1.617500000000000000e+03 8.102677019301916805e-03
1.620000000000000000e+03 8.730020037557083973e-03
1.622500000000000000e+03 8.893000701976115988e-03
1.625000000000000000e+03 8.821308797918340702e-03
1.627500000000000000e+03 8.803302135276804344e-03
1.630000000000000000e+03 8.955212230864414980e-03
1.632500000000000000e+03 9.221469355103520740e-03
1.635000000000000000e+03 9.544763282733792487e-03
1.637500000000000000e+03 9.954897055001002762e-03
1.640000000000000000e+03 1.046507171396526305e-02
1.642500000000000000e+03 1.094080048893875806e-02
1.645000000000000000e+03 1.115318342460152289e-02
1.647500000000000000e+03 1.099895755439047294e-02
1.650000000000000000e+03 1.066333801117444642e-02
1.652500000000000000e+03 1.054178756011480561e-02
1.655000000000000000e+03 1.095353554930498380e-02
1.657500000000000000e+03 1.187210970337200695e-02
1.660000000000000000e+03 1.291347951213333255e-02
1.662500000000000000e+03 1.362020367921851563e-02
1.665000000000000000e+03 1.380406185823042191e-02
1.667500000000000000e+03 1.363840901633294952e-02
1.670000000000000000e+03 1.343992399910109645e-02
1.672500000000000000e+03 1.339415061295603018e-02
1.675000000000000000e+03 1.349808344561667824e-02
1.677500000000000000e+03 1.370337332434438428e-02
1.680000000000000000e+03 1.401652671468704356e-02
1.682500000000000000e+03 1.442231158753055735e-02
1.685000000000000000e+03 1.476643074378958601e-02
1.687500000000000000e+03 1.479903136685769074e-02
1.690000000000000000e+03 1.438224678262956836e-02
1.692500000000000000e+03 1.366839024252681882e-02
1.695000000000000000e+03 1.306342739204392582e-02
1.697500000000000000e+03 1.296284145620516144e-02
1.700000000000000000e+03 1.344412918566699477e-02
1.702500000000000000e+03 1.418000130461375546e-02
1.705000000000000000e+03 1.468378730796105792e-02
1.707500000000000000e+03 1.468813072774997203e-02
1.710000000000000000e+03 1.430733672732019401e-02
1.712500000000000000e+03 1.385452087167635821e-02
1.715000000000000000e+03 1.354639138181223251e-02
1.717500000000000000e+03 1.340381309980348198e-02
1.720000000000000000e+03 1.337653045671839160e-02
1.722500000000000000e+03 1.346044382064673015e-02
1.725000000000000000e+03 1.364669297657413946e-02
1.727500000000000000e+03 1.380245688258192188e-02
1.730000000000000000e+03 1.368064168965846261e-02
1.732500000000000000e+03 1.309863729341356753e-02
1.735000000000000000e+03 1.213306543551626385e-02
1.737500000000000000e+03 1.114161820300861409e-02
1.740000000000000000e+03 1.054815447442367625e-02
1.742500000000000000e+03 1.052528299292557375e-02
1.745000000000000000e+03 1.084284031942458169e-02
1.747500000000000000e+03 1.105172489587251741e-02
1.750000000000000000e+03 1.085617727661370054e-02
1.752500000000000000e+03 1.031892161230692911e-02
1.755000000000000000e+03 9.720577402199129247e-03
1.757500000000000000e+03 9.269486003795318618e-03
1.760000000000000000e+03 8.980205862947506640e-03
1.762500000000000000e+03 8.787829332986720268e-03
1.765000000000000000e+03 8.686801386188380825e-03
1.767500000000000000e+03 8.706995678347772410e-03
1.770000000000000000e+03 8.781292239606035971e-03
1.772500000000000000e+03 8.697343657973513956e-03
1.775000000000000000e+03 8.227066537879615740e-03
1.777500000000000000e+03 7.335707048816779950e-03
1.780000000000000000e+03 6.276790675113445156e-03
1.782500000000000000e+03 5.449927744802097844e-03
1.785000000000000000e+03 5.099123244505110279e-03
1.787500000000000000e+03 5.112019465390931286e-03
1.790000000000000000e+03 5.130939547990240150e-03
1.792500000000000000e+03 4.882779689496651900e-03
1.795000000000000000e+03 4.394846494346641742e-03
1.797500000000000000e+03 3.894539701272557632e-03
1.800000000000000000e+03 3.546968881550302110e-03
1.802500000000000000e+03 3.333073614275641403e-03
1.805000000000000000e+03 3.161007879131601684e-03
1.807500000000000000e+03 3.027729964520326725e-03
1.810000000000000000e+03 3.024537679821472005e-03
1.812500000000000000e+03 3.187861843808570492e-03
1.815000000000000000e+03 3.375895820264657697e-03
1.817500000000000000e+03 3.327343789910569647e-03
1.820000000000000000e+03 2.876307524702817909e-03
1.822500000000000000e+03 2.129424383854263466e-03
1.825000000000000000e+03 1.414845837365095093e-03
1.827500000000000000e+03 1.016585491866431020e-03
1.830000000000000000e+03 9.400586458015285909e-04
1.832500000000000000e+03 9.496160445426643937e-04
1.835000000000000000e+03 8.340242197784858251e-04
1.837500000000000000e+03 6.053306051662989693e-04
1.840000000000000000e+03 4.294002873772500639e-04
1.842500000000000000e+03 4.048728902706791939e-04
1.845000000000000000e+03 4.591723969180790121e-04
1.847500000000000000e+03 4.634650026071805663e-04
1.850000000000000000e+03 4.152394000651026006e-04
1.852500000000000000e+03 4.751464326528201669e-04
1.855000000000000000e+03 8.056576831867168220e-04
1.857500000000000000e+03 1.367823623586419263e-03
1.860000000000000000e+03 1.892377624930154491e-03
1.862500000000000000e+03 2.084951809403889217e-03
1.865000000000000000e+03 1.884104709518581635e-03
1.867500000000000000e+03 1.512788238661225484e-03
1.870000000000000000e+03 1.263869413034633118e-03
1.872500000000000000e+03 1.244754432736938990e-03
1.875000000000000000e+03 1.346657803581072146e-03
1.877500000000000000e+03 1.438768983608830227e-03
1.880000000000000000e+03 1.534896858655744167e-03
1.882500000000000000e+03 1.744006768284049862e-03
1.885000000000000000e+03 2.092373771616286727e-03
1.887500000000000000e+03 2.446046140294839012e-03
1.890000000000000000e+03 2.632757877412289851e-03
1.892500000000000000e+03 2.642342872454663417e-03
1.895000000000000000e+03 2.695926951895736678e-03
1.897500000000000000e+03 3.083292581046463612e-03
1.900000000000000000e+03 3.889121010262480260e-03
1.902500000000000000e+03 4.869784126408926127e-03
1.905000000000000000e+03 5.629288133033650589e-03
1.907500000000000000e+03 5.943406675402293157e-03
1.910000000000000000e+03 5.914314289990513750e-03
1.912500000000000000e+03 5.818061054112538474e-03
1.915000000000000000e+03 5.839360954167335457e-03
1.917500000000000000e+03 5.980130014392744976e-03
1.920000000000000000e+03 6.186170811960600702e-03
1.922500000000000000e+03 6.480808353357502341e-03
1.925000000000000000e+03 6.929976292071937834e-03
1.927500000000000000e+03 7.500768500270794080e-03
1.930000000000000000e+03 8.005645034109793584e-03
1.932500000000000000e+03 8.227707488047783513e-03
1.935000000000000000e+03 8.135054911503406677e-03
1.937500000000000000e+03 7.984032054543760415e-03
1.940000000000000000e+03 8.170214192544877907e-03
1.942500000000000000e+03 8.905182188520693182e-03
1.945000000000000000e+03 1.000520358746262786e-02
1.947500000000000000e+03 1.101937464225070419e-02
1.950000000000000000e+03 1.159258136938402968e-02
1.952500000000000000e+03 1.171027699343706562e-02
1.955000000000000000e+03 1.161350586399105718e-02
1.957500000000000000e+03 1.153574310588487140e-02
1.960000000000000000e+03 1.156023425574777969e-02
1.962500000000000000e+03 1.168827428231067854e-02
1.965000000000000000e+03 1.194937156000292627e-02
1.967500000000000000e+03 1.238384108654750487e-02
1.970000000000000000e+03 1.292850808392222162e-02
1.972500000000000000e+03 1.336647352760324085e-02
1.975000000000000000e+03 1.344242652126043103e-02
1.977500000000000000e+03 1.308475970688914580e-02
1.980000000000000000e+03 1.254612182317516034e-02
1.982500000000000000e+03 1.228578838851518938e-02
1.985000000000000000e+03 1.262560183630746097e-02
1.987500000000000000e+03 1.346846672949022355e-02
1.990000000000000000e+03 1.436592684783824340e-02
1.992500000000000000e+03 1.488517614215530659e-02
1.995000000000000000e+03 1.491719662135750427e-02
1.997500000000000000e+03 1.465757016646477076e-02
2.000000000000000000e+03 1.435888028767451363e-02
