0.000000000000000000e+00 0.000000000000000000e+00 1.000000000000000000e+00
2.500000000000000000e+00 1.373924610015485048e-01 8.626075389984583230e-01
5.000000000000000000e+00 4.734867180211890236e-01 5.265132819788175267e-01
7.500000000000000000e+00 8.230126663770531703e-01 1.769873336229529359e-01
1.000000000000000000e+01 9.953388566683731842e-01 4.661143331628489830e-03
1.250000000000000000e+01 8.993888865014807443e-01 1.006111134985271938e-01
1.500000000000000000e+01 5.912508373440444887e-01 4.087491626559621727e-01
1.750000000000000000e+01 2.404867363001552127e-01 7.595132636998538356e-01
2.000000000000000000e+01 3.658667501796768889e-02 9.634133249820451272e-01
2.250000000000000000e+01 8.760605028304974118e-02 9.123939497169659685e-01
2.500000000000000000e+01 3.641937811898857125e-01 6.358062188101306633e-01
2.750000000000000000e+01 7.165993697324195555e-01 2.834006302675957101e-01
3.000000000000000000e+01 9.547005947778059998e-01 4.529940522221050092e-02
3.250000000000000000e+01 9.495152235798434148e-01 5.048477642017000500e-02
3.500000000000000000e+01 7.031845704680439457e-01 2.968154295319673230e-01
3.750000000000000000e+01 3.492612416251935636e-01 6.507387583748167614e-01
4.000000000000000000e+01 8.102106514149708116e-02 9.189789348585131190e-01
4.250000000000000000e+01 4.521640246009741432e-02 9.547835975399087127e-01
4.500000000000000000e+01 2.600441789210428123e-01 7.399558210789652923e-01
4.750000000000000000e+01 6.047066436119066246e-01 3.952933563881004808e-01
5.000000000000000000e+01 8.876881590358778329e-01 1.123118409641312848e-01
5.250000000000000000e+01 9.546777394462113708e-01 4.532226055379624113e-02
5.500000000000000000e+01 7.737897633690504762e-01 2.262102366309562407e-01
5.750000000000000000e+01 4.501092105029916302e-01 5.498907894970154198e-01
6.000000000000000000e+01 1.638071633337718769e-01 8.361928366662331191e-01
6.250000000000000000e+01 6.946785051942459821e-02 9.305321494805779414e-01
6.500000000000000000e+01 2.135035210958721730e-01 7.864964789041286597e-01
6.750000000000000000e+01 5.129569899041357406e-01 4.870430100958672570e-01
7.000000000000000000e+01 8.036179971204596706e-01 1.963820028795418837e-01
7.250000000000000000e+01 9.292369863093844495e-01 7.076301369061689661e-02
7.500000000000000000e+01 8.244288047408255826e-01 1.755711952591769154e-01
7.750000000000000000e+01 5.486227154803355877e-01 4.513772845196658001e-01
8.000000000000000000e+01 2.535422465553288096e-01 7.464577534446718010e-01
8.250000000000000000e+01 1.007687034430610890e-01 8.992312965569435601e-01
8.500000000000000000e+01 1.729356675717218794e-01 8.270643324282814790e-01
8.750000000000000000e+01 4.274131580393825680e-01 5.725868419606207071e-01
9.000000000000000000e+01 7.198301157928432836e-01 2.801698842071609907e-01
9.250000000000000000e+01 8.858265688935417215e-01 1.141734311064625806e-01
9.500000000000000000e+01 8.346419142346171993e-01 1.653580857653896841e-01
9.750000000000000000e+01 5.998519356967191296e-01 4.001480643032850892e-01
1.000000000000000000e+02 3.177751124599943466e-01 6.822248875400098722e-01
1.025000000000000000e+02 1.475036093497621437e-01 8.524963906502428523e-01
1.050000000000000000e+02 1.806193477922924118e-01 8.193806522077100585e-01
1.075000000000000000e+02 3.926082263878059586e-01 6.073917736121984268e-01
1.100000000000000000e+02 6.611363227157545097e-01 3.388636772842517075e-01
1.125000000000000000e+02 8.371355029197320441e-01 1.628644970802728409e-01
1.150000000000000000e+02 8.268859420191772003e-01 1.731140579808254087e-01
1.175000000000000000e+02 6.407720640209459972e-01 3.592279359790568338e-01
1.200000000000000000e+02 3.848339394505249644e-01 6.151660605494776446e-01
1.225000000000000000e+02 2.015971770768862081e-01 7.984028229231150409e-01
1.250000000000000000e+02 1.920792029468091633e-01 8.079207970531907534e-01
1.275000000000000000e+02 3.602497523838924520e-01 6.397502476161097684e-01
1.300000000000000000e+02 6.101968887698970834e-01 3.898031112301038048e-01
1.325000000000000000e+02 7.990972402214684411e-01 2.009027597785331687e-01
1.350000000000000000e+02 8.182447166003807837e-01 1.817552833996221862e-01
1.375000000000000000e+02 6.564362276351071168e-01 3.435637723648936048e-01
1.400000000000000000e+02 4.075975717137446663e-01 5.924024282862550006e-01
1.425000000000000000e+02 2.163635184995054694e-01 7.836364815004910334e-01
1.450000000000000000e+02 1.931659178281303624e-01 8.068340821718635869e-01
1.475000000000000000e+02 3.497524045689982541e-01 6.502475954309936412e-01
1.500000000000000000e+02 5.936554992337171877e-01 4.063445007662729314e-01
1.525000000000000000e+02 7.837838527350451390e-01 2.162161472649444249e-01
1.550000000000000000e+02 8.126220555575228710e-01 1.873779444424663043e-01
1.575000000000000000e+02 6.664527213278228501e-01 3.335472786721674354e-01
1.600000000000000000e+02 4.305329403667405019e-01 5.694670596332491730e-01
1.625000000000000000e+02 2.391592647748154443e-01 7.608407352251737032e-01
1.650000000000000000e+02 2.003949528611304320e-01 7.996050471388571612e-01
1.675000000000000000e+02 3.367205130575606775e-01 6.632794869424268880e-01
1.700000000000000000e+02 5.726925092912474868e-01 4.273074907087376917e-01
1.725000000000000000e+02 7.757709074513948755e-01 2.242290925485921349e-01
1.750000000000000000e+02 8.291297675941102785e-01 1.708702324058742894e-01
1.775000000000000000e+02 6.979998060311090047e-01 3.020001939688749526e-01
1.800000000000000000e+02 4.524579947250559342e-01 5.475420052749302435e-01
1.825000000000000000e+02 2.310781220078156062e-01 7.689218779921714875e-01
1.850000000000000000e+02 1.628398222774253001e-01 8.371601777225611274e-01
1.875000000000000000e+02 2.911190862234619425e-01 7.088809137765265111e-01
1.900000000000000000e+02 5.455274082800422031e-01 4.544725917199458065e-01
1.925000000000000000e+02 7.806017480549088949e-01 2.193982519450775048e-01
1.950000000000000000e+02 8.599514806507450038e-01 1.400485193492416458e-01
1.975000000000000000e+02 7.360392648915170533e-01 2.639607351084690690e-01
2.000000000000000000e+02 4.780526852491867595e-01 5.219473147507979194e-01
2.025000000000000000e+02 2.319802892647183923e-01 7.680197107352663144e-01
2.050000000000000000e+02 1.373694675339728610e-01 8.626305324660124008e-01
2.075000000000000000e+02 2.491126380472472035e-01 7.508873619527399734e-01
2.100000000000000000e+02 5.074384645070454392e-01 4.925615354929412937e-01
2.125000000000000000e+02 7.709711061782881236e-01 2.290288938217013293e-01
2.150000000000000000e+02 8.936636354848107588e-01 1.063363645151779169e-01
2.175000000000000000e+02 8.043356555266254482e-01 1.956643444733620063e-01
2.200000000000000000e+02 5.469971405940556863e-01 4.530028594059302138e-01
2.225000000000000000e+02 2.599478620668365103e-01 7.400521379331486127e-01
2.250000000000000000e+02 1.025664639957713509e-01 8.974335360042136056e-01
2.275000000000000000e+02 1.670577649872859727e-01 8.329422350126993724e-01
2.300000000000000000e+02 4.236029438155940463e-01 5.763970561843925200e-01
2.325000000000000000e+02 7.323841957688961291e-01 2.676158042310901042e-01
2.350000000000000000e+02 9.195477667011897616e-01 8.045223329879597207e-02
2.375000000000000000e+02 8.759572648592196531e-01 1.240427351407652201e-01
2.400000000000000000e+02 6.215467197197769300e-01 3.784532802802080820e-01
2.425000000000000000e+02 2.962957753514443571e-01 7.037042246485419872e-01
2.450000000000000000e+02 8.182751541301007403e-02 9.181724845869795315e-01
2.475000000000000000e+02 9.895066512623572341e-02 9.010493348737510511e-01
2.500000000000000000e+02 3.401260608054073042e-01 6.598739391945784849e-01
2.525000000000000000e+02 6.742788019025435231e-01 3.257211980974424881e-01
2.550000000000000000e+02 9.194559934856306738e-01 8.054400651435306147e-02
2.575000000000000000e+02 9.419115164038451837e-01 5.808848359613760781e-02
2.600000000000000000e+02 7.279433765310586724e-01 2.720566234689223428e-01
2.625000000000000000e+02 3.912955735472061214e-01 6.087044264527750048e-01
2.650000000000000000e+02 1.131289555383139245e-01 8.868710444616666466e-01
2.675000000000000000e+02 4.569858554175008913e-02 9.543014144582285807e-01
2.700000000000000000e+02 2.294837559021760121e-01 7.705162440978011729e-01
2.725000000000000000e+02 5.681988382615639210e-01 4.318011617384147627e-01
2.750000000000000000e+02 8.777638452597887886e-01 1.222361547401896731e-01
2.775000000000000000e+02 9.858499474570237009e-01 1.415005254295306075e-02
2.800000000000000000e+02 8.285513488354790956e-01 1.714486511644987277e-01
2.825000000000000000e+02 4.889719984504576900e-01 5.110280015495197725e-01
2.850000000000000000e+02 1.532907841397061210e-01 8.467092158602710361e-01
2.875000000000000000e+02 7.296990235221113147e-03 9.927030097647607798e-01
2.900000000000000000e+02 1.321648838623305233e-01 8.678351161376525180e-01
2.925000000000000000e+02 4.593475847113209221e-01 5.406524152886605927e-01
2.950000000000000000e+02 8.096847314201094381e-01 1.903152685798709109e-01
2.975000000000000000e+02 9.930873797430976868e-01 6.912620256886127350e-03
3.000000000000000000e+02 9.120295276961479791e-01 8.797047230383606142e-02
3.025000000000000000e+02 6.124969482759409223e-01 3.875030517240402594e-01
3.050000000000000000e+02 2.570702135260447552e-01 7.429297864739357049e-01
3.075000000000000000e+02 3.696490504662167803e-02 9.630350949533601490e-01
3.100000000000000000e+02 7.038156635409828499e-02 9.296184336458832576e-01
3.125000000000000000e+02 3.398027826527694195e-01 6.601972173472119287e-01
3.150000000000000000e+02 7.005601408991749546e-01 2.994398591008087251e-01
3.175000000000000000e+02 9.571473386443206666e-01 4.285266135565986984e-02
3.200000000000000000e+02 9.684894082907747892e-01 3.151059170920598312e-02
3.225000000000000000e+02 7.261275540809680740e-01 2.738724459190121641e-01
3.250000000000000000e+02 3.611754364551281182e-01 6.388245635448533966e-01
3.275000000000000000e+02 7.355415188675180904e-02 9.264458481132268330e-01
3.300000000000000000e+02 2.118966101301694022e-02 9.788103389869615700e-01
3.325000000000000000e+02 2.316414071296111210e-01 7.683585928703643431e-01
3.350000000000000000e+02 5.871709424958287959e-01 4.128290575041483335e-01
3.375000000000000000e+02 8.917277309661963969e-01 1.082722690337821758e-01
3.400000000000000000e+02 9.806300915541483754e-01 1.936990844583225818e-02
3.425000000000000000e+02 8.101809176204384233e-01 1.898190823795417315e-01
3.450000000000000000e+02 4.781900559427904041e-01 5.218099440571893899e-01
3.475000000000000000e+02 1.670964795274822723e-01 8.329035204724958286e-01
3.500000000000000000e+02 4.386812833745255130e-02 9.561318716625248904e-01
3.525000000000000000e+02 1.716232788935620479e-01 8.283767211064148039e-01
3.550000000000000000e+02 4.784633131025129993e-01 5.215366868974630199e-01
3.575000000000000000e+02 7.976297115307362517e-01 2.023702884692402948e-01
3.600000000000000000e+02 9.569010177150737428e-01 4.309898228490440658e-02
3.625000000000000000e+02 8.707129446659400696e-01 1.292870553340377260e-01
3.650000000000000000e+02 5.866170949805932233e-01 4.133829050193862376e-01
3.675000000000000000e+02 2.602583592293379877e-01 7.397416407706384200e-01
3.700000000000000000e+02 7.057664425555991439e-02 9.294233557444129268e-01
3.725000000000000000e+02 1.206446032639294230e-01 8.793553967360401291e-01
3.750000000000000000e+02 3.798800767634800124e-01 6.201199232364849045e-01
3.775000000000000000e+02 7.016470892671843318e-01 2.983529107327814733e-01
3.800000000000000000e+02 9.068611507076030920e-01 9.313884929236024290e-02
3.825000000000000000e+02 8.850901565700599605e-01 1.149098434299047899e-01
3.850000000000000000e+02 6.546519905455997490e-01 3.453480094543631695e-01
3.875000000000000000e+02 3.485133653616994676e-01 6.514866346382636175e-01
3.900000000000000000e+02 1.368368054735856210e-01 8.631631945263757988e-01
3.925000000000000000e+02 1.323933285106770052e-01 8.676066714892868292e-01
3.950000000000000000e+02 3.316560838331600314e-01 6.683439161668013329e-01
3.975000000000000000e+02 6.211884976958955695e-01 3.788115023040696805e-01
4.000000000000000000e+02 8.421517661367750041e-01 1.578482338631889970e-01
4.025000000000000000e+02 8.763535344551702799e-01 1.236464655447921390e-01
4.050000000000000000e+02 7.085424775667870101e-01 2.914575224331718006e-01
4.075000000000000000e+02 4.332480706665506887e-01 5.667519293334088992e-01
4.100000000000000000e+02 2.029072691721103272e-01 7.970927308278492607e-01
4.125000000000000000e+02 1.443209592713608491e-01 8.556790407285986833e-01
4.150000000000000000e+02 2.881725611975629597e-01 7.118274388023922983e-01
4.175000000000000000e+02 5.512497432358257621e-01 4.487502567641313278e-01
4.200000000000000000e+02 7.832330783349090719e-01 2.167669216650472130e-01
4.225000000000000000e+02 8.527761006072211991e-01 1.472238993927347250e-01
4.250000000000000000e+02 7.230533371986157531e-01 2.769466628013423359e-01
4.275000000000000000e+02 4.719560044051571146e-01 5.280439955948016406e-01
4.300000000000000000e+02 2.451633937744960579e-01 7.548366062254594500e-01
4.325000000000000000e+02 1.708517900510787002e-01 8.291482099488778346e-01
4.350000000000000000e+02 2.870561926445270862e-01 7.129438073554272837e-01
4.375000000000000000e+02 5.232602686986078666e-01 4.767397313013457261e-01
4.400000000000000000e+02 7.440610747323915808e-01 2.559389252675597914e-01
4.425000000000000000e+02 8.269007546589205448e-01 1.730992453410301057e-01
4.450000000000000000e+02 7.291084134490324331e-01 2.708915865509183840e-01
4.475000000000000000e+02 5.087752202443343030e-01 4.912247797556151818e-01
4.500000000000000000e+02 2.906767679051519560e-01 7.093232320947969738e-01
4.525000000000000000e+02 1.970946808690573482e-01 8.029053191308890280e-01
4.550000000000000000e+02 2.805398117452362339e-01 7.194601882547122518e-01
4.575000000000000000e+02 4.941040125699309726e-01 5.058959874300137383e-01
4.600000000000000000e+02 7.162833421850277604e-01 2.837166578149148410e-01
4.625000000000000000e+02 8.186146126909913390e-01 1.813853873089512347e-01
4.650000000000000000e+02 7.397299467983411425e-01 2.602700532016028467e-01
4.675000000000000000e+02 5.229384108774396411e-01 4.770615891225041816e-01
4.700000000000000000e+02 2.931731172045712874e-01 7.068268827953719802e-01
4.725000000000000000e+02 1.846811360027424687e-01 8.153188639972026586e-01
4.750000000000000000e+02 2.617253585170699060e-01 7.382746414828753601e-01
4.775000000000000000e+02 4.801866993002920081e-01 5.198133006996503713e-01
4.800000000000000000e+02 7.135037813233169324e-01 2.864962186766238927e-01
4.825000000000000000e+02 8.270535877769683575e-01 1.729464122229713019e-01
4.850000000000000000e+02 7.560811189919649511e-01 2.439188810079750969e-01
4.875000000000000000e+02 5.416920651434362632e-01 4.583079348565045619e-01
4.900000000000000000e+02 3.059321339975581422e-01 6.940678660023847923e-01
4.925000000000000000e+02 1.823631864226195332e-01 8.176368135773206536e-01
4.950000000000000000e+02 2.418429148371716020e-01 7.581570851627658092e-01
4.975000000000000000e+02 4.535468565056950951e-01 5.464531434942410115e-01
5.000000000000000000e+02 7.012134433988832516e-01 2.987865566010514673e-01
5.025000000000000000e+02 8.458204418149261050e-01 1.541795581850076147e-01
5.050000000000000000e+02 8.021593655511314314e-01 1.978406344488018165e-01
5.075000000000000000e+02 5.885263753837461920e-01 4.114736246161865840e-01
5.100000000000000000e+02 3.206712720475759504e-01 6.793287279523543276e-01
5.125000000000000000e+02 1.498543740401997726e-01 8.501456259597344189e-01
5.150000000000000000e+02 1.770879650912823289e-01 8.229120349086525010e-01
5.175000000000000000e+02 3.924593508968385325e-01 6.075406491030955758e-01
5.200000000000000000e+02 6.769829742536145334e-01 3.230170257463199635e-01
5.225000000000000000e+02 8.687698624449045059e-01 1.312301375550283256e-01
5.250000000000000000e+02 8.562229470117788122e-01 1.437770529881527148e-01
5.275000000000000000e+02 6.433514077918804919e-01 3.566485922080502857e-01
5.300000000000000000e+02 3.483642974132342696e-01 6.516357025866970076e-01
5.325000000000000000e+02 1.366779804183985148e-01 8.633220195815287656e-01
5.350000000000000000e+02 1.278071868456928106e-01 8.721928131542291407e-01
5.375000000000000000e+02 3.291148657306076641e-01 6.708851342693147313e-01
5.400000000000000000e+02 6.321667641801791415e-01 3.678332358197464180e-01
5.425000000000000000e+02 8.719216758747979634e-01 1.280783241251290672e-01
5.450000000000000000e+02 9.158697144809824220e-01 8.413028551894050078e-02
5.475000000000000000e+02 7.359582475536927682e-01 2.640417524462292942e-01
5.500000000000000000e+02 4.257243562328562603e-01 5.742756437670667458e-01
5.525000000000000000e+02 1.525971895144079549e-01 8.474028104855124699e-01
5.550000000000000000e+02 6.843068117883378820e-02 9.315693188210889542e-01
5.575000000000000000e+02 2.248413729930819338e-01 7.751586270068462348e-01
5.600000000000000000e+02 5.406316374704094319e-01 4.593683625295197359e-01
5.625000000000000000e+02 8.427339013603094564e-01 1.572660986396207661e-01
5.650000000000000000e+02 9.612072127311304115e-01 3.879278726880068529e-02
5.675000000000000000e+02 8.258772811736757591e-01 1.741227188262533254e-01
5.700000000000000000e+02 5.084037672320478318e-01 4.915962327678804478e-01
5.725000000000000000e+02 1.837373671027460187e-01 8.162626328971812617e-01
5.750000000000000000e+02 3.220823352280224872e-02 9.677917664771255035e-01
5.775000000000000000e+02 1.385859770359235132e-01 8.614140229640017132e-01
5.800000000000000000e+02 4.455080749087913516e-01 5.544919250911308772e-01
5.825000000000000000e+02 7.861748199220381927e-01 2.138251800778832590e-01
5.850000000000000000e+02 9.761454205195116973e-01 2.385457948040569862e-02
5.875000000000000000e+02 9.128588354462061627e-01 8.714116455371387349e-02
5.900000000000000000e+02 6.298674379466062678e-01 3.701325620533135741e-01
5.925000000000000000e+02 2.785819116516109473e-01 7.214180883483077844e-01
5.950000000000000000e+02 4.804292412571287141e-02 9.519570758742044170e-01
5.975000000000000000e+02 6.425820119442990364e-02 9.357417988054881341e-01
6.000000000000000000e+02 3.213457244527483381e-01 6.786542755471679511e-01
6.025000000000000000e+02 6.819351790438835659e-01 3.180648209560318351e-01
6.050000000000000000e+02 9.492874193001665795e-01 5.071258069974947380e-02
6.075000000000000000e+02 9.745237342140627979e-01 2.547626578585356419e-02
6.100000000000000000e+02 7.405100606346413095e-01 2.594899393652753683e-01
6.125000000000000000e+02 3.739331669767333444e-01 6.260668330231822232e-01
6.150000000000000000e+02 7.627960249110474211e-02 9.237203975088136287e-01
6.175000000000000000e+02 1.152719302966389789e-02 9.884728069702518605e-01
6.200000000000000000e+02 2.146336322006682507e-01 7.853663677992498426e-01
6.225000000000000000e+02 5.730671066892919496e-01 4.269328933106263935e-01
6.250000000000000000e+02 8.907601415742177897e-01 1.092398584257007477e-01
6.275000000000000000e+02 9.967067090821060127e-01 3.293290917810999009e-03
6.300000000000000000e+02 8.369888791994446464e-01 1.630111208004695333e-01
6.325000000000000000e+02 5.011071600694281258e-01 4.988928399304872752e-01
6.350000000000000000e+02 1.713098030329450183e-01 8.286901969669677737e-01
6.375000000000000000e+02 2.438570306764597379e-02 9.756142969322663117e-01
6.400000000000000000e+02 1.381421887863944764e-01 8.618578112135192315e-01
6.425000000000000000e+02 4.505979835616761298e-01 5.494020164382400484e-01
6.450000000000000000e+02 7.927937283205244157e-01 2.072062716793913462e-01
6.475000000000000000e+02 9.788504224884372329e-01 2.114957751147694340e-02
6.500000000000000000e+02 9.066175112598019448e-01 9.338248874010894596e-02
6.525000000000000000e+02 6.146664501233082278e-01 3.853335498766009559e-01
6.550000000000000000e+02 2.627465592494198088e-01 7.372534407504890419e-01
6.575000000000000000e+02 4.419679581156144010e-02 9.558032041883475216e-01
6.600000000000000000e+02 7.822202475345715889e-02 9.217779752464521081e-01
6.625000000000000000e+02 3.433906579005714388e-01 6.566093420993395213e-01
6.650000000000000000e+02 6.908373768683757632e-01 3.091626231315336981e-01
6.675000000000000000e+02 9.291110461333493831e-01 7.088895386655957864e-02
6.700000000000000000e+02 9.310453594487591022e-01 6.895464055114887414e-02
6.725000000000000000e+02 7.017996721800783266e-01 2.982003278198285812e-01
6.750000000000000000e+02 3.717974918441330767e-01 6.282025081557723878e-01
6.775000000000000000e+02 1.219977462532169377e-01 8.780022537466896093e-01
6.800000000000000000e+02 8.521610676073496093e-02 9.147838932391728628e-01
6.825000000000000000e+02 2.768799724049464950e-01 7.231200275949597467e-01
6.850000000000000000e+02 5.898421451670760041e-01 4.101578548328302931e-01
6.875000000000000000e+02 8.535743444792800450e-01 1.464256555206274457e-01
6.900000000000000000e+02 9.258118405049509114e-01 7.418815949495624618e-02
6.925000000000000000e+02 7.688063312338420108e-01 2.311936687660636480e-01
6.950000000000000000e+02 4.698418674380981930e-01 5.301581325618069940e-01
6.975000000000000000e+02 1.939454899795965415e-01 8.060545100203064806e-01
7.000000000000000000e+02 9.296990257628076626e-02 9.070300974236262803e-01
7.025000000000000000e+02 2.207023809646270762e-01 7.792976190352808308e-01
7.050000000000000000e+02 5.025692480135599549e-01 4.974307519863501170e-01
7.075000000000000000e+02 7.785049235553387348e-01 2.214950764445695608e-01
7.100000000000000000e+02 8.946977606232755509e-01 1.053022393766314124e-01
7.125000000000000000e+02 7.905923970551842483e-01 2.094076029447230203e-01
7.150000000000000000e+02 5.306851926246345386e-01 4.693148073752710370e-01
7.175000000000000000e+02 2.643223206824988347e-01 7.356776793174060192e-01
7.200000000000000000e+02 1.393012157736060741e-01 8.606987842262961985e-01
7.225000000000000000e+02 2.202292089658764440e-01 7.797707910340243576e-01
7.250000000000000000e+02 4.565702920386894847e-01 5.434297079612120385e-01
7.275000000000000000e+02 7.146724012968124207e-01 2.853275987030903238e-01
7.300000000000000000e+02 8.528721498490634545e-01 1.471278501508402614e-01
7.325000000000000000e+02 7.980224317718024318e-01 2.019775682281010343e-01
7.350000000000000000e+02 5.835383802191183023e-01 4.164616197807827214e-01
7.375000000000000000e+02 3.299937278590217016e-01 6.700062721408786004e-01
7.400000000000000000e+02 1.787921221501855285e-01 8.212078778497144960e-01
7.425000000000000000e+02 2.139129074407312980e-01 7.860870925591665337e-01
7.450000000000000000e+02 4.142975959751482584e-01 5.857024040247500452e-01
7.475000000000000000e+02 6.646925126871535694e-01 3.353074873127449007e-01
7.500000000000000000e+02 8.209424770703835916e-01 1.790575229295144621e-01
7.525000000000000000e+02 7.933842010785624455e-01 2.066157989213374679e-01
7.550000000000000000e+02 5.993291895170763661e-01 4.006708104828228256e-01
7.575000000000000000e+02 3.527095817445711767e-01 6.472904182553254060e-01
7.600000000000000000e+02 1.966985584773248974e-01 8.033014415225679938e-01
7.625000000000000000e+02 2.199014331380699239e-01 7.800985668618244384e-01
7.650000000000000000e+02 4.061801355513152134e-01 5.938198644485799260e-01
7.675000000000000000e+02 6.465864960970305608e-01 3.534135039028638570e-01
7.700000000000000000e+02 8.039516374388848696e-01 1.960483625610092984e-01
7.725000000000000000e+02 7.908713874595415527e-01 2.091286125403513663e-01
7.750000000000000000e+02 6.170531746778107340e-01 3.829468253220829066e-01
7.775000000000000000e+02 3.817958655603694296e-01 6.182041344395229343e-01
7.800000000000000000e+02 2.179488547054196090e-01 7.820511452944722830e-01
7.825000000000000000e+02 2.184984330699267230e-01 7.815015669299665291e-01
7.850000000000000000e+02 3.848687864650372492e-01 6.151312135348561139e-01
7.875000000000000000e+02 6.246648285697637970e-01 3.753351714301298991e-01
7.900000000000000000e+02 8.014310578554807440e-01 1.985689421444128133e-01
7.925000000000000000e+02 8.111434494345959312e-01 1.888565505652976539e-01
7.950000000000000000e+02 6.434287917144280167e-01 3.565712082854670673e-01
7.975000000000000000e+02 3.910042630870970148e-01 6.089957369127959597e-01
8.000000000000000000e+02 1.987798485501929557e-01 8.012201514497027111e-01
8.025000000000000000e+02 1.800357031190735202e-01 8.199642968808206200e-01
8.050000000000000000e+02 3.488375514339914218e-01 6.511624485659003314e-01
8.075000000000000000e+02 6.100154784755891235e-01 3.899845215243025742e-01
8.100000000000000000e+02 8.138054540694819039e-01 1.861945459304077677e-01
8.125000000000000000e+02 8.427781661710943562e-01 1.572218338287941497e-01
8.150000000000000000e+02 6.794023386162589828e-01 3.205976613836283295e-01
8.175000000000000000e+02 4.153969459938845477e-01 5.846030540060029868e-01
8.200000000000000000e+02 1.992280318341266843e-01 8.007719681657593513e-01
8.225000000000000000e+02 1.530075513370279250e-01 8.469924486628586102e-01
8.250000000000000000e+02 3.051334363340251210e-01 6.948665636658635236e-01
8.275000000000000000e+02 5.744257407511106361e-01 4.255742592487768983e-01
8.300000000000000000e+02 8.133806088894007802e-01 1.866193911104856440e-01
8.325000000000000000e+02 8.877014817334092367e-01 1.122985182664759107e-01
8.350000000000000000e+02 7.506194927593663468e-01 2.493805072405189949e-01
8.375000000000000000e+02 4.719272304911714122e-01 5.280727695087145124e-01
8.400000000000000000e+02 2.035585223234972485e-01 7.964414776763881765e-01
8.425000000000000000e+02 9.718427937737342259e-02 9.028157206225104758e-01
8.450000000000000000e+02 2.178003666048504150e-01 7.821996333950329561e-01
8.475000000000000000e+02 5.031110466026927908e-01 4.968889533971899697e-01
8.500000000000000000e+02 7.950189875907615056e-01 2.049810124091212549e-01
8.525000000000000000e+02 9.279992976404468630e-01 7.200070235943289987e-02
8.550000000000000000e+02 8.241063623134927685e-01 1.758936376863862727e-01
8.575000000000000000e+02 5.387308678754498814e-01 4.612691321244293263e-01
8.600000000000000000e+02 2.299822284998958577e-01 7.700177714999838496e-01
8.625000000000000000e+02 6.980925459824900703e-02 9.301907454016273835e-01
8.650000000000000000e+02 1.482430377014845591e-01 8.517569622983917066e-01
8.675000000000000000e+02 4.242513341382670999e-01 5.757486658616098874e-01
8.700000000000000000e+02 7.487825213159404747e-01 2.512174786839351248e-01
8.725000000000000000e+02 9.456672879301730728e-01 5.433271206970042427e-02
8.750000000000000000e+02 9.063251576888661232e-01 9.367484231100683956e-02
8.775000000000000000e+02 6.485823458233195282e-01 3.514176541765557937e-01
8.800000000000000000e+02 3.089362927068340925e-01 6.910637072930405633e-01
8.825000000000000000e+02 7.126147615667868807e-02 9.287385238431947743e-01
8.850000000000000000e+02 6.786554125218616229e-02 9.321344587476884103e-01
8.875000000000000000e+02 3.052212034547597264e-01 6.947787965451150960e-01
8.900000000000000000e+02 6.564858196742986429e-01 3.435141803255767901e-01
8.925000000000000000e+02 9.283852158806097377e-01 7.161478411926539001e-02
8.950000000000000000e+02 9.680617545609044861e-01 3.193824543896803952e-02
8.975000000000000000e+02 7.501922059324097614e-01 2.498077940674626463e-01
9.000000000000000000e+02 3.932962903846755065e-01 6.067037096151970399e-01
9.025000000000000000e+02 9.426744027939006065e-02 9.057325597204807233e-01
9.050000000000000000e+02 1.824793939641048898e-02 9.817520606034595421e-01
9.075000000000000000e+02 2.069957077220794250e-01 7.930042922777881254e-01
9.100000000000000000e+02 5.570972587925926423e-01 4.429027412072754633e-01
9.125000000000000000e+02 8.783381319566182510e-01 1.216618680432509370e-01
9.150000000000000000e+02 9.978283033794440593e-01 2.171696620425863766e-03
9.175000000000000000e+02 8.524360543619929897e-01 1.475639456378756709e-01
9.200000000000000000e+02 5.211246823375925707e-01 4.788753176622771446e-01
9.225000000000000000e+02 1.819924998928302562e-01 8.180075001070424845e-01
9.250000000000000000e+02 1.751906205071281086e-02 9.824809379491594719e-01
9.275000000000000000e+02 1.172372884846417523e-01 8.827627115152282267e-01
9.300000000000000000e+02 4.286230687442248999e-01 5.713769312556419289e-01
9.325000000000000000e+02 7.833538042279906133e-01 2.166461957718755216e-01
9.350000000000000000e+02 9.872127014284693969e-01 1.278729857139518887e-02
9.375000000000000000e+02 9.266690346979995496e-01 7.333096530186292150e-02
9.400000000000000000e+02 6.332868512476887979e-01 3.667131487521752553e-01
9.425000000000000000e+02 2.680001267005213128e-01 7.319998732993435731e-01
9.450000000000000000e+02 3.202605117569150284e-02 9.679739488241736467e-01
9.475000000000000000e+02 5.438826478979598422e-02 9.456117352100664730e-01
9.500000000000000000e+02 3.205106363090300392e-01 6.794893636908352352e-01
9.525000000000000000e+02 6.822365295454591028e-01 3.177634704544074484e-01
9.550000000000000000e+02 9.419207229112911417e-01 5.807927708857636706e-02
9.575000000000000000e+02 9.614267567001109072e-01 3.857324329975900246e-02
9.600000000000000000e+02 7.352176219757494691e-01 2.647823780241219671e-01
9.625000000000000000e+02 3.896620478371575214e-01 6.103379521627121385e-01
9.650000000000000000e+02 1.123026534923960845e-01 8.876973465074751157e-01
9.675000000000000000e+02 5.104721093270292442e-02 9.489527890671666244e-01
9.700000000000000000e+02 2.364390945854197290e-01 7.635609054144516517e-01
9.725000000000000000e+02 5.665421087286123258e-01 4.334578912712578336e-01
9.750000000000000000e+02 8.617844253215771744e-01 1.382155746782927630e-01
9.775000000000000000e+02 9.614570890128510960e-01 3.854291098701624618e-02
9.800000000000000000e+02 8.112140576611257536e-01 1.887859423387381330e-01
9.825000000000000000e+02 4.938562902490356565e-01 5.061437097508258987e-01
9.850000000000000000e+02 1.846245516820734789e-01 8.153754483177875212e-01
9.875000000000000000e+02 5.391838144101362973e-02 9.460816185588484251e-01
9.900000000000000000e+02 1.717540019233225190e-01 8.282459980765410901e-01
9.925000000000000000e+02 4.690499593154605629e-01 5.309500406844025466e-01
9.950000000000000000e+02 7.782614560567850948e-01 2.217385439430780703e-01
9.975000000000000000e+02 9.291409381556224867e-01 7.085906184424045628e-02
1.000000000000000000e+03 8.435524055492708007e-01 1.564475944505914484e-01
1.002500000000000000e+03 5.756378192603007760e-01 4.243621807395608903e-01
1.005000000000000000e+03 2.772865250509650714e-01 7.227134749488980381e-01
1.007500000000000000e+03 1.118127659810402852e-01 8.881872340188241566e-01
1.010000000000000000e+03 1.654651597655765749e-01 8.345348402342878114e-01
1.012500000000000000e+03 4.038797539533776071e-01 5.961202460464878339e-01
1.015000000000000000e+03 6.939475207503688070e-01 3.060524792494974111e-01
1.017500000000000000e+03 8.771233178415562826e-01 1.228766821583103797e-01
1.020000000000000000e+03 8.548580962029068697e-01 1.451419037969608195e-01
1.022500000000000000e+03 6.414408631392454208e-01 3.585591368606206308e-01
1.025000000000000000e+03 3.561279066757321310e-01 6.438720933241326438e-01
1.027500000000000000e+03 1.577004656755258694e-01 8.422995343243389055e-01
1.030000000000000000e+03 1.559783889188200157e-01 8.440216110810467853e-01
1.032500000000000000e+03 3.495435130484618735e-01 6.504564869514075642e-01
1.035000000000000000e+03 6.263317618877344284e-01 3.736682381121346763e-01
1.037500000000000000e+03 8.281922496529101618e-01 1.718077503469588041e-01
1.040000000000000000e+03 8.422077078950180873e-01 1.577922921048492966e-01
1.042500000000000000e+03 6.648728962802682441e-01 3.351271037195980851e-01
1.045000000000000000e+03 4.016353894949515890e-01 5.983646105049154063e-01
1.047500000000000000e+03 2.036339018011939506e-01 7.963660981986724341e-01
1.050000000000000000e+03 1.805806341357924505e-01 8.194193658640758215e-01
1.052500000000000000e+03 3.407214266543600600e-01 6.592785733455089892e-01
1.055000000000000000e+03 5.901151118849621291e-01 4.098848881149038670e-01
1.057500000000000000e+03 7.881252566612585442e-01 2.118747433386070078e-01
1.060000000000000000e+03 8.259150326218098748e-01 1.740849673780552886e-01
1.062500000000000000e+03 6.850258915109215252e-01 3.149741084889459697e-01
1.065000000000000000e+03 4.459186733374034262e-01 5.540813266624657896e-01
1.067500000000000000e+03 2.431255514018678676e-01 7.568744485979987946e-01
1.070000000000000000e+03 1.910136293788043949e-01 8.089863706210651539e-01
1.072500000000000000e+03 3.196396776186268829e-01 6.803603223812375589e-01
1.075000000000000000e+03 5.562550358550317764e-01 4.437449641448334425e-01
1.077500000000000000e+03 7.648434133340941132e-01 2.351565866657685522e-01
1.080000000000000000e+03 8.236445620054461125e-01 1.763554379944158312e-01
1.082500000000000000e+03 6.967595178851034854e-01 3.032404821147586804e-01
1.085000000000000000e+03 4.567837391105276645e-01 5.432162608893343902e-01
1.087500000000000000e+03 2.432694711379043695e-01 7.567305288619563530e-01
1.090000000000000000e+03 1.808037425606673909e-01 8.191962574391929985e-01
1.092500000000000000e+03 3.057916751100171471e-01 6.942083248898421877e-01
1.095000000000000000e+03 5.458032584083802874e-01 4.541967415914801576e-01
1.097500000000000000e+03 7.628117878735658497e-01 2.371882121262931797e-01
1.100000000000000000e+03 8.332555641706398397e-01 1.667444358292202167e-01
1.102500000000000000e+03 7.177597429797180073e-01 2.822402570201396621e-01
1.105000000000000000e+03 4.818694047339390774e-01 5.181305952659197578e-01
1.107500000000000000e+03 2.583419698509101248e-01 7.416580301489509308e-01
1.110000000000000000e+03 1.733708369741353006e-01 8.266291630257238676e-01
1.112500000000000000e+03 2.769810652228525960e-01 7.230189347770052954e-01
1.115000000000000000e+03 5.144753670733701600e-01 4.855246329264898963e-01
1.117500000000000000e+03 7.544840319923244998e-01 2.455159680075348350e-01
1.120000000000000000e+03 8.601403971272036930e-01 1.398596028726535323e-01
1.122500000000000000e+03 7.662940001775209176e-01 2.337059998223382506e-01
1.125000000000000000e+03 5.197356727791634379e-01 4.802643272206946756e-01
1.127500000000000000e+03 2.569697168414689092e-01 7.430302831583912582e-01
1.130000000000000000e+03 1.285968275323714494e-01 8.714031724674830004e-01
1.132500000000000000e+03 2.120419591080693333e-01 7.879580408917833401e-01
1.135000000000000000e+03 4.641722249658193356e-01 5.358277750340303403e-01
1.137500000000000000e+03 7.436740792196402383e-01 2.563259207802083273e-01
1.140000000000000000e+03 8.915055825875555229e-01 1.084944174122896288e-01
1.142500000000000000e+03 8.223039364467827905e-01 1.776960635530604460e-01
1.145000000000000000e+03 5.732170958323119514e-01 4.267829041675316182e-01
1.147500000000000000e+03 2.826759141393870300e-01 7.173240858604573722e-01
1.150000000000000000e+03 1.126664639946528823e-01 8.873335360051892717e-01
1.152500000000000000e+03 1.590991392793340009e-01 8.409008607205097352e-01
1.155000000000000000e+03 3.993846567045020168e-01 6.006153432953408311e-01
1.157500000000000000e+03 7.043991197084548128e-01 2.956008802913883127e-01
1.160000000000000000e+03 9.075259038362899489e-01 9.247409616355062312e-02
1.162500000000000000e+03 8.943976448673864876e-01 1.056023551324528770e-01
1.165000000000000000e+03 6.664408304261434379e-01 3.335591695736971340e-01
1.167500000000000000e+03 3.436604106717748852e-01 6.563395893280664639e-01
1.170000000000000000e+03 1.024494666727742281e-01 8.975505333270642483e-01
1.172500000000000000e+03 7.924955123360617748e-02 9.207504487662261372e-01
1.175000000000000000e+03 2.923123178303976832e-01 7.076876821694366715e-01
1.177500000000000000e+03 6.273354813884617354e-01 3.726645186113744512e-01
1.180000000000000000e+03 8.985598933345892991e-01 1.014401066652466377e-01
1.182500000000000000e+03 9.528646954194870400e-01 4.713530458034941029e-02
1.185000000000000000e+03 7.572907958640942017e-01 2.427092041357438723e-01
1.187500000000000000e+03 4.187308661872888305e-01 5.812691338125482998e-01
1.190000000000000000e+03 1.242052736626663711e-01 8.757947263371685942e-01
1.192500000000000000e+03 3.647037593656716342e-02 9.635296240632629239e-01
1.195000000000000000e+03 2.044155006742646996e-01 7.955844993255589692e-01
1.197500000000000000e+03 5.373915927663935888e-01 4.626084072334321062e-01
1.200000000000000000e+03 8.555542681844368058e-01 1.444457318153879732e-01
1.202500000000000000e+03 9.870884282563638923e-01 1.291157174346053461e-02
1.205000000000000000e+03 8.599664447165806802e-01 1.400335552832427666e-01
1.207500000000000000e+03 5.405929726146976311e-01 4.594070273851261765e-01
1.210000000000000000e+03 1.995467298964764824e-01 8.004532701033481024e-01
1.212500000000000000e+03 2.150875780110951541e-02 9.784912421987193021e-01
1.215000000000000000e+03 1.055439752376829965e-01 8.944560247621512472e-01
1.217500000000000000e+03 4.089716351700620756e-01 5.910283648297740555e-01
1.220000000000000000e+03 7.674217721535995240e-01 2.325782278462371622e-01
1.222500000000000000e+03 9.833302217373769416e-01 1.666977826246004296e-02
1.225000000000000000e+03 9.357141001173876482e-01 6.428589988245086984e-02
1.227500000000000000e+03 6.491647378641480781e-01 3.508352621356899959e-01
1.230000000000000000e+03 2.812991309904879778e-01 7.187008690093497076e-01
1.232500000000000000e+03 3.481152087927969624e-02 9.651884791205567193e-01
1.235000000000000000e+03 4.443760863564071711e-02 9.555623913642006251e-01
1.237500000000000000e+03 3.032417424074537182e-01 6.967582575923839672e-01
1.240000000000000000e+03 6.686795394536618753e-01 3.313204605461773644e-01
1.242500000000000000e+03 9.426570086373740054e-01 5.734299136246520656e-02
1.245000000000000000e+03 9.793378320036868478e-01 2.066216799615342228e-02
1.247500000000000000e+03 7.619436733602104050e-01 2.380563266396291400e-01
1.250000000000000000e+03 4.093545489849721442e-01 5.906454510148670956e-01
1.252500000000000000e+03 1.114089710399179534e-01 8.885910289599188161e-01
1.255000000000000000e+03 2.783295182611052881e-02 9.721670481737281211e-01
1.257500000000000000e+03 2.032393488087997913e-01 7.967606511910392264e-01
1.260000000000000000e+03 5.425615654086942685e-01 4.574384345911448047e-01
1.262500000000000000e+03 8.610573864424687640e-01 1.389426135573718635e-01
1.265000000000000000e+03 9.840767786052980748e-01 1.592322139454214677e-02
1.267500000000000000e+03 8.434856447536596136e-01 1.565143552461795151e-01
1.270000000000000000e+03 5.166877739612710796e-01 4.833122260385690483e-01
1.272500000000000000e+03 1.843802114648610824e-01 8.156197885349792953e-01
1.275000000000000000e+03 2.953177162264461475e-02 9.704682283771963736e-01
1.277500000000000000e+03 1.350801407822816713e-01 8.649198592175585398e-01
1.280000000000000000e+03 4.390455074721590356e-01 5.609544925276789273e-01
1.282500000000000000e+03 7.717886210824040916e-01 2.282113789174342600e-01
1.285000000000000000e+03 9.521754442343303149e-01 4.782455576550899423e-02
1.287500000000000000e+03 8.868152008613217063e-01 1.131847991385180885e-01
1.290000000000000000e+03 6.176606115350696813e-01 3.823393884647705576e-01
1.292500000000000000e+03 2.948673718528271870e-01 7.051326281470090551e-01
1.295000000000000000e+03 9.327739643669190339e-02 9.067226035631417158e-01
1.297500000000000000e+03 1.189357048128081434e-01 8.810642951870267803e-01
1.300000000000000000e+03 3.543210881584717420e-01 6.456789118413612805e-01
1.302500000000000000e+03 6.694199860928806700e-01 3.305800139069482446e-01
1.305000000000000000e+03 8.921142457383771651e-01 1.078857542614511666e-01
1.307500000000000000e+03 9.011944289956446141e-01 9.880557100418328742e-02
1.310000000000000000e+03 6.927555960594244944e-01 3.072444039403993132e-01
1.312500000000000000e+03 3.830803562694485853e-01 6.169196437303758884e-01
1.315000000000000000e+03 1.444640236935792743e-01 8.555359763062443390e-01
1.317500000000000000e+03 1.085067221609399835e-01 8.914932778388847678e-01
1.320000000000000000e+03 2.918745463656670092e-01 7.081254536341580197e-01
1.322500000000000000e+03 5.879442870129569787e-01 4.120557129868658297e-01
1.325000000000000000e+03 8.292232526174476703e-01 1.707767473823755544e-01
1.327500000000000000e+03 8.833769094984031955e-01 1.166230905014204455e-01
1.330000000000000000e+03 7.265234799891965300e-01 2.734765200106267224e-01
1.332500000000000000e+03 4.526468646926222750e-01 5.473531353072021988e-01
1.335000000000000000e+03 2.168255662008625739e-01 7.831744337989621219e-01
1.337500000000000000e+03 1.475725401749100052e-01 8.524274598249150792e-01
1.340000000000000000e+03 2.780143351460180878e-01 7.219856648538093280e-01
1.342500000000000000e+03 5.315797690525707608e-01 4.684202309472582648e-01
1.345000000000000000e+03 7.666961372039358125e-01 2.333038627958900213e-01
1.347500000000000000e+03 8.545589530283124180e-01 1.454410469715124998e-01
1.350000000000000000e+03 7.485683642494553869e-01 2.514316357503705857e-01
1.352500000000000000e+03 5.092263687332190258e-01 4.907736312666044487e-01
1.355000000000000000e+03 2.710012124941645895e-01 7.289987875056566091e-01
1.357500000000000000e+03 1.678330988284191805e-01 8.321669011713996866e-01
1.360000000000000000e+03 2.573717382198008052e-01 7.426282617800169517e-01
1.362500000000000000e+03 4.871625224644460794e-01 5.128374775353727877e-01
1.365000000000000000e+03 7.240535638299250287e-01 2.759464361698962254e-01
1.367500000000000000e+03 8.313474972324521595e-01 1.686525027673689281e-01
1.370000000000000000e+03 7.486193233391137403e-01 2.513806766607059595e-01
1.372500000000000000e+03 5.264142941422695898e-01 4.735857058575506096e-01
1.375000000000000000e+03 2.952060195918691510e-01 7.047939804079516035e-01
1.377500000000000000e+03 1.881165007120608745e-01 8.118834992877611567e-01
1.380000000000000000e+03 2.642537470340582395e-01 7.357462529657621264e-01
1.382500000000000000e+03 4.771844464427776877e-01 5.228155535570432333e-01
1.385000000000000000e+03 7.043400472346549313e-01 2.956599527651682657e-01
1.387500000000000000e+03 8.176937373850038382e-01 1.823062626148219678e-01
1.390000000000000000e+03 7.548170725282217219e-01 2.451829274716047502e-01
1.392500000000000000e+03 5.520469110829355763e-01 4.479530889168922281e-01
1.395000000000000000e+03 3.235256880297726623e-01 6.764743119700565854e-01
1.397500000000000000e+03 1.983029259744112649e-01 8.016970740254203420e-01
1.400000000000000000e+03 2.488466607762747917e-01 7.511533392235578699e-01
1.402500000000000000e+03 4.491738541177161537e-01 5.508261458821152035e-01
1.405000000000000000e+03 6.867542269935555943e-01 3.132457730062752632e-01
1.407500000000000000e+03 8.243310288004148667e-01 1.756689711994166014e-01
1.410000000000000000e+03 7.789007124979314689e-01 2.210992875019003323e-01
1.412500000000000000e+03 5.722777657623424608e-01 4.277222342374902841e-01
1.415000000000000000e+03 3.214702596048260030e-01 6.785297403950045769e-01
1.417500000000000000e+03 1.719794397533909169e-01 8.280205602464372205e-01
1.420000000000000000e+03 2.124645503690959225e-01 7.875354496307307439e-01
1.422500000000000000e+03 4.219533162406862714e-01 5.780466837591398122e-01
1.425000000000000000e+03 6.815390804408532066e-01 3.184609195589718222e-01
1.427500000000000000e+03 8.432406241865235685e-01 1.567593758132993786e-01
1.430000000000000000e+03 8.148020694444151335e-01 1.851979305554070088e-01
1.432500000000000000e+03 6.114033816263011456e-01 3.885966183735217738e-01
1.435000000000000000e+03 3.462757849146949063e-01 6.537242150851293454e-01
1.437500000000000000e+03 1.674115095341257575e-01 8.325884904656966068e-01
1.440000000000000000e+03 1.761740754824251687e-01 8.238259245173955581e-01
1.442500000000000000e+03 3.714855699018306256e-01 6.285144300979893517e-01
1.445000000000000000e+03 6.488065501294415505e-01 3.511934498703785379e-01
1.447500000000000000e+03 8.550116191031871260e-01 1.449883808966339616e-01
1.450000000000000000e+03 8.715846583440092221e-01 1.284153416558120320e-01
1.452500000000000000e+03 6.822715031328164814e-01 3.177284968670037180e-01
1.455000000000000000e+03 3.866681701110689651e-01 6.133318298887515674e-01
1.457500000000000000e+03 1.485495981317433434e-01 8.514504018680760788e-01
1.460000000000000000e+03 1.046470044088592122e-01 8.953529955909572680e-01
1.462500000000000000e+03 2.849583532811609254e-01 7.150416467186497815e-01
1.465000000000000000e+03 5.921998066812599326e-01 4.078001933185481098e-01
1.467500000000000000e+03 8.548413005523810559e-01 1.451586994474244330e-01
1.470000000000000000e+03 9.242537772470200697e-01 7.574622275278240779e-02
1.472500000000000000e+03 7.595223060235614110e-01 2.404776939762408028e-01
1.475000000000000000e+03 4.507995358803236763e-01 5.492004641194788706e-01
1.477500000000000000e+03 1.686172044132027703e-01 8.313827955865992214e-01
1.480000000000000000e+03 6.913973362449754578e-02 9.308602663753062778e-01
1.482500000000000000e+03 2.087242780871337022e-01 7.912757219126707042e-01
1.485000000000000000e+03 5.137182834583495783e-01 4.862817165414563547e-01
1.487500000000000000e+03 8.201207638779206555e-01 1.798792361218845282e-01
1.490000000000000000e+03 9.610953174035515856e-01 3.890468259625223801e-02
1.492500000000000000e+03 8.565854051354415688e-01 1.434145948643602564e-01
1.495000000000000000e+03 5.583155715891231496e-01 4.416844284106772878e-01
1.497500000000000000e+03 2.251813846177375122e-01 7.748186153820626476e-01
1.500000000000000000e+03 3.939868789970250862e-02 9.606013121000954724e-01
1.502500000000000000e+03 1.064550184890854234e-01 8.935449815107072702e-01
1.505000000000000000e+03 3.938736900428844723e-01 6.061263099569079715e-01
1.507500000000000000e+03 7.455022381552407484e-01 2.544977618445538603e-01
1.510000000000000000e+03 9.665530833476393413e-01 3.344691665215777931e-02
1.512500000000000000e+03 9.328013263629668650e-01 6.719867363682760497e-02
1.515000000000000000e+03 6.613113234108815019e-01 3.386886765889136619e-01
1.517500000000000000e+03 3.014266313384702523e-01 6.985733686613265769e-01
1.520000000000000000e+03 5.122707793997400422e-02 9.487729220598216662e-01
1.522500000000000000e+03 4.765251522587972410e-02 9.523474847739189508e-01
1.525000000000000000e+03 2.922218049959420250e-01 7.077781950038555259e-01
1.527500000000000000e+03 6.521132207274605852e-01 3.478867792723369101e-01
1.530000000000000000e+03 9.334578397002863959e-01 6.654216029950799083e-02
1.532500000000000000e+03 9.854817604694736666e-01 1.451823953032189800e-02
1.535000000000000000e+03 7.802146933862209588e-01 2.197853066135759259e-01
1.537500000000000000e+03 4.270938741195655086e-01 5.729061258802312651e-01
1.540000000000000000e+03 1.153747631276722946e-01 8.846252368721270187e-01
1.542500000000000000e+03 1.367030534823645768e-02 9.863296946515651697e-01
1.545000000000000000e+03 1.786276801937077829e-01 8.213723198060940422e-01
1.547500000000000000e+03 5.220335193459700873e-01 4.779664806538308497e-01
1.550000000000000000e+03 8.565606260862589361e-01 1.434393739135430834e-01
1.552500000000000000e+03 9.978184815667838770e-01 2.181518433015827100e-03
1.555000000000000000e+03 8.671348422049134363e-01 1.328651577948884166e-01
1.557500000000000000e+03 5.364565503531202317e-01 4.635434496466813159e-01
1.560000000000000000e+03 1.885169666594701532e-01 8.114830333403332263e-01
1.562500000000000000e+03 1.447318124481388607e-02 9.855268187549879322e-01
1.565000000000000000e+03 1.077347665843897961e-01 8.922652334154110854e-01
1.567500000000000000e+03 4.141444873414779626e-01 5.858555126583252504e-01
1.570000000000000000e+03 7.648394846596673347e-01 2.351605153401377102e-01
1.572500000000000000e+03 9.706386443667670560e-01 2.936135563303615692e-02
1.575000000000000000e+03 9.241023046935588070e-01 7.589769530624679295e-02
1.577500000000000000e+03 6.545803793442555030e-01 3.454196206555487647e-01
1.580000000000000000e+03 3.095594874385936279e-01 6.904405125612111949e-01
1.582500000000000000e+03 7.468234863800095324e-02 9.253176513618026622e-01
1.585000000000000000e+03 7.504961411288099682e-02 9.249503858869199124e-01
1.587500000000000000e+03 3.088659200150542516e-01 6.911340799847441874e-01
1.590000000000000000e+03 6.481503716229672918e-01 3.518496283768333677e-01
1.592500000000000000e+03 9.072785266738723209e-01 9.272147332592554914e-02
1.595000000000000000e+03 9.441042334908346101e-01 5.589576650896150439e-02
1.597500000000000000e+03 7.389106640231530854e-01 2.610893359766451871e-01
1.600000000000000000e+03 4.061822163476724867e-01 5.938177836521225661e-01
1.602500000000000000e+03 1.307849918587582483e-01 8.692150081410350282e-01
1.605000000000000000e+03 6.395421773743824312e-02 9.360457822623551305e-01
1.607500000000000000e+03 2.388381946546742629e-01 7.611618053451181254e-01
1.610000000000000000e+03 5.541137545454368762e-01 4.458862454543577325e-01
1.612500000000000000e+03 8.337528923988333229e-01 1.662471076009615634e-01
1.615000000000000000e+03 9.266181537492658160e-01 7.338184625053009724e-02
1.617500000000000000e+03 7.883463240359431801e-01 2.116536759638537879e-01
1.620000000000000000e+03 5.012592060095888424e-01 4.987407939902078202e-01
1.622500000000000000e+03 2.251063847895480308e-01 7.748936152102476882e-01
1.625000000000000000e+03 1.088599227919604395e-01 8.911400772078358345e-01
1.627500000000000000e+03 2.117223930899013451e-01 7.882776069098934579e-01
1.630000000000000000e+03 4.737686355677268590e-01 5.262313644320690820e-01
1.632500000000000000e+03 7.498995180090507473e-01 2.501004819907457488e-01
1.635000000000000000e+03 8.886704204267428242e-01 1.113295795730533111e-01
1.637500000000000000e+03 8.146754689589790210e-01 1.853245310408176971e-01
1.640000000000000000e+03 5.703189013318080702e-01 4.296810986679878153e-01
1.642500000000000000e+03 2.929031134703474759e-01 7.070968865294490202e-01
1.645000000000000000e+03 1.378747804540585153e-01 8.621252195457378420e-01
1.647500000000000000e+03 1.906224025983623838e-01 8.093775974014330021e-01
1.650000000000000000e+03 4.178758280541786663e-01 5.821241719456166086e-01
1.652500000000000000e+03 6.878053988416683584e-01 3.121946011581268055e-01
1.655000000000000000e+03 8.471472197351126443e-01 1.528527802646810207e-01
1.657500000000000000e+03 8.093638981566696478e-01 1.906361018431254051e-01
1.660000000000000000e+03 6.019270533677449908e-01 3.980729466320486187e-01
1.662500000000000000e+03 3.467374334798556390e-01 6.532625665199380816e-01
1.665000000000000000e+03 1.880831020314641111e-01 8.119168979683304421e-01
1.667500000000000000e+03 2.116272033876412939e-01 7.883727966121529818e-01
1.670000000000000000e+03 3.996080240051225752e-01 6.003919759946722001e-01
1.672500000000000000e+03 6.442172264894602263e-01 3.557827735103318290e-01
1.675000000000000000e+03 8.088350854299891646e-01 1.911649145698033625e-01
1.677500000000000000e+03 8.028870610367919713e-01 1.971129389630003614e-01
1.680000000000000000e+03 6.308073901552586626e-01 3.691926098445330040e-01
1.682500000000000000e+03 3.895774822749927813e-01 6.104225177247982748e-01
1.685000000000000000e+03 2.155544788356399399e-01 7.844455211641534476e-01
1.687500000000000000e+03 2.081747089190459643e-01 7.918252910807478395e-01
1.690000000000000000e+03 3.723905892387492367e-01 6.276094107610452610e-01
1.692500000000000000e+03 6.138620903037452781e-01 3.861379096960495527e-01
1.695000000000000000e+03 7.921934392201401831e-01 2.078065607796551750e-01
1.697500000000000000e+03 8.028219722728047181e-01 1.971780277269912229e-01
1.700000000000000000e+03 6.391406425747241382e-01 3.608593574250724689e-01
1.702500000000000000e+03 3.968380591702022619e-01 6.031619408295942897e-01
1.705000000000000000e+03 2.173150402711661044e-01 7.826849597286282822e-01
1.707500000000000000e+03 2.045009010102248892e-01 7.954990989895696085e-01
1.710000000000000000e+03 3.650629869859173260e-01 6.349370130138796142e-01
1.712500000000000000e+03 6.063434000893968001e-01 3.936565999103999736e-01
1.715000000000000000e+03 7.909532587891819899e-01 2.090467412106140344e-01
1.717500000000000000e+03 8.147838469155419538e-01 1.852161530842551251e-01
1.720000000000000000e+03 6.643824710892876073e-01 3.356175289105087778e-01
1.722500000000000000e+03 4.235023481008333146e-01 5.764976518989632925e-01
1.725000000000000000e+03 2.268670151908697141e-01 7.731329848089264489e-01
1.727500000000000000e+03 1.863409587213279428e-01 8.136590412784689974e-01
1.730000000000000000e+03 3.284502183945951503e-01 6.715497816051998470e-01
1.732500000000000000e+03 5.770453942714282025e-01 4.229546057283663507e-01
1.735000000000000000e+03 7.926214228907688675e-01 2.073785771090232710e-01
1.737500000000000000e+03 8.495313111445930154e-01 1.504686888551984292e-01
1.740000000000000000e+03 7.092013292401027069e-01 2.907986707596889042e-01
1.742500000000000000e+03 4.462332122068347617e-01 5.537667877929560722e-01
1.745000000000000000e+03 2.090627305648625756e-01 7.909372694349287025e-01
1.747500000000000000e+03 1.353318817315899980e-01 8.646681182682021127e-01
1.750000000000000000e+03 2.710225671479583598e-01 7.289774328518345836e-01
1.752500000000000000e+03 5.420348007355362263e-01 4.579651992642581604e-01
1.755000000000000000e+03 7.958673196956707052e-01 2.041326803041222937e-01
1.757500000000000000e+03 8.887968789821449889e-01 1.112031210176475243e-01
1.760000000000000000e+03 7.673901913277461073e-01 2.326098086720462255e-01
1.762500000000000000e+03 4.980306999449264360e-01 5.019693000548637318e-01
1.765000000000000000e+03 2.294343181021320233e-01 7.705656818976595046e-01
1.767500000000000000e+03 1.106733205930451047e-01 8.893266794067451464e-01
1.770000000000000000e+03 2.098985446533515042e-01 7.901014553464398293e-01
1.772500000000000000e+03 4.766917275368436346e-01 5.233082724629483096e-01
1.775000000000000000e+03 7.675408942436252602e-01 2.324591057561672669e-01
1.777500000000000000e+03 9.218084534393795604e-01 7.819154656041182871e-02
1.780000000000000000e+03 8.493805114415354796e-01 1.506194885582564924e-01
1.782500000000000000e+03 5.831804013625405680e-01 4.168195986372515982e-01
1.785000000000000000e+03 2.656690648011800215e-01 7.343309351986118116e-01
1.787500000000000000e+03 7.297802250894985798e-02 9.270219774908428079e-01
1.790000000000000000e+03 1.163160139523130299e-01 8.836839860474772212e-01
1.792500000000000000e+03 3.764941337759587503e-01 6.235058662238303073e-01
1.795000000000000000e+03 7.113727446266617793e-01 2.886272553731294432e-01
1.797500000000000000e+03 9.344438075745024053e-01 6.555619242528903934e-02
1.800000000000000000e+03 9.201542350983519247e-01 7.984576490143990846e-02
1.802500000000000000e+03 6.750181099001887342e-01 3.249818900996014892e-01
1.805000000000000000e+03 3.338135027436930913e-01 6.661864972560979092e-01
1.807500000000000000e+03 8.416518578648522764e-02 9.158348142133038161e-01
1.810000000000000000e+03 6.319475594773280025e-02 9.368052440520574509e-01
1.812500000000000000e+03 2.834964747810152508e-01 7.165035252187752501e-01
1.815000000000000000e+03 6.272086383561211731e-01 3.727913616436701050e-01
1.817500000000000000e+03 9.094609383047895790e-01 9.053906169500100520e-02
1.820000000000000000e+03 9.768904791644876795e-01 2.310952083530410858e-02
1.822500000000000000e+03 7.899659060783463804e-01 2.100340939214419278e-01
1.825000000000000000e+03 4.460791690457288627e-01 5.539208309540586406e-01
1.827500000000000000e+03 1.297934976556129327e-01 8.702065023441752922e-01
1.830000000000000000e+03 1.431734757078602718e-02 9.856826524290031033e-01
1.832500000000000000e+03 1.658717833140766484e-01 8.341282166857160174e-01
1.835000000000000000e+03 5.042134702076928043e-01 4.957865297920975856e-01
1.837500000000000000e+03 8.441308947829867515e-01 1.558691052168047486e-01
1.840000000000000000e+03 9.974182919334424469e-01 2.581708066349076239e-03
1.842500000000000000e+03 8.785038140470883272e-01 1.214961859527018406e-01
1.845000000000000000e+03 5.529220100772379576e-01 4.470779899225532095e-01
1.847500000000000000e+03 2.004283479748499852e-01 7.995716520249399606e-01
1.850000000000000000e+03 1.434313660553253322e-02 9.856568633942565105e-01
1.852500000000000000e+03 9.501964686426854489e-02 9.049803531355156139e-01
1.855000000000000000e+03 3.967721566404530664e-01 6.032278433593269984e-01
1.857500000000000000e+03 7.553547568321217209e-01 2.446452431676575112e-01
1.860000000000000000e+03 9.781014639461631521e-01 2.189853605361752331e-02
1.862500000000000000e+03 9.468145879529428210e-01 5.318541204683666090e-02
1.865000000000000000e+03 6.795086007859001409e-01 3.204913992138797019e-01
1.867500000000000000e+03 3.200609541273299885e-01 6.799390458724504649e-01
1.870000000000000000e+03 6.174043797936937250e-02 9.382595620204077225e-01
1.872500000000000000e+03 4.407114644255856473e-02 9.559288535572154633e-01
1.875000000000000000e+03 2.769718760589143791e-01 7.230281239408578031e-01
1.877500000000000000e+03 6.336350107976753687e-01 3.663649892020960364e-01
1.880000000000000000e+03 9.183494349159508907e-01 8.165056508381959843e-02
1.882500000000000000e+03 9.741363328135754784e-01 2.586366718619463601e-02
1.885000000000000000e+03 7.706282611329133836e-01 2.293717388668563284e-01
1.887500000000000000e+03 4.215010319900325264e-01 5.784989680097354370e-01
1.890000000000000000e+03 1.204321561793817996e-01 8.795678438203864413e-01
1.892500000000000000e+03 3.219560276620207773e-02 9.678043972335643730e-01
1.895000000000000000e+03 2.016395659826605846e-01 7.983604340171072122e-01
1.897500000000000000e+03 5.317211354127298062e-01 4.682788645870381572e-01
1.900000000000000000e+03 8.405343495384317576e-01 1.594656504613375658e-01
1.902500000000000000e+03 9.624866482504459420e-01 3.751335174932337452e-02
1.905000000000000000e+03 8.366756193846829337e-01 1.633243806150873334e-01
1.907500000000000000e+03 5.361514491099044211e-01 4.638485508898638754e-01
1.910000000000000000e+03 2.255854563490503062e-01 7.744145436507166025e-01
1.912500000000000000e+03 7.206715323956441877e-02 9.279328467602021568e-01
1.915000000000000000e+03 1.562880673356795702e-01 8.437119326640875050e-01
1.917500000000000000e+03 4.300582964522590146e-01 5.699417035475076165e-01
1.920000000000000000e+03 7.424347110274369665e-01 2.575652889723288874e-01
1.922500000000000000e+03 9.215585167775419695e-01 7.844148322222600778e-02
1.925000000000000000e+03 8.691442146415379044e-01 1.308557853582313357e-01
1.927500000000000000e+03 6.156156588484822390e-01 3.843843411512894437e-01
1.930000000000000000e+03 3.035728392244350093e-01 6.964271607753338422e-01
1.932500000000000000e+03 1.073135576291054105e-01 8.926864423706621920e-01
1.935000000000000000e+03 1.340379492017949314e-01 8.659620507979723936e-01
1.937500000000000000e+03 3.641467067029444116e-01 6.358532932968223861e-01
1.940000000000000000e+03 6.649906472155910908e-01 3.350093527841739305e-01
1.942500000000000000e+03 8.685056724259798688e-01 1.314943275737830430e-01
1.945000000000000000e+03 8.660612895860584359e-01 1.339387104137018669e-01
1.947500000000000000e+03 6.661475300012593692e-01 3.338524699984997679e-01
1.950000000000000000e+03 3.849042885132963887e-01 6.150957114864612496e-01
1.952500000000000000e+03 1.786770888405128654e-01 8.213229111592500464e-01
1.955000000000000000e+03 1.581506024396603372e-01 8.418493975601020196e-01
1.957500000000000000e+03 3.302981634349199114e-01 6.697018365648442773e-01
1.960000000000000000e+03 5.971730093445100085e-01 4.028269906552541801e-01
1.962500000000000000e+03 8.104284643671493260e-01 1.895715356326148349e-01
1.965000000000000000e+03 8.523194684005021005e-01 1.476805315992624767e-01
1.967500000000000000e+03 7.003950204730058360e-01 2.996049795267599070e-01
1.970000000000000000e+03 4.406016547178842058e-01 5.593983452818815927e-01
1.972500000000000000e+03 2.199509525679325950e-01 7.800490474318312328e-01
1.975000000000000000e+03 1.633929717104131152e-01 8.366070282893480758e-01
1.977500000000000000e+03 3.017725896260989860e-01 6.982274103736600956e-01
1.980000000000000000e+03 5.536332225579182476e-01 4.463667774418391687e-01
1.982500000000000000e+03 7.728328675210307530e-01 2.271671324787271906e-01
1.985000000000000000e+03 8.341583028394241595e-01 1.658416971603348666e-01
1.987500000000000000e+03 7.056918844960551329e-01 2.943081155037042818e-01
1.990000000000000000e+03 4.651617680550284017e-01 5.348382319447326783e-01
1.992500000000000000e+03 2.523197001562829112e-01 7.476802998434766145e-01
1.995000000000000000e+03 1.875678957372879929e-01 8.124321042624738087e-01
1.997500000000000000e+03 3.048182495722751018e-01 6.951817504274835358e-01
2.000000000000000000e+03 5.352858684180843429e-01 4.647141315816739615e-01
