0.000000000000000000e+00 0.000000000000000000e+00 1.000000000000000000e+00
2.500000000000000000e+00 1.373927055491203919e-01 8.626072944508750284e-01
5.000000000000000000e+00 4.734985978496707437e-01 5.265014021503201525e-01
7.500000000000000000e+00 8.230927223200124043e-01 1.769072776799771596e-01
1.000000000000000000e+01 9.954984277227283407e-01 4.501572277261826904e-03
1.250000000000000000e+01 8.992104175943042010e-01 1.007895824056853767e-01
1.500000000000000000e+01 5.895777547089763315e-01 4.104222452910137875e-01
1.750000000000000000e+01 2.359919854790619165e-01 7.640080145209302565e-01
2.000000000000000000e+01 2.930593949221520916e-02 9.706940605077771789e-01
2.250000000000000000e+01 7.996565395033529422e-02 9.200343460496550607e-01
2.500000000000000000e+01 3.597335267102935163e-01 6.402664732896995448e-01
2.750000000000000000e+01 7.167876951063019142e-01 2.832123048936930343e-01
3.000000000000000000e+01 9.569376123642455712e-01 4.306238763574960632e-02
3.250000000000000000e+01 9.490131025211969718e-01 5.098689747879944084e-02
3.500000000000000000e+01 6.974868601071660956e-01 3.025131398928294635e-01
3.750000000000000000e+01 3.408315411499217018e-01 6.591684588500734687e-01
4.000000000000000000e+01 7.479586235503209168e-02 9.252041376449606780e-01
4.250000000000000000e+01 4.345352196248930543e-02 9.565464780375105835e-01
4.500000000000000000e+01 2.603571596218571260e-01 7.396428403781378780e-01
4.750000000000000000e+01 6.039838232758211189e-01 3.960161767241749953e-01
5.000000000000000000e+01 8.874535613039500337e-01 1.125464386960441515e-01
5.250000000000000000e+01 9.608441480299831916e-01 3.915585197000956419e-02
5.500000000000000000e+01 7.895522757907135203e-01 2.104477242092774036e-01
5.750000000000000000e+01 4.690203565333853630e-01 5.309796434666080867e-01
6.000000000000000000e+01 1.715355295753494269e-01 8.284644704246394431e-01
6.250000000000000000e+01 5.474777951133108500e-02 9.452522204886562029e-01
6.500000000000000000e+01 1.789965845749066919e-01 8.210034154250792637e-01
6.750000000000000000e+01 4.756845698151301871e-01 5.243154301848607091e-01
7.000000000000000000e+01 7.839373434227374648e-01 2.160626565772515717e-01
7.250000000000000000e+01 9.374697781559496734e-01 6.253022184403628225e-02
7.500000000000000000e+01 8.551619109166527233e-01 1.448380890833319279e-01
7.750000000000000000e+01 5.848203583123348093e-01 4.151796416876503137e-01
8.000000000000000000e+01 2.751978834947834684e-01 7.248021165052001002e-01
8.250000000000000000e+01 9.278945465281107641e-02 9.072105453471726033e-01
8.500000000000000000e+01 1.315450724746685118e-01 8.684549275253138356e-01
8.750000000000000000e+01 3.655216013400987007e-01 6.344783986598824255e-01
9.000000000000000000e+01 6.673035113529728335e-01 3.326964886470122340e-01
9.250000000000000000e+01 8.780675100491893703e-01 1.219324899507923943e-01
9.500000000000000000e+01 8.901708578690605833e-01 1.098291421309207094e-01
9.750000000000000000e+01 7.005724782149453933e-01 2.994275217850361770e-01
1.000000000000000000e+02 4.103744307278869297e-01 5.896255692720957509e-01
1.025000000000000000e+02 1.720104145341576074e-01 8.279895854658206877e-01
1.050000000000000000e+02 1.101841575083816194e-01 8.898158424915988407e-01
1.075000000000000000e+02 2.562932312459713646e-01 7.437067687540036554e-01
1.100000000000000000e+02 5.313391525600983378e-01 4.686608474398734625e-01
1.125000000000000000e+02 7.881431162127654488e-01 2.118568837872049082e-01
1.150000000000000000e+02 8.908755186011592109e-01 1.091244813988084400e-01
1.175000000000000000e+02 7.878627040995671571e-01 2.121372959004023118e-01
1.200000000000000000e+02 5.372834391348209060e-01 4.627165608651495621e-01
1.225000000000000000e+02 2.731557393141822443e-01 7.268442606857903332e-01
1.250000000000000000e+02 1.329330359829455910e-01 8.670669640170229897e-01
1.275000000000000000e+02 1.869186141542064361e-01 8.130813858457632826e-01
1.300000000000000000e+02 4.048481442371053562e-01 5.951518557628614481e-01
1.325000000000000000e+02 6.734794360399720681e-01 3.265205639599937371e-01
1.350000000000000000e+02 8.543517210053408473e-01 1.456482789946226541e-01
1.375000000000000000e+02 8.534929296542952404e-01 1.465070703456684276e-01
1.400000000000000000e+02 6.698197965059743408e-01 3.301802034939870789e-01
1.425000000000000000e+02 3.976261308872044431e-01 6.023738691127562550e-01
1.450000000000000000e+02 1.793586301979241959e-01 8.206413698020358360e-01
1.475000000000000000e+02 1.308657043407672194e-01 8.691342956591944224e-01
1.500000000000000000e+02 2.787186272698376488e-01 7.212813727301250477e-01
1.525000000000000000e+02 5.450379855185543132e-01 4.549620144814070510e-01
1.550000000000000000e+02 7.891865426208972689e-01 2.108134573790635957e-01
1.575000000000000000e+02 8.830772789403900092e-01 1.169227210595694677e-01
1.600000000000000000e+02 7.783590098628402343e-01 2.216409901371156899e-01
1.625000000000000000e+02 5.301853071499764702e-01 4.698146928499787323e-01
1.650000000000000000e+02 2.674327985080424130e-01 7.325672014919106800e-01
1.675000000000000000e+02 1.265894406701744135e-01 8.734105593297785131e-01
1.700000000000000000e+02 1.824654570053111935e-01 8.175345429946399012e-01
1.725000000000000000e+02 4.090634367747319478e-01 5.909365632252134848e-01
1.750000000000000000e+02 6.903220688069505728e-01 3.096779311929929723e-01
1.775000000000000000e+02 8.777847137919799758e-01 1.222152862079647628e-01
1.800000000000000000e+02 8.684608804682391048e-01 1.315391195317056616e-01
1.825000000000000000e+02 6.624592734799941152e-01 3.375407265199509288e-01
1.850000000000000000e+02 3.667700804684700944e-01 6.332299195314736728e-01
1.875000000000000000e+02 1.396414650492333598e-01 8.603585349507107960e-01
1.900000000000000000e+02 1.046962957192299482e-01 8.953037042807091561e-01
1.925000000000000000e+02 2.829217932705547223e-01 7.170782067293854922e-01
1.950000000000000000e+02 5.808114205821295339e-01 4.191885794178116798e-01
1.975000000000000000e+02 8.405421093836733526e-01 1.594578906162644194e-01
2.000000000000000000e+02 9.237949696172003122e-01 7.620503038273669649e-02
2.025000000000000000e+02 7.844558225686091291e-01 2.155441774313266723e-01
2.050000000000000000e+02 4.933373796612194884e-01 5.066626203387143423e-01
2.075000000000000000e+02 2.028684558817950567e-01 7.971315441181393568e-01
2.100000000000000000e+02 6.871866277800230127e-02 9.312813372219315156e-01
2.125000000000000000e+02 1.669231891921861277e-01 8.330768108077475365e-01
2.150000000000000000e+02 4.498218625150973149e-01 5.501781374848393469e-01
2.175000000000000000e+02 7.672310760615346226e-01 2.327689239384004571e-01
2.200000000000000000e+02 9.456301087527030358e-01 5.436989124723332067e-02
2.225000000000000000e+02 8.841101296283706557e-01 1.158898703715627032e-01
2.250000000000000000e+02 6.126575395053499573e-01 3.873424604945817640e-01
2.275000000000000000e+02 2.777009385321911328e-01 7.222990614677362586e-01
2.300000000000000000e+02 6.193601272199211749e-02 9.380639872779308330e-01
2.325000000000000000e+02 8.385071079718545151e-02 9.161492892027380819e-01
2.350000000000000000e+02 3.332157123581656055e-01 6.667842876417553466e-01
2.375000000000000000e+02 6.769792382913111251e-01 3.230207617086101601e-01
2.400000000000000000e+02 9.306627702168596139e-01 6.933722978306097739e-02
2.425000000000000000e+02 9.565146124501717750e-01 4.348538754974715786e-02
2.450000000000000000e+02 7.374243357981562497e-01 2.625756642017625930e-01
2.475000000000000000e+02 3.882060821653749993e-01 6.117939178345430662e-01
2.500000000000000000e+02 9.669759749683441707e-02 9.033024025030846893e-01
2.525000000000000000e+02 2.324867441021000181e-02 9.767513255897071200e-01
2.550000000000000000e+02 2.115135923359431902e-01 7.884864076639721553e-01
2.575000000000000000e+02 5.610588479259283057e-01 4.389411520739795458e-01
2.600000000000000000e+02 8.804107109004225551e-01 1.195892890994826874e-01
2.625000000000000000e+02 9.930854526314478736e-01 6.914547368456317594e-03
2.650000000000000000e+02 8.365259312466601926e-01 1.634740687532437453e-01
2.675000000000000000e+02 4.969157997983584818e-01 5.030842002015463166e-01
2.700000000000000000e+02 1.605644555953824326e-01 8.394355444045171755e-01
2.725000000000000000e+02 1.078063943728371256e-02 9.892193605626147246e-01
2.750000000000000000e+02 1.284452079959479132e-01 8.715547920039463659e-01
2.775000000000000000e+02 4.496428190706032169e-01 5.503571809292864270e-01
2.800000000000000000e+02 8.009527652586491131e-01 1.990472347412381438e-01
2.825000000000000000e+02 9.923202876784367188e-01 7.679712321449509368e-03
2.850000000000000000e+02 9.188901789428206568e-01 8.110982105706132650e-02
2.875000000000000000e+02 6.185863202059658228e-01 3.814136797939148282e-01
2.900000000000000000e+02 2.536424804514587628e-01 7.463575195484198899e-01
2.925000000000000000e+02 2.349459080890056034e-02 9.765054091909786127e-01
2.950000000000000000e+02 5.486768052035517762e-02 9.451323194795271387e-01
2.975000000000000000e+02 3.304329107740595628e-01 6.695670892258214213e-01
3.000000000000000000e+02 6.978918990878451023e-01 3.021081009120380467e-01
3.025000000000000000e+02 9.553284564305796200e-01 4.467154356929878972e-02
3.050000000000000000e+02 9.636783922570151262e-01 3.632160774286331828e-02
3.075000000000000000e+02 7.220345149973743659e-01 2.779654850025018442e-01
3.100000000000000000e+02 3.649863574927075249e-01 6.350136425071658541e-01
3.125000000000000000e+02 8.668499053447045744e-02 9.133150094654040041e-01
3.150000000000000000e+02 3.566894720334337632e-02 9.643310527965259782e-01
3.175000000000000000e+02 2.369522567494855569e-01 7.630477432503794954e-01
3.200000000000000000e+02 5.805862469672455894e-01 4.194137530326188523e-01
3.225000000000000000e+02 8.809990834029082230e-01 1.190009165969594385e-01
3.250000000000000000e+02 9.761109971431485288e-01 2.388900285671565274e-02
3.275000000000000000e+02 8.147183284944521375e-01 1.852816715054081409e-01
3.300000000000000000e+02 4.850261024841836521e-01 5.149738975156751275e-01
3.325000000000000000e+02 1.670516134608485692e-01 8.329483865390066022e-01
3.350000000000000000e+02 3.356441595538621481e-02 9.664355840444636137e-01
3.375000000000000000e+02 1.547519199465927087e-01 8.452480800532515826e-01
3.400000000000000000e+02 4.609097374669569036e-01 5.390902625328881648e-01
3.425000000000000000e+02 7.836256923303902555e-01 2.163743076694544243e-01
3.450000000000000000e+02 9.499733314497743608e-01 5.002666855006591973e-02
3.475000000000000000e+02 8.753862458592067686e-01 1.246137541406332205e-01
3.500000000000000000e+02 6.052533823163770421e-01 3.947466176834616425e-01
3.525000000000000000e+02 2.865137737675104712e-01 7.134862262323276028e-01
3.550000000000000000e+02 8.804721730521888889e-02 9.119527826946157711e-01
3.575000000000000000e+02 1.126066619006176744e-01 8.873933380992130582e-01
3.600000000000000000e+02 3.445089542935066418e-01 6.554910457063294338e-01
3.625000000000000000e+02 6.587285731309631132e-01 3.412714268688695762e-01
3.650000000000000000e+02 8.870891841758510310e-01 1.129108158239829629e-01
3.675000000000000000e+02 9.080247505164259492e-01 9.197524948340671247e-02
3.700000000000000000e+02 7.121730743207652647e-01 2.878269256790669806e-01
3.725000000000000000e+02 4.070983732103347075e-01 5.929016267894969827e-01
3.750000000000000000e+02 1.576604853459019628e-01 8.423395146539283118e-01
3.775000000000000000e+02 9.561126880357631586e-02 9.043887311962501840e-01
3.800000000000000000e+02 2.496333630819547733e-01 7.503666369178720874e-01
3.825000000000000000e+02 5.336528329936974790e-01 4.663471670061307695e-01
3.850000000000000000e+02 7.964398092813519403e-01 2.035601907184740045e-01
3.875000000000000000e+02 9.023359142415059431e-01 9.766408575832030703e-02
3.900000000000000000e+02 7.998802440296046701e-01 2.001197559702210804e-01
3.925000000000000000e+02 5.452809939372362802e-01 4.547190060625878050e-01
3.950000000000000000e+02 2.718048484170070278e-01 7.281951515828143373e-01
3.975000000000000000e+02 1.214584275910640665e-01 8.785415724087579648e-01
4.000000000000000000e+02 1.722221984109736370e-01 8.277778015888458407e-01
4.025000000000000000e+02 3.970148629979636801e-01 6.029851370018559642e-01
4.050000000000000000e+02 6.768296306468160051e-01 3.231703693529986432e-01
4.075000000000000000e+02 8.633169478848499168e-01 1.366830521149642319e-01
4.100000000000000000e+02 8.582550819401243425e-01 1.417449180596885849e-01
4.125000000000000000e+02 6.661083586580354154e-01 3.338916413417754026e-01
4.150000000000000000e+02 3.903396415372428208e-01 6.096603584625672756e-01
4.175000000000000000e+02 1.765324346973993763e-01 8.234675653024124964e-01
4.200000000000000000e+02 1.351550834593533146e-01 8.648449165404575867e-01
4.225000000000000000e+02 2.856892751007414910e-01 7.143107248990735458e-01
4.250000000000000000e+02 5.491290504657302396e-01 4.508709495340855744e-01
4.275000000000000000e+02 7.896141676234601503e-01 2.103858323763554694e-01
4.300000000000000000e+02 8.830585281872804782e-01 1.169414718125314084e-01
4.325000000000000000e+02 7.797183346603621112e-01 2.202816653394499280e-01
4.350000000000000000e+02 5.307782330913883850e-01 4.692217669084214338e-01
4.375000000000000000e+02 2.645508005211895663e-01 7.354491994786181985e-01
4.400000000000000000e+02 1.214075535841146608e-01 8.785924464156921188e-01
4.425000000000000000e+02 1.791937967082064265e-01 8.208062032915957040e-01
4.450000000000000000e+02 4.095213467974310184e-01 5.904786532023688084e-01
4.475000000000000000e+02 6.910582434396728146e-01 3.089417565601301763e-01
4.500000000000000000e+02 8.742248719000633717e-01 1.257751280997393417e-01
4.525000000000000000e+02 8.616560175587645309e-01 1.383439824410374053e-01
4.550000000000000000e+02 6.598345438177333211e-01 3.401654561820688927e-01
4.575000000000000000e+02 3.747164418353020610e-01 6.252835581644999863e-01
4.600000000000000000e+02 1.556716368820636187e-01 8.443283631177367354e-01
4.625000000000000000e+02 1.182330399423135586e-01 8.817669600574875588e-01
4.650000000000000000e+02 2.845557219313272768e-01 7.154442780684779901e-01
4.675000000000000000e+02 5.705889353543170950e-01 4.294110646454871172e-01
4.700000000000000000e+02 8.270557856854193757e-01 1.729442143143823662e-01
4.725000000000000000e+02 9.158650379118146168e-01 8.413496208798446063e-02
4.750000000000000000e+02 7.844783462325587431e-01 2.155216537672406396e-01
4.775000000000000000e+02 4.980880839615308142e-01 5.019119160382669032e-01
4.800000000000000000e+02 2.085189276416480331e-01 7.914810723581475749e-01
4.825000000000000000e+02 7.321860817321340642e-02 9.267813918265839224e-01
4.850000000000000000e+02 1.682384901359878504e-01 8.317615098638069249e-01
4.875000000000000000e+02 4.449307942552019335e-01 5.550692057445881789e-01
4.900000000000000000e+02 7.555873724997776986e-01 2.444126275000132187e-01
4.925000000000000000e+02 9.334488502516140596e-01 6.655114974817724627e-02
4.950000000000000000e+02 8.823322733791154615e-01 1.176677266206719308e-01
4.975000000000000000e+02 6.277097950344148192e-01 3.722902049653732393e-01
5.000000000000000000e+02 3.035269550258994364e-01 6.964730449738886220e-01
5.025000000000000000e+02 8.251874974829824516e-02 9.174812502514846368e-01
5.050000000000000000e+02 8.542176868629393349e-02 9.145782313134931396e-01
5.075000000000000000e+02 3.152008459371209437e-01 6.847991540626656715e-01
5.100000000000000000e+02 6.517217867618134708e-01 3.482782132379721451e-01
5.125000000000000000e+02 9.130470697193930896e-01 8.695293028039043082e-02
5.150000000000000000e+02 9.537492703665726435e-01 4.625072963320984304e-02
5.175000000000000000e+02 7.471164746624944231e-01 2.528835253372875846e-01
5.200000000000000000e+02 4.032248563098996263e-01 5.967751436898777184e-01
5.225000000000000000e+02 1.098405036227525916e-01 8.901594963770222968e-01
5.250000000000000000e+02 2.847539317195348085e-02 9.715246068278194924e-01
5.275000000000000000e+02 2.048019077455909831e-01 7.951980922541737051e-01
5.300000000000000000e+02 5.438557060379137775e-01 4.561442939618508552e-01
5.325000000000000000e+02 8.624984300533913295e-01 1.375015699463728036e-01
5.350000000000000000e+02 9.886565151535215978e-01 1.134348484624128628e-02
5.375000000000000000e+02 8.533775221428552271e-01 1.466224778569078513e-01
5.400000000000000000e+02 5.277940996089637293e-01 4.722059003907990160e-01
5.425000000000000000e+02 1.862538946059152378e-01 8.137461053938483957e-01
5.450000000000000000e+02 1.407689062082820644e-02 9.859231093789350142e-01
5.475000000000000000e+02 1.072084984272584918e-01 8.927915015725059744e-01
5.500000000000000000e+02 4.175951799713185641e-01 5.824048200284444032e-01
5.525000000000000000e+02 7.764860172741083755e-01 2.235139827256545919e-01
5.550000000000000000e+02 9.860994263902107537e-01 1.390057360954885177e-02
5.575000000000000000e+02 9.299481615930533795e-01 7.005183840670436979e-02
5.600000000000000000e+02 6.387069763686202828e-01 3.612930236311362453e-01
5.625000000000000000e+02 2.730659151607554569e-01 7.269340848389979071e-01
5.650000000000000000e+02 3.366707840925330791e-02 9.663329215904971070e-01
5.675000000000000000e+02 5.026574900482545100e-02 9.497342509949280309e-01
5.700000000000000000e+02 3.122082465938303963e-01 6.877917534059180271e-01
5.725000000000000000e+02 6.765457687133054065e-01 3.234542312864447933e-01
5.750000000000000000e+02 9.465144552883466567e-01 5.348554471140219008e-02
5.775000000000000000e+02 9.769520990644082747e-01 2.304790093533530884e-02
5.800000000000000000e+02 7.514600886260472956e-01 2.485399113736934673e-01
5.825000000000000000e+02 3.915153575495826654e-01 6.084846424501562101e-01
5.850000000000000000e+02 9.204699982031255834e-02 9.079530001794242633e-01
5.875000000000000000e+02 1.615970857678454553e-02 9.838402914229552598e-01
5.900000000000000000e+02 2.052249456797592686e-01 7.947750543199724182e-01
5.925000000000000000e+02 5.549462963048914510e-01 4.450537036948437608e-01
5.950000000000000000e+02 8.727880788773019205e-01 1.272119211224315705e-01
5.975000000000000000e+02 9.853236589344903651e-01 1.467634106524412160e-02
6.000000000000000000e+02 8.341048168892861714e-01 1.658951831104478469e-01
6.025000000000000000e+02 5.056458329818518393e-01 4.943541670178772662e-01
6.050000000000000000e+02 1.806427944908831074e-01 8.193572055088447215e-01
6.075000000000000000e+02 3.378646996219064613e-02 9.662135300375371827e-01
6.100000000000000000e+02 1.406649107540306476e-01 8.593350892456905754e-01
6.125000000000000000e+02 4.404873082973888576e-01 5.595126917023259816e-01
6.150000000000000000e+02 7.711507310854908148e-01 2.288492689142240799e-01
6.175000000000000000e+02 9.560070758694042548e-01 4.399292413030615051e-02
6.200000000000000000e+02 8.971422816919175647e-01 1.028577183077926532e-01
6.225000000000000000e+02 6.272859614028525321e-01 3.727140385968580327e-01
6.250000000000000000e+02 2.925938415960634975e-01 7.074061584036472894e-01
6.275000000000000000e+02 7.391084155055098470e-02 9.260891584491666162e-01
6.300000000000000000e+02 8.815407453296050799e-02 9.118459254667506952e-01
6.325000000000000000e+02 3.245161283154182619e-01 6.754838716842928026e-01
6.350000000000000000e+02 6.518943510423235166e-01 3.481056489573859380e-01
6.375000000000000000e+02 8.929260339605558094e-01 1.070739660391516468e-01
6.400000000000000000e+02 9.213567963962623342e-01 7.864320360344528860e-02
6.425000000000000000e+02 7.278403507079990176e-01 2.721596492917077725e-01
6.450000000000000000e+02 4.203136027712749412e-01 5.796863972284311828e-01
6.475000000000000000e+02 1.629943607908608261e-01 8.370056392088418562e-01
6.500000000000000000e+02 8.946220140974188439e-02 9.105377985899614224e-01
6.525000000000000000e+02 2.349923705605229118e-01 7.650076294391813247e-01
6.550000000000000000e+02 5.205208559237112231e-01 4.794791440759932910e-01
6.575000000000000000e+02 7.946639602474325770e-01 2.053360397522727143e-01
6.600000000000000000e+02 9.126959388620418112e-01 8.730406113766210618e-02
6.625000000000000000e+02 8.128050569647602419e-01 1.871949430349409971e-01
6.650000000000000000e+02 5.493863204791684662e-01 4.506136795205318291e-01
6.675000000000000000e+02 2.640159966739473174e-01 7.359840033257522007e-01
6.700000000000000000e+02 1.086710610380176856e-01 8.913289389616798619e-01
6.725000000000000000e+02 1.636111778823436946e-01 8.363888221173502169e-01
6.750000000000000000e+02 3.958742345738009982e-01 6.041257654258955778e-01
6.775000000000000000e+02 6.801546067887596081e-01 3.198453932109380227e-01
6.800000000000000000e+02 8.676763440320292009e-01 1.323236559676658763e-01
6.825000000000000000e+02 8.637487592402609549e-01 1.362512407594347330e-01
6.850000000000000000e+02 6.739372640518644930e-01 3.260627359478288634e-01
6.875000000000000000e+02 3.982797379844242869e-01 6.017202620152672932e-01
6.900000000000000000e+02 1.792802231287775605e-01 8.207197768709132424e-01
6.925000000000000000e+02 1.299301751863198573e-01 8.700698248133732493e-01
6.950000000000000000e+02 2.761654423772225142e-01 7.238345576224666234e-01
6.975000000000000000e+02 5.422590464049965586e-01 4.577409535946926900e-01
7.000000000000000000e+02 7.885648178799744556e-01 2.114351821197146264e-01
7.025000000000000000e+02 8.845021669892997318e-01 1.154978330103881845e-01
7.050000000000000000e+02 7.787332134374223003e-01 2.212667865622643393e-01
7.075000000000000000e+02 5.274156449397616742e-01 4.725843550599241327e-01
7.100000000000000000e+02 2.639250163771931779e-01 7.360749836224925735e-01
7.125000000000000000e+02 1.269894698455952542e-01 8.730105301540891372e-01
7.150000000000000000e+02 1.875095389029015069e-01 8.124904610967806917e-01
7.175000000000000000e+02 4.131012344030663419e-01 5.868987655966175776e-01
7.200000000000000000e+02 6.866523968427850066e-01 3.133476031568937503e-01
7.225000000000000000e+02 8.668314081921530967e-01 1.331685918075234398e-01
7.250000000000000000e+02 8.595584875517841006e-01 1.404415124478934629e-01
7.275000000000000000e+02 6.660807791798578625e-01 3.339192208198196177e-01
7.300000000000000000e+02 3.843275499570164011e-01 6.156724500426601354e-01
7.325000000000000000e+02 1.610613842641634985e-01 8.389386157355107621e-01
7.350000000000000000e+02 1.161666253550242833e-01 8.838333746446537242e-01
7.375000000000000000e+02 2.772664681265005204e-01 7.227335318731796798e-01
7.400000000000000000e+02 5.614838544062659142e-01 4.385161455934145636e-01
7.425000000000000000e+02 8.176363213071524694e-01 1.823636786925293407e-01
7.450000000000000000e+02 9.076453243322230025e-01 9.235467566745689250e-02
7.475000000000000000e+02 7.819474066706224580e-01 2.180525933290541063e-01
7.500000000000000000e+02 5.065295308911864636e-01 4.934704691084904060e-01
7.525000000000000000e+02 2.272927506486562277e-01 7.727072493510216411e-01
7.550000000000000000e+02 9.250248582820479182e-02 9.074975141714711757e-01
7.575000000000000000e+02 1.751152811115488928e-01 8.248847188881226478e-01
7.600000000000000000e+02 4.344545411572328653e-01 5.655454588424368989e-01
7.625000000000000000e+02 7.358995295931229919e-01 2.641004704065447739e-01
7.650000000000000000e+02 9.192766006402516288e-01 8.072339935941535982e-02
7.675000000000000000e+02 8.828830114063062062e-01 1.171169885933603660e-01
7.700000000000000000e+02 6.403258599116729011e-01 3.596741400879890360e-01
7.725000000000000000e+02 3.178908713328049140e-01 6.821091286668556908e-01
7.750000000000000000e+02 8.954197304300672011e-02 9.104580269566551198e-01
7.775000000000000000e+02 8.206312268565246759e-02 9.179368773140086368e-01
7.800000000000000000e+02 3.031661053784545645e-01 6.968338946212080387e-01
7.825000000000000000e+02 6.349437758201993409e-01 3.650562241794587104e-01
7.850000000000000000e+02 8.977973203217551879e-01 1.022026796779005736e-01
7.875000000000000000e+02 9.488344359687166385e-01 5.116556403093490413e-02
7.900000000000000000e+02 7.595113007350331458e-01 2.404886992646179666e-01
7.925000000000000000e+02 4.306071640275712653e-01 5.693928359720811239e-01
7.950000000000000000e+02 1.381591361209785207e-01 8.618408638786770881e-01
7.975000000000000000e+02 4.008587822699846703e-02 9.599141217726595565e-01
8.000000000000000000e+02 1.920040962824410835e-01 8.079959037172201874e-01
8.025000000000000000e+02 5.156663443581147588e-01 4.843336556415465122e-01
8.050000000000000000e+02 8.378442223976808600e-01 1.621557776019789676e-01
8.075000000000000000e+02 9.819225690577546573e-01 1.807743094190522939e-02
8.100000000000000000e+02 8.650753716530746873e-01 1.349246283465877494e-01
8.125000000000000000e+02 5.471267888036488447e-01 4.528732111960114826e-01
8.150000000000000000e+02 2.007212500014204926e-01 7.992787499982378918e-01
8.175000000000000000e+02 1.662999665432056406e-02 9.833700033453413036e-01
8.200000000000000000e+02 9.716261499709920313e-02 9.028373850025537273e-01
8.225000000000000000e+02 3.989219671027698366e-01 6.010780328968863273e-01
8.250000000000000000e+02 7.573118828315710260e-01 2.426881171680849436e-01
8.275000000000000000e+02 9.776705021044422850e-01 2.232949789521026032e-02
8.300000000000000000e+02 9.411458863568439304e-01 5.885411364280920821e-02
8.325000000000000000e+02 6.678377711371136227e-01 3.321622288625365460e-01
8.350000000000000000e+02 3.051257965660644222e-01 6.948742034335843032e-01
8.375000000000000000e+02 4.881969772283324682e-02 9.511803022768163807e-01
8.400000000000000000e+02 3.848397796885114769e-02 9.615160220307971128e-01
8.425000000000000000e+02 2.814488005287157923e-01 7.185511994709308237e-01
8.450000000000000000e+02 6.466750958452418541e-01 3.533249041544031521e-01
8.475000000000000000e+02 9.342954202804220065e-01 6.570457971922483154e-02
8.500000000000000000e+02 9.852712180858587132e-01 1.472878191378635543e-02
8.525000000000000000e+02 7.706851489676145306e-01 2.293148510320308364e-01
8.550000000000000000e+02 4.088778449709761231e-01 5.911221550286671622e-01
8.575000000000000000e+02 9.933766149037144555e-02 9.006623385092731304e-01
8.600000000000000000e+02 1.120903210038877093e-02 9.887909678992549134e-01
8.625000000000000000e+02 1.904381495953942349e-01 8.095618504042407793e-01
8.650000000000000000e+02 5.370273855985070455e-01 4.629726144011294675e-01
8.675000000000000000e+02 8.622787360388518563e-01 1.377212639607853228e-01
8.700000000000000000e+02 9.917916740001229137e-01 8.208325999513809215e-03
8.725000000000000000e+02 8.579625014159082408e-01 1.420374985837252191e-01
8.750000000000000000e+02 5.344006569502014470e-01 4.655993430494337337e-01
8.775000000000000000e+02 1.958728002658098599e-01 8.041271997338205191e-01
8.800000000000000000e+02 2.491427770771262318e-02 9.750857222919178113e-01
8.825000000000000000e+02 1.135488030132911080e-01 8.864511969863376750e-01
8.850000000000000000e+02 4.126534441932581676e-01 5.873465558063641900e-01
8.875000000000000000e+02 7.580353401532000657e-01 2.419646598464170184e-01
8.900000000000000000e+02 9.607679919684765091e-01 3.923200803113748025e-02
8.925000000000000000e+02 9.118932027010504537e-01 8.810679729856422948e-02
8.950000000000000000e+02 6.418161052251695198e-01 3.581838947744445667e-01
8.975000000000000000e+02 3.009403172195285192e-01 6.990596827800826807e-01
9.000000000000000000e+02 7.448616794411083708e-02 9.255138320555018616e-01
9.025000000000000000e+02 8.141038620245724666e-02 9.185896137971548692e-01
9.050000000000000000e+02 3.131698489445460809e-01 6.868301510550685052e-01
9.075000000000000000e+02 6.425204112406093238e-01 3.574795887590049848e-01
9.100000000000000000e+02 8.936781950273426922e-01 1.063218049722714775e-01
9.125000000000000000e+02 9.350215000358466089e-01 6.497849996376939274e-02
9.150000000000000000e+02 7.469553341375260169e-01 2.530446658620915112e-01
9.175000000000000000e+02 4.312601745599611847e-01 5.687398254396558439e-01
9.200000000000000000e+02 1.570356213186648864e-01 8.429643786809504213e-01
9.225000000000000000e+02 7.044917359885892461e-02 9.295508264007528165e-01
9.250000000000000000e+02 2.158933537635376876e-01 7.841066462360761768e-01
9.275000000000000000e+02 5.121729517492468187e-01 4.878270482503674899e-01
9.300000000000000000e+02 7.979317543291337689e-01 2.020682456704786245e-01
9.325000000000000000e+02 9.208565020939886159e-01 7.914349790562615061e-02
9.350000000000000000e+02 8.197468756666339562e-01 1.802531243329810462e-01
9.375000000000000000e+02 5.540958463220483354e-01 4.459041536775640857e-01
9.400000000000000000e+02 2.678778101148892032e-01 7.321221898847223297e-01
9.425000000000000000e+02 1.110601414463033287e-01 8.889398585533092589e-01
9.450000000000000000e+02 1.622741699917493174e-01 8.377258300078649356e-01
9.475000000000000000e+02 3.912208760841155430e-01 6.087791239154966005e-01
9.500000000000000000e+02 6.767661915675614592e-01 3.232338084320470206e-01
9.525000000000000000e+02 8.697834342260836182e-01 1.302165657735251947e-01
9.550000000000000000e+02 8.697011289896482422e-01 1.302988710099606817e-01
9.575000000000000000e+02 6.769448458276501324e-01 3.230551541719593467e-01
9.600000000000000000e+02 3.935781944280428157e-01 6.064218055715649980e-01
9.625000000000000000e+02 1.697949350077778696e-01 8.302050649918286673e-01
9.650000000000000000e+02 1.235586968281652126e-01 8.764413031714384239e-01
9.675000000000000000e+02 2.773566869485813990e-01 7.226433130510214742e-01
9.700000000000000000e+02 5.474538945868848705e-01 4.525461054127131733e-01
9.725000000000000000e+02 7.907538190888563356e-01 2.092461809107412085e-01
9.750000000000000000e+02 8.815308300725841484e-01 1.184691699270133680e-01
9.775000000000000000e+02 7.757043510586715263e-01 2.242956489409253518e-01
9.800000000000000000e+02 5.305837863689688572e-01 4.694162136306243571e-01
9.825000000000000000e+02 2.733235681906781567e-01 7.266764318089137253e-01
9.850000000000000000e+02 1.361632219709831837e-01 8.638367780286055897e-01
9.875000000000000000e+02 1.901751279561244845e-01 8.098248720434551018e-01
9.900000000000000000e+02 4.087666018051414607e-01 5.912333981944383199e-01
9.925000000000000000e+02 6.793280942751399598e-01 3.206719057244395987e-01
9.950000000000000000e+02 8.597166103017848116e-01 1.402833896977949135e-01
9.975000000000000000e+02 8.528916169064176822e-01 1.471083830931587677e-01
1.000000000000000000e+03 6.602639210933514136e-01 3.397360789062247033e-01
1.002500000000000000e+03 3.828737734269749282e-01 6.171262265725994123e-01
1.005000000000000000e+03 1.678277289493235180e-01 8.321722710502479359e-01
1.007500000000000000e+03 1.292294890004300201e-01 8.707705109991397130e-01
1.010000000000000000e+03 2.876106837368280766e-01 7.123893162627441544e-01
1.012500000000000000e+03 5.602007474616336191e-01 4.397992525379325057e-01
1.015000000000000000e+03 8.051138743959864730e-01 1.948861256035769318e-01
1.017500000000000000e+03 8.946363666982319884e-01 1.053636333013303061e-01
1.020000000000000000e+03 7.803909609068230280e-01 2.196090390927398495e-01
1.022500000000000000e+03 5.188923994418348506e-01 4.811076005577277215e-01
1.025000000000000000e+03 2.447914405957519468e-01 7.552085594038090433e-01
1.027500000000000000e+03 1.031762632343770636e-01 8.968237367651836767e-01
1.030000000000000000e+03 1.730319095682867903e-01 8.269680904312666225e-01
1.032500000000000000e+03 4.218490141591715870e-01 5.781509858403823809e-01
1.035000000000000000e+03 7.188741086847220130e-01 2.811258913148317884e-01
1.037500000000000000e+03 9.037321874767967333e-01 9.626781252275527778e-02
1.040000000000000000e+03 8.742486750607718626e-01 1.257513249387804122e-01
1.042500000000000000e+03 6.438057490527958615e-01 3.561942509467559415e-01
1.045000000000000000e+03 3.350514010711275192e-01 6.649485989284197318e-01
1.047500000000000000e+03 1.135722549433435258e-01 8.864277450562018101e-01
1.050000000000000000e+03 9.892394639516229049e-02 9.010760536043816993e-01
1.052500000000000000e+03 3.011665323961628116e-01 6.988334676033826076e-01
1.055000000000000000e+03 6.152615674718715510e-01 3.847384325276720363e-01
1.057500000000000000e+03 8.751784106138112973e-01 1.248215893857327063e-01
1.060000000000000000e+03 9.403104824251096172e-01 5.968951757443499706e-02
1.062500000000000000e+03 7.708639889265982426e-01 2.291360110729448452e-01
1.065000000000000000e+03 4.526695360160946646e-01 5.473304639834452034e-01
1.067500000000000000e+03 1.552871315438202893e-01 8.447128684557200229e-01
1.070000000000000000e+03 4.188366663453923361e-02 9.581163333650032365e-01
1.072500000000000000e+03 1.783393137621565872e-01 8.216606862373811992e-01
1.075000000000000000e+03 4.936347566592964031e-01 5.063652433402417996e-01
1.077500000000000000e+03 8.167081210225359822e-01 1.832918789770018042e-01
1.080000000000000000e+03 9.705853458252897692e-01 2.941465417424570308e-02
1.082500000000000000e+03 8.704141392009621114e-01 1.295858607985757027e-01
1.085000000000000000e+03 5.699629734683975268e-01 4.300370265311388440e-01
1.087500000000000000e+03 2.316923779274459305e-01 7.683076220720870264e-01
1.090000000000000000e+03 3.858388344412289062e-02 9.614161165554104826e-01
1.092500000000000000e+03 9.608756859191894262e-02 9.039124314076123490e-01
1.095000000000000000e+03 3.755437146952704808e-01 6.244562853042555650e-01
1.097500000000000000e+03 7.281220994022929993e-01 2.718779005972278284e-01
1.100000000000000000e+03 9.628214488965639584e-01 3.717855110295703591e-02
1.102500000000000000e+03 9.491806162409617276e-01 5.081938375855453438e-02
1.105000000000000000e+03 6.904244861629365015e-01 3.095755138365815506e-01
1.107500000000000000e+03 3.252817190468162978e-01 6.747182809526981462e-01
1.110000000000000000e+03 5.385507717229452013e-02 9.461449228272171830e-01
1.112500000000000000e+03 2.664538018584888118e-02 9.733546198136623362e-01
1.115000000000000000e+03 2.596419273810108841e-01 7.403580726185021721e-01
1.117500000000000000e+03 6.249488174139280483e-01 3.750511825855848969e-01
1.120000000000000000e+03 9.223895059629323434e-01 7.761049403658235035e-02
1.122500000000000000e+03 9.904597001400643475e-01 9.540299859446764105e-03
1.125000000000000000e+03 7.938765375188170381e-01 2.061234624806958793e-01
1.127500000000000000e+03 4.407212392969938608e-01 5.592787607025159202e-01
1.130000000000000000e+03 1.225202276082399538e-01 8.774797723912735048e-01
1.132500000000000000e+03 1.114904243128488938e-02 9.888509575682282726e-01
1.135000000000000000e+03 1.670127249351859855e-01 8.329872750643292356e-01
1.137500000000000000e+03 5.061816857441356898e-01 4.938183142553747018e-01
1.140000000000000000e+03 8.444160757039028686e-01 1.555839242956087165e-01
1.142500000000000000e+03 9.964063140629125792e-01 3.593685936598090425e-03
1.145000000000000000e+03 8.778250004642792481e-01 1.221749995352323093e-01
1.147500000000000000e+03 5.533495293158641193e-01 4.466504706836472716e-01
1.150000000000000000e+03 2.016996799779702532e-01 7.983003200215430528e-01
1.152500000000000000e+03 1.600094725845907506e-02 9.839990527410550358e-01
1.155000000000000000e+03 9.629322081704584646e-02 9.037067791824661134e-01
1.157500000000000000e+03 3.956261912671248937e-01 6.043738087323856645e-01
1.160000000000000000e+03 7.488425045159819993e-01 2.511574954835261719e-01
1.162500000000000000e+03 9.650720294159962354e-01 3.492797058351113093e-02
1.165000000000000000e+03 9.308010365250468654e-01 6.919896347445962659e-02
1.167500000000000000e+03 6.682088449022609566e-01 3.317911550972439949e-01
1.170000000000000000e+03 3.204851004278372884e-01 6.795148995716693285e-01
1.172500000000000000e+03 7.438503220978912034e-02 9.256149677897113071e-01
1.175000000000000000e+03 6.099589863854570915e-02 9.390041013609556897e-01
1.177500000000000000e+03 2.859877875686875903e-01 7.140122124308172502e-01
1.180000000000000000e+03 6.263117027373527046e-01 3.736882972621454191e-01
1.182500000000000000e+03 8.965697519380091407e-01 1.034302480614883724e-01
1.185000000000000000e+03 9.504156754153240128e-01 4.958432458417498523e-02
1.187500000000000000e+03 7.610339083489153778e-01 2.389660916505865762e-01
1.190000000000000000e+03 4.348129077233277573e-01 5.651870922761716987e-01
1.192500000000000000e+03 1.505803208978092611e-01 8.494196791016925818e-01
1.195000000000000000e+03 6.022276098081121021e-02 9.397772390186928115e-01
1.197500000000000000e+03 2.075337484128664811e-01 7.924662515866417456e-01
1.200000000000000000e+03 5.087734509761816515e-01 4.912265490233266862e-01
1.202500000000000000e+03 8.016127543610814810e-01 1.983872456384255800e-01
1.205000000000000000e+03 9.325380635289525211e-01 6.746193647055287457e-02
1.207500000000000000e+03 8.359235177542336803e-01 1.640764822452696059e-01
1.210000000000000000e+03 5.658055220753870351e-01 4.341944779241175834e-01
1.212500000000000000e+03 2.662077784030382754e-01 7.337922215964634010e-01
1.215000000000000000e+03 9.549814164501818636e-02 9.045018583544801594e-01
1.217500000000000000e+03 1.429482101355525336e-01 8.570517898639445908e-01
1.220000000000000000e+03 3.811024064401286604e-01 6.188975935593670208e-01
1.222500000000000000e+03 6.806014657599805950e-01 3.193985342395097016e-01
1.225000000000000000e+03 8.807241027392677113e-01 1.192758972602241119e-01
1.227500000000000000e+03 8.768432896852171865e-01 1.231567103142739150e-01
1.230000000000000000e+03 6.756086111191428323e-01 3.243913888803481305e-01
1.232500000000000000e+03 3.879752176317609602e-01 6.120247823677277266e-01
1.235000000000000000e+03 1.667616518337209364e-01 8.332383481657671398e-01
1.237500000000000000e+03 1.254583640747080620e-01 8.745416359247750737e-01
1.240000000000000000e+03 2.816228518015839732e-01 7.183771481979015494e-01
1.242500000000000000e+03 5.514016093223386150e-01 4.485983906771486285e-01
1.245000000000000000e+03 7.944412749885089164e-01 2.055587250109753572e-01
1.247500000000000000e+03 8.853423802485984595e-01 1.146576197508827333e-01
1.250000000000000000e+03 7.771244399897809796e-01 2.228755600096994915e-01
1.252500000000000000e+03 5.258851123782095627e-01 4.741148876212716301e-01
1.255000000000000000e+03 2.629895704739078077e-01 7.370104295255722748e-01
1.257500000000000000e+03 1.268597185485965118e-01 8.731402814508810728e-01
1.260000000000000000e+03 1.892278092092259389e-01 8.107721907902525338e-01
1.262500000000000000e+03 4.163027136848567733e-01 5.836972863146172585e-01
1.265000000000000000e+03 6.872403376407463238e-01 3.127596623587254321e-01
1.267500000000000000e+03 8.596378667086204128e-01 1.403621332908502051e-01
1.270000000000000000e+03 8.449946773054193283e-01 1.550053226940497353e-01
1.272500000000000000e+03 6.532656990504025485e-01 3.467343009490660988e-01
1.275000000000000000e+03 3.851501543759674462e-01 6.148498456235005349e-01
1.277500000000000000e+03 1.791522012380549478e-01 8.208477987614131166e-01
1.280000000000000000e+03 1.415277623540060759e-01 8.584722376454650972e-01
1.282500000000000000e+03 2.929658118349129925e-01 7.070341881645572091e-01
1.285000000000000000e+03 5.570417831706930833e-01 4.429582168287751198e-01
1.287500000000000000e+03 7.970296650993423659e-01 2.029703349001261703e-01
1.290000000000000000e+03 8.853360145899029643e-01 1.146639854095657662e-01
1.292500000000000000e+03 7.716941115529996065e-01 2.283058884464684302e-01
1.295000000000000000e+03 5.130093991174652368e-01 4.869906008820001908e-01
1.297500000000000000e+03 2.456070549340379494e-01 7.543929450654225377e-01
1.300000000000000000e+03 1.126161318141917778e-01 8.873838681852672661e-01
1.302500000000000000e+03 1.862579646590976634e-01 8.137420353403604922e-01
1.305000000000000000e+03 4.286817610107943044e-01 5.713182389886580781e-01
1.307500000000000000e+03 7.125456220072975411e-01 2.874543779921562292e-01
1.310000000000000000e+03 8.886419527540014851e-01 1.113580472454506476e-01
1.312500000000000000e+03 8.636618376146778520e-01 1.363381623847746693e-01
1.315000000000000000e+03 6.484289994226042353e-01 3.515710005768478696e-01
1.317500000000000000e+03 3.532959897931213789e-01 6.467040102063319473e-01
1.320000000000000000e+03 1.329244367693272200e-01 8.670755632301283544e-01
1.322500000000000000e+03 1.065861214030863480e-01 8.934138785963683382e-01
1.325000000000000000e+03 2.933880270122313227e-01 7.066119729872172295e-01
1.327500000000000000e+03 5.976884437559765173e-01 4.023115562434710357e-01
1.330000000000000000e+03 8.566157100347482345e-01 1.433842899646970148e-01
1.332500000000000000e+03 9.275885162015196084e-01 7.241148379792806955e-02
1.335000000000000000e+03 7.682052325651833602e-01 2.317947674342633047e-01
1.337500000000000000e+03 4.620768160049351092e-01 5.379231839945118887e-01
1.340000000000000000e+03 1.742907918332285977e-01 8.257092081662176231e-01
1.342500000000000000e+03 6.124000592502945595e-02 9.387599940744131288e-01
1.345000000000000000e+03 1.855782416208621444e-01 8.144217583785778869e-01
1.347500000000000000e+03 4.826534170592085005e-01 5.173465829402265070e-01
1.350000000000000000e+03 7.949582044586138707e-01 2.050417955408222470e-01
1.352500000000000000e+03 9.551481528404415222e-01 4.485184715899517144e-02
1.355000000000000000e+03 8.745464952618667853e-01 1.254535047375707202e-01
1.357500000000000000e+03 5.918800324266849655e-01 4.081199675727505416e-01
1.360000000000000000e+03 2.559864558988373950e-01 7.440135441005990558e-01
1.362500000000000000e+03 4.867607394213553651e-02 9.513239260572954326e-01
1.365000000000000000e+03 8.608915482325174562e-02 9.139108451761753793e-01
1.367500000000000000e+03 3.520878943367008462e-01 6.479121056627239472e-01
1.370000000000000000e+03 7.034546338620982775e-01 2.965453661373297356e-01
1.372500000000000000e+03 9.473668622542633644e-01 5.263313774516129029e-02
1.375000000000000000e+03 9.486946966100355816e-01 5.130530338938702611e-02
1.377500000000000000e+03 7.057141306629048927e-01 2.942858693365160150e-01
1.380000000000000000e+03 3.509710014410403756e-01 6.490289985583816978e-01
1.382500000000000000e+03 7.779680850749412513e-02 9.222031914919266438e-01
1.385000000000000000e+03 3.476473734146756644e-02 9.652352626579556727e-01
1.387500000000000000e+03 2.459583075363919180e-01 7.540416924630275464e-01
1.390000000000000000e+03 5.984791654257959337e-01 4.015208345736145934e-01
1.392500000000000000e+03 9.024746879724775406e-01 9.752531202693254242e-02
1.395000000000000000e+03 9.922536881441275103e-01 7.746311855281354936e-03
1.397500000000000000e+03 8.161266711394132845e-01 1.838733288599948557e-01
1.400000000000000000e+03 4.668997181619486958e-01 5.331002818374548369e-01
1.402500000000000000e+03 1.341056808756540819e-01 8.658943191237464809e-01
1.405000000000000000e+03 9.499907144921674196e-04 9.990500092849119440e-01
1.407500000000000000e+03 1.419357553651642012e-01 8.580642446342345853e-01
1.410000000000000000e+03 4.799476390745932020e-01 5.200523609248037804e-01
1.412500000000000000e+03 8.288244688535950644e-01 1.711755311458006967e-01
1.415000000000000000e+03 9.974481734724317539e-01 2.551826526962364464e-03
1.417500000000000000e+03 8.954531361607960260e-01 1.045468638385970289e-01
1.420000000000000000e+03 5.811143622349745907e-01 4.188856377644157303e-01
1.422500000000000000e+03 2.268970524255716770e-01 7.731029475738198098e-01
1.425000000000000000e+03 2.451741683382209838e-02 9.754825831655693502e-01
1.427500000000000000e+03 8.217570401890343657e-02 9.178242959804899792e-01
1.430000000000000000e+03 3.677707237879729307e-01 6.322292762114192222e-01
1.432500000000000000e+03 7.265838252085500271e-01 2.734161747908384066e-01
1.435000000000000000e+03 9.639877451367934169e-01 3.601225486259452407e-02
1.437500000000000000e+03 9.504028094034812080e-01 4.959719059590662199e-02
1.440000000000000000e+03 6.926839035345789819e-01 3.073160964648062321e-01
1.442500000000000000e+03 3.317346058110397511e-01 6.682653941883456294e-01
1.445000000000000000e+03 6.539277868284873452e-02 9.346072213165345088e-01
1.447500000000000000e+03 3.860409114908212175e-02 9.613959088503004624e-01
1.450000000000000000e+03 2.633455053419873071e-01 7.366544946573994057e-01
1.452500000000000000e+03 6.139308551280419080e-01 3.860691448713461926e-01
1.455000000000000000e+03 8.988676857808128862e-01 1.011323142185747426e-01
1.457500000000000000e+03 9.665578701726018629e-01 3.344212982678570339e-02
1.460000000000000000e+03 7.854314338745831403e-01 2.145685661248040443e-01
1.462500000000000000e+03 4.569554477328529041e-01 5.430445522665301450e-01
1.465000000000000000e+03 1.583714516947760664e-01 8.416285483046036520e-01
1.467500000000000000e+03 4.798409022732552653e-02 9.520159097720528596e-01
1.470000000000000000e+03 1.824045488994704423e-01 8.175954510999065006e-01
1.472500000000000000e+03 4.875652772850909700e-01 5.124347227142823646e-01
1.475000000000000000e+03 7.984149374175504299e-01 2.015850625818185748e-01
1.477500000000000000e+03 9.474189471298358756e-01 5.258105286953203283e-02
1.480000000000000000e+03 8.553533396749214424e-01 1.446466603244450366e-01
1.482500000000000000e+03 5.744675512334418421e-01 4.255324487659201682e-01
1.485000000000000000e+03 2.589744049828644479e-01 7.410255950164950089e-01
1.487500000000000000e+03 7.918070437663959904e-02 9.208192956227154724e-01
1.490000000000000000e+03 1.284426079995581726e-01 8.715573919997943175e-01
1.492500000000000000e+03 3.751915312549539694e-01 6.248084687444002139e-01
1.495000000000000000e+03 6.843022313491181619e-01 3.156977686502348557e-01
1.497500000000000000e+03 8.922185100631391252e-01 1.077814899362127266e-01
1.500000000000000000e+03 8.929422656066057229e-01 1.070577343927427150e-01
1.502500000000000000e+03 6.904274235036738094e-01 3.095725764956736015e-01
1.505000000000000000e+03 3.934530471304810706e-01 6.065469528688685052e-01
1.507500000000000000e+03 1.580579924805658454e-01 8.419420075187805663e-01
1.510000000000000000e+03 1.068449425068342395e-01 8.931550574925111174e-01
1.512500000000000000e+03 2.652965718862284605e-01 7.347034281131185063e-01
1.515000000000000000e+03 5.480805256681637871e-01 4.519194743311803486e-01
1.517500000000000000e+03 8.040823728836508089e-01 1.959176271156923277e-01
1.520000000000000000e+03 8.975109776290237651e-01 1.024890223703192466e-01
1.522500000000000000e+03 7.809882448569108737e-01 2.190117551424312081e-01
1.525000000000000000e+03 5.197453976167598633e-01 4.802546023825821075e-01
1.527500000000000000e+03 2.541280757832447001e-01 7.458719242160944951e-01
1.530000000000000000e+03 1.231587082942286748e-01 8.768412917051114919e-01
1.532500000000000000e+03 1.922089768023019785e-01 8.077910231970377719e-01
1.535000000000000000e+03 4.221506478658170747e-01 5.778493521335226202e-01
1.537500000000000000e+03 6.925911685020291753e-01 3.074088314973124070e-01
1.540000000000000000e+03 8.642955350756840183e-01 1.357044649236580636e-01
1.542500000000000000e+03 8.491392312654409968e-01 1.508607687339001413e-01
1.545000000000000000e+03 6.544336639320609272e-01 3.455663360672808770e-01
1.547500000000000000e+03 3.802582882159764033e-01 6.197417117833667888e-01
1.550000000000000000e+03 1.694535686540694086e-01 8.305464313452737279e-01
1.552500000000000000e+03 1.334944112330987975e-01 8.665055887662416190e-01
1.555000000000000000e+03 2.924567911926170272e-01 7.075432088067242775e-01
1.557500000000000000e+03 5.627750288451516258e-01 4.372249711541891792e-01
1.560000000000000000e+03 8.013973722261187316e-01 1.986026277732226841e-01
1.562500000000000000e+03 8.826018383479863338e-01 1.173981616513556370e-01
1.565000000000000000e+03 7.646696487350640448e-01 2.353303512642741235e-01
1.567500000000000000e+03 5.104284710083901722e-01 4.895715289909504109e-01
1.570000000000000000e+03 2.527795651961368129e-01 7.472204348032049914e-01
1.572500000000000000e+03 1.255538671964530062e-01 8.744461328028869662e-01
1.575000000000000000e+03 1.955384937866870843e-01 8.044615062126512228e-01
1.577500000000000000e+03 4.284942558562379045e-01 5.715057441430957397e-01
1.580000000000000000e+03 7.051347606962481418e-01 2.948652393030814500e-01
1.582500000000000000e+03 8.803812104096071511e-01 1.196187895897213027e-01
1.585000000000000000e+03 8.584924284729916755e-01 1.415075715263349465e-01
1.587500000000000000e+03 6.461337841275137661e-01 3.538662158718133277e-01
1.590000000000000000e+03 3.529367725167940617e-01 6.470632274825303121e-01
1.592500000000000000e+03 1.353176571057816968e-01 8.646823428935384026e-01
1.595000000000000000e+03 1.119492316558390599e-01 8.880507683434818444e-01
1.597500000000000000e+03 2.979159980953014486e-01 7.020840019040138769e-01
1.600000000000000000e+03 5.954182233347715680e-01 4.045817766645423141e-01
1.602500000000000000e+03 8.463729095246768086e-01 1.536270904746339094e-01
1.605000000000000000e+03 9.170545738209209263e-01 8.294542617838979170e-02
1.607500000000000000e+03 7.686729732114919722e-01 2.313270267878132502e-01
1.610000000000000000e+03 4.776544283031854410e-01 5.223455716961173945e-01
1.612500000000000000e+03 1.964773778080429467e-01 8.035226221912611377e-01
1.615000000000000000e+03 7.512969348368854494e-02 9.248703065156079761e-01
1.617500000000000000e+03 1.820849071716131307e-01 8.179150928276890387e-01
1.620000000000000000e+03 4.651208719763706423e-01 5.348791280229261424e-01
1.622500000000000000e+03 7.748434207390110240e-01 2.251565792602832627e-01
1.625000000000000000e+03 9.425477857627915235e-01 5.745221423649830156e-02
1.627500000000000000e+03 8.728611231723396591e-01 1.271388768269489655e-01
1.630000000000000000e+03 5.992974072466150659e-01 4.007025927526715048e-01
1.632500000000000000e+03 2.687930889615836594e-01 7.312069110377030778e-01
1.635000000000000000e+03 6.173129585236030586e-02 9.382687041469219835e-01
1.637500000000000000e+03 9.230537751409101377e-02 9.076946224851949463e-01
1.640000000000000000e+03 3.456833199219311870e-01 6.543166800773516645e-01
1.642500000000000000e+03 6.863610161347034611e-01 3.136389838645807226e-01
1.645000000000000000e+03 9.314466771992543359e-01 6.855332280002671141e-02
1.647500000000000000e+03 9.483217384586397625e-01 5.167826154064154853e-02
1.650000000000000000e+03 7.253881434617777124e-01 2.746118565375040843e-01
1.652500000000000000e+03 3.796126403529933580e-01 6.203873596462878837e-01
1.655000000000000000e+03 9.630330771768891296e-02 9.036966922815892200e-01
1.657500000000000000e+03 3.070547507894753197e-02 9.692945249203299696e-01
1.660000000000000000e+03 2.223523507224249851e-01 7.776476492768483739e-01
1.662500000000000000e+03 5.698275164050081720e-01 4.301724835942635217e-01
1.665000000000000000e+03 8.834489008776262864e-01 1.165510991216451436e-01
1.667500000000000000e+03 9.895698439963028781e-01 1.043015600296442330e-02
1.670000000000000000e+03 8.282013597685330408e-01 1.717986402307323524e-01
1.672500000000000000e+03 4.873786395307259101e-01 5.126213604685394554e-01
1.675000000000000000e+03 1.541324303372633986e-01 8.458675696620000517e-01
1.677500000000000000e+03 1.063232071612682864e-02 9.893676792831365141e-01
1.680000000000000000e+03 1.346620673907823473e-01 8.653379326084811307e-01
1.682500000000000000e+03 4.587325457921831440e-01 5.412674542070775585e-01
1.685000000000000000e+03 8.077673879570524962e-01 1.922326120422048756e-01
1.687500000000000000e+03 9.932949070667951297e-01 6.705092932462037442e-03
1.690000000000000000e+03 9.141734954011513370e-01 8.582650459810792221e-02
1.692500000000000000e+03 6.114737513638300870e-01 3.885262486354274514e-01
1.695000000000000000e+03 2.480989070280112119e-01 7.519010929712490743e-01
1.697500000000000000e+03 2.197119090032614505e-02 9.780288090989284200e-01
1.700000000000000000e+03 5.771858477319136843e-02 9.422814152260585718e-01
1.702500000000000000e+03 3.364372187684997462e-01 6.635627812307458573e-01
1.705000000000000000e+03 7.047607047641213374e-01 2.952392952351237110e-01
1.707500000000000000e+03 9.600092830838860003e-01 3.999071691536104645e-02
1.710000000000000000e+03 9.632781348442266411e-01 3.672186515501770637e-02
1.712500000000000000e+03 7.156411827602883191e-01 2.843588172389517332e-01
1.715000000000000000e+03 3.550765004592590368e-01 6.449234995399811821e-01
1.717500000000000000e+03 7.836380446553774248e-02 9.216361955337031286e-01
1.720000000000000000e+03 3.366855553523560168e-02 9.663314444639992118e-01
1.722500000000000000e+03 2.424925780976726064e-01 7.575074219015667243e-01
1.725000000000000000e+03 5.905654267428561699e-01 4.094345732563822171e-01
1.727500000000000000e+03 8.900756613931887218e-01 1.099243386060473615e-01
1.730000000000000000e+03 9.799060135988075793e-01 2.009398640042923262e-02
1.732500000000000000e+03 8.118442435474718666e-01 1.881557564517639947e-01
1.735000000000000000e+03 4.771825892280899817e-01 5.228174107711476282e-01
1.737500000000000000e+03 1.579835287784570053e-01 8.420164712207777180e-01
1.740000000000000000e+03 2.767488426924492526e-02 9.723251157299943603e-01
1.742500000000000000e+03 1.554044842191753262e-01 8.445955157800595359e-01
1.745000000000000000e+03 4.684981291324980535e-01 5.315018708667367253e-01
1.747500000000000000e+03 7.944865424113884966e-01 2.055134575878436731e-01
1.750000000000000000e+03 9.576889479023780183e-01 4.231105209685157714e-02
1.752500000000000000e+03 8.745666821966379123e-01 1.254333178025942019e-01
1.755000000000000000e+03 5.954232218534778465e-01 4.045767781457530465e-01
1.757500000000000000e+03 2.729632081329991800e-01 7.270367918662293816e-01
1.760000000000000000e+03 7.864677439654790825e-02 9.213532256026791822e-01
1.762500000000000000e+03 1.128058789607758183e-01 8.871941210384519660e-01
1.765000000000000000e+03 3.541144156149089173e-01 6.458855843843184230e-01
1.767500000000000000e+03 6.724422744385702977e-01 3.275577255606543225e-01
1.770000000000000000e+03 8.978443101621582656e-01 1.021556898370678257e-01
1.772500000000000000e+03 9.106085832524825063e-01 8.939141674674366822e-02
1.775000000000000000e+03 7.053926300954643791e-01 2.946073699037612403e-01
1.777500000000000000e+03 3.941822379687571765e-01 6.058177620304675548e-01
1.780000000000000000e+03 1.450365073761334389e-01 8.549634926230937904e-01
1.782500000000000000e+03 9.010302186355013954e-02 9.098969781356743836e-01
1.785000000000000000e+03 2.547414700218733064e-01 7.452585299773520910e-01
1.787500000000000000e+03 5.468879885431023880e-01 4.531120114561246748e-01
1.790000000000000000e+03 8.100535850963865858e-01 1.899464149028425031e-01
1.792500000000000000e+03 9.078429682283697399e-01 9.215703177085526887e-02
1.795000000000000000e+03 7.936065423643879901e-01 2.063934576348379346e-01
1.797500000000000000e+03 5.308947075994165932e-01 4.691052923998088597e-01
1.800000000000000000e+03 2.579116999300339330e-01 7.420883000691915754e-01
1.802500000000000000e+03 1.160869957545520581e-01 8.839130042446714519e-01
1.805000000000000000e+03 1.781533431129833922e-01 8.218466568862418109e-01
1.807500000000000000e+03 4.107753392858482511e-01 5.892246607133793113e-01
1.810000000000000000e+03 6.911760529538111264e-01 3.088239470454173241e-01
1.812500000000000000e+03 8.710486878115711873e-01 1.289513121876555701e-01
1.815000000000000000e+03 8.554335997203859066e-01 1.445664002788417668e-01
1.817500000000000000e+03 6.538400264059587297e-01 3.461599735932666677e-01
1.820000000000000000e+03 3.746229022580890300e-01 6.253770977411345910e-01
1.822500000000000000e+03 1.657066368342773877e-01 8.342933631649455117e-01
1.825000000000000000e+03 1.354579858710592555e-01 8.645420141281570103e-01
1.827500000000000000e+03 2.972009423485704183e-01 7.027990576506442100e-01
1.830000000000000000e+03 5.651412129252081362e-01 4.348587870740059924e-01
1.832500000000000000e+03 8.005580913183141245e-01 1.994419086808976727e-01
1.835000000000000000e+03 8.825834034283598362e-01 1.174165965708511700e-01
1.837500000000000000e+03 7.686159687878988400e-01 2.313840312113107089e-01
1.840000000000000000e+03 5.160806708776850549e-01 4.839193291215239667e-01
1.842500000000000000e+03 2.548131631238456096e-01 7.451868368753608030e-01
1.845000000000000000e+03 1.217306442648740661e-01 8.782693557343355106e-01
1.847500000000000000e+03 1.890021109069665861e-01 8.109978890922435735e-01
1.850000000000000000e+03 4.235616822213219557e-01 5.764383177778894529e-01
1.852500000000000000e+03 7.022048820437776229e-01 2.977951179554334527e-01
1.855000000000000000e+03 8.766654614610169816e-01 1.233345385381942327e-01
1.857500000000000000e+03 8.536383738419608402e-01 1.463616261572489585e-01
1.860000000000000000e+03 6.450136963016777081e-01 3.549863036975297037e-01
1.862500000000000000e+03 3.608830387954213292e-01 6.391169612037846948e-01
1.865000000000000000e+03 1.506700935837818056e-01 8.493299064154269384e-01
1.867500000000000000e+03 1.250920841086184399e-01 8.749079158905862519e-01
1.870000000000000000e+03 2.992602229096347211e-01 7.007397770895690270e-01
1.872500000000000000e+03 5.844983825437831682e-01 4.155016174554228559e-01
1.875000000000000000e+03 8.324255227910142274e-01 1.675744772081882161e-01
1.877500000000000000e+03 9.104991084490500208e-01 8.950089155015353293e-02
1.880000000000000000e+03 7.724316833810337402e-01 2.275683166181706463e-01
1.882500000000000000e+03 4.865330000270124966e-01 5.134669999721925837e-01
1.885000000000000000e+03 2.034831904368489819e-01 7.965168095623551547e-01
1.887500000000000000e+03 7.686424475129355338e-02 9.231357552479142470e-01
1.890000000000000000e+03 1.784389492498640872e-01 8.215610507493458226e-01
1.892500000000000000e+03 4.564757840768475794e-01 5.435242159223656611e-01
1.895000000000000000e+03 7.623912958703835674e-01 2.376087041288294510e-01
1.897500000000000000e+03 9.314263376142286610e-01 6.857366238498495414e-02
1.900000000000000000e+03 8.719402360919837891e-01 1.280597639072266203e-01
1.902500000000000000e+03 6.143675663879041293e-01 3.856324336113042817e-01
1.905000000000000000e+03 2.948436499470604710e-01 7.051563500521471628e-01
1.907500000000000000e+03 8.360027039741588228e-02 9.163997296017900585e-01
1.910000000000000000e+03 9.552687683919715289e-02 9.044731231600087185e-01
1.912500000000000000e+03 3.283455068582849523e-01 6.716544931409206276e-01
1.915000000000000000e+03 6.607155111220025523e-01 3.392844888772056366e-01
1.917500000000000000e+03 9.138296687527162065e-01 8.617033124648984521e-02
1.920000000000000000e+03 9.470991139973284900e-01 5.290088600187495965e-02
1.922500000000000000e+03 7.372645058488039860e-01 2.627354941504037589e-01
1.925000000000000000e+03 3.951455281506163764e-01 6.048544718485898697e-01
1.927500000000000000e+03 1.071033934499592832e-01 8.928966065492431881e-01
1.930000000000000000e+03 3.214152946032278885e-02 9.678584705388793008e-01
1.932500000000000000e+03 2.130284022609802430e-01 7.869715977382205629e-01
1.935000000000000000e+03 5.523548622460966451e-01 4.476451377531020515e-01
1.937500000000000000e+03 8.663904345510892169e-01 1.336095654481104233e-01
1.940000000000000000e+03 9.853149198360680039e-01 1.468508016313043590e-02
1.942500000000000000e+03 8.444401080582029095e-01 1.555598919409921788e-01
1.945000000000000000e+03 5.184721008729820113e-01 4.815278991262119668e-01
1.947500000000000000e+03 1.820253009397074240e-01 8.179746990594813916e-01
1.950000000000000000e+03 1.717713957153227736e-02 9.828228604276565417e-01
1.952500000000000000e+03 1.155759160115875095e-01 8.844240839876035265e-01
1.955000000000000000e+03 4.267132062819539717e-01 5.732867937172391182e-01
1.957500000000000000e+03 7.822400640100986013e-01 2.177599359890936281e-01
1.960000000000000000e+03 9.865158784863321539e-01 1.348412151285857327e-02
1.962500000000000000e+03 9.252945483267551730e-01 7.470545167243386464e-02
1.965000000000000000e+03 6.309205465835413529e-01 3.690794534156501827e-01
1.967500000000000000e+03 2.652828549841436678e-01 7.347171450150441485e-01
1.970000000000000000e+03 2.945155676314390250e-02 9.705484432360453884e-01
1.972500000000000000e+03 5.197243479308873843e-02 9.480275652061048719e-01
1.975000000000000000e+03 3.191959935527910464e-01 6.808040064463984908e-01
1.977500000000000000e+03 6.849461194658683638e-01 3.150538805333187864e-01
1.980000000000000000e+03 9.513702852075063277e-01 4.862971479167830374e-02
1.982500000000000000e+03 9.754334834842495194e-01 2.456651651493406072e-02
1.985000000000000000e+03 7.446831991779639948e-01 2.553168008212161610e-01
1.987500000000000000e+03 3.835818194307866191e-01 6.164181805683981441e-01
1.990000000000000000e+03 8.730680039231068779e-02 9.126931996068755604e-01
1.992500000000000000e+03 1.691726387897657391e-02 9.830827361202147952e-01
1.995000000000000000e+03 2.111056907159003238e-01 7.888943092832891857e-01
1.997500000000000000e+03 5.634782861779304985e-01 4.365217138212517112e-01
2.000000000000000000e+03 8.802946732799922236e-01 1.197053267191877657e-01
