0.000000000000000000e+00 0.000000000000000000e+00
2.500000000000000000e+00 4.957976863508362321e-06
5.000000000000000000e+00 6.539390777245696475e-05
7.500000000000000000e+00 2.482024558674973897e-04
1.000000000000000000e+01 5.139835811261292886e-04
1.250000000000000000e+01 7.246266545717753877e-04
1.500000000000000000e+01 7.576787830955000313e-04
1.750000000000000000e+01 6.413150057401936343e-04
2.000000000000000000e+01 5.293185742456083974e-04
2.250000000000000000e+01 5.512834265998988121e-04
2.500000000000000000e+01 6.943988144348078309e-04
2.750000000000000000e+01 8.288815970174167940e-04
3.000000000000000000e+01 8.401704081082042412e-04
3.250000000000000000e+01 7.408804916735273801e-04
3.500000000000000000e+01 6.361258187689449763e-04
3.750000000000000000e+01 5.960506836690667668e-04
4.000000000000000000e+01 5.987729630085812096e-04
4.250000000000000000e+01 5.987662047274331734e-04
4.500000000000000000e+01 6.325571736797482719e-04
4.750000000000000000e+01 8.050208369473587896e-04
5.000000000000000000e+01 1.149803488082014281e-03
5.250000000000000000e+01 1.556220294086511956e-03
5.500000000000000000e+01 1.822913992421547943e-03
5.750000000000000000e+01 1.854443642147370975e-03
6.000000000000000000e+01 1.733623125254255427e-03
6.250000000000000000e+01 1.644551825580197043e-03
6.500000000000000000e+01 1.706707261094541402e-03
6.750000000000000000e+01 1.885786587586770445e-03
7.000000000000000000e+01 2.056562142796056723e-03
7.250000000000000000e+01 2.145844988953691124e-03
7.500000000000000000e+01 2.177672527419549729e-03
7.750000000000000000e+01 2.213479924856069300e-03
8.000000000000000000e+01 2.256279074670691862e-03
8.250000000000000000e+01 2.265320233703154405e-03
8.500000000000000000e+01 2.255604923542341156e-03
8.750000000000000000e+01 2.344748497399038855e-03
9.000000000000000000e+01 2.647837557430556682e-03
9.250000000000000000e+01 3.140502669880360261e-03
9.500000000000000000e+01 3.616529550631051877e-03
9.750000000000000000e+01 3.871091389158738336e-03
1.000000000000000000e+02 3.850267870893947335e-03
1.025000000000000000e+02 3.701112429466849128e-03
1.050000000000000000e+02 3.628441215021559196e-03
1.075000000000000000e+02 3.725301162164291850e-03
1.100000000000000000e+02 3.935157281192526620e-03
1.125000000000000000e+02 4.154266604204765422e-03
1.150000000000000000e+02 4.327815705806136240e-03
1.175000000000000000e+02 4.472979149995510127e-03
1.200000000000000000e+02 4.590343101005094247e-03
1.225000000000000000e+02 4.640474841763856870e-03
1.250000000000000000e+02 4.606496181486787259e-03
1.275000000000000000e+02 4.584220439534087040e-03
1.300000000000000000e+02 4.743090958270848242e-03
1.325000000000000000e+02 5.171511741197438658e-03
1.350000000000000000e+02 5.742755598768633195e-03
1.375000000000000000e+02 6.209460802842523344e-03
1.400000000000000000e+02 6.371788549010133987e-03
1.425000000000000000e+02 6.258016877044272203e-03
1.450000000000000000e+02 6.070381596601063384e-03
1.475000000000000000e+02 6.006185957679986351e-03
1.500000000000000000e+02 6.125957744287134979e-03
1.525000000000000000e+02 6.362221636345411629e-03
1.550000000000000000e+02 6.620186880699096242e-03
1.575000000000000000e+02 6.863721284041500101e-03
1.600000000000000000e+02 7.069231150583995399e-03
1.625000000000000000e+02 7.191294858706576316e-03
1.650000000000000000e+02 7.176432501675207402e-03
1.675000000000000000e+02 7.068283196865869818e-03
1.700000000000000000e+02 7.039167041318339195e-03
1.725000000000000000e+02 7.271109315306057731e-03
1.750000000000000000e+02 7.773563050783759837e-03
1.775000000000000000e+02 8.348750593157093156e-03
1.800000000000000000e+02 8.706482028708023568e-03
1.825000000000000000e+02 8.720544523593108319e-03
1.850000000000000000e+02 8.497046738296534438e-03
1.875000000000000000e+02 8.267954684826547135e-03
1.900000000000000000e+02 8.209833196117377260e-03
1.925000000000000000e+02 8.342203706241838740e-03
1.950000000000000000e+02 8.585921629066817565e-03
1.975000000000000000e+02 8.869510093504289969e-03
2.000000000000000000e+02 9.140205902120867795e-03
2.025000000000000000e+02 9.342564598201666404e-03
2.050000000000000000e+02 9.390652158192921636e-03
2.075000000000000000e+02 9.260687385839055236e-03
2.100000000000000000e+02 9.072858221748155913e-03
2.125000000000000000e+02 9.045735364300823075e-03
2.150000000000000000e+02 9.328329789792541918e-03
2.175000000000000000e+02 9.849281867869635193e-03
2.200000000000000000e+02 1.032718466779676374e-02
2.225000000000000000e+02 1.051014755273448759e-02
2.250000000000000000e+02 1.034894477028145202e-02
2.275000000000000000e+02 1.002090992103774406e-02
2.300000000000000000e+02 9.768687071447883924e-03
2.325000000000000000e+02 9.714288462321439555e-03
2.350000000000000000e+02 9.842882990972846163e-03
2.375000000000000000e+02 1.008097516966023968e-02
2.400000000000000000e+02 1.035872748212854355e-02
2.425000000000000000e+02 1.061462468335370481e-02
2.450000000000000000e+02 1.074521201245143796e-02
2.475000000000000000e+02 1.066495888729265991e-02
2.500000000000000000e+02 1.040448057896510223e-02
2.525000000000000000e+02 1.014746119219316935e-02
2.550000000000000000e+02 1.013115558271185032e-02
2.575000000000000000e+02 1.043804358957784416e-02
2.600000000000000000e+02 1.089585475496037889e-02
2.625000000000000000e+02 1.121064223695856371e-02
2.650000000000000000e+02 1.118071625634994501e-02
2.675000000000000000e+02 1.085614414193650581e-02
2.700000000000000000e+02 1.046574964568168682e-02
2.725000000000000000e+02 1.020883957553212970e-02
2.750000000000000000e+02 1.015867077835618144e-02
2.775000000000000000e+02 1.027290290382245827e-02
2.800000000000000000e+02 1.048483245288184262e-02
2.825000000000000000e+02 1.073668392271942031e-02
2.850000000000000000e+02 1.093077470490260751e-02
2.875000000000000000e+02 1.094605051603459410e-02
2.900000000000000000e+02 1.071764131031005367e-02
2.925000000000000000e+02 1.033663490899995076e-02
2.950000000000000000e+02 1.004463278979308462e-02
2.975000000000000000e+02 1.004455642929995111e-02
3.000000000000000000e+02 1.033121704459570057e-02
3.025000000000000000e+02 1.067168612681450995e-02
3.050000000000000000e+02 1.077818491045684328e-02
3.075000000000000000e+02 1.054922087946415406e-02
3.100000000000000000e+02 1.012159503614836267e-02
3.125000000000000000e+02 9.715288092188127667e-03
3.150000000000000000e+02 9.483051934681239678e-03
3.175000000000000000e+02 9.434782512913833866e-03
3.200000000000000000e+02 9.524364221474771255e-03
3.225000000000000000e+02 9.705876779168806298e-03
3.250000000000000000e+02 9.910252564327972843e-03
3.275000000000000000e+02 1.002014981424244160e-02
3.300000000000000000e+02 9.903804337317627382e-03
3.325000000000000000e+02 9.537330112897875189e-03
3.350000000000000000e+02 9.084425003560955489e-03
3.375000000000000000e+02 8.789652901729578388e-03
3.400000000000000000e+02 8.806342176786944448e-03
3.425000000000000000e+02 9.040372834887420994e-03
3.450000000000000000e+02 9.220139987884470867e-03
3.475000000000000000e+02 9.128732526033855876e-03
3.500000000000000000e+02 8.767143897338593866e-03
3.525000000000000000e+02 8.309475330806809223e-03
3.550000000000000000e+02 7.950823850589089706e-03
3.575000000000000000e+02 7.756776034687135057e-03
3.600000000000000000e+02 7.710454162166110667e-03
3.625000000000000000e+02 7.777704852982643587e-03
3.650000000000000000e+02 7.928220462121382539e-03
3.675000000000000000e+02 8.086015744872570091e-03
3.700000000000000000e+02 8.106160034006444637e-03
3.725000000000000000e+02 7.871097582064315659e-03
3.750000000000000000e+02 7.417850736605575285e-03
3.775000000000000000e+02 6.941870533030153161e-03
3.800000000000000000e+02 6.685613647381119171e-03
3.825000000000000000e+02 6.713659240699648006e-03
3.850000000000000000e+02 6.864239436672076380e-03
3.875000000000000000e+02 6.886687885163564685e-03
3.900000000000000000e+02 6.656172300041462292e-03
3.925000000000000000e+02 6.251231402865121793e-03
3.950000000000000000e+02 5.857421460137002094e-03
3.975000000000000000e+02 5.582158273063401142e-03
4.000000000000000000e+02 5.437748904911129597e-03
4.025000000000000000e+02 5.393813522623957038e-03
4.050000000000000000e+02 5.448301987909145994e-03
4.075000000000000000e+02 5.585251246782971940e-03
4.100000000000000000e+02 5.705013257267129573e-03
4.125000000000000000e+02 5.653938249574668937e-03
4.150000000000000000e+02 5.345236954387914789e-03
4.175000000000000000e+02 4.858828453685052132e-03
4.200000000000000000e+02 4.426905528115561775e-03
4.225000000000000000e+02 4.228938092419948225e-03
4.250000000000000000e+02 4.258106828834728498e-03
4.275000000000000000e+02 4.321237835587312358e-03
4.300000000000000000e+02 4.227014181437112154e-03
4.325000000000000000e+02 3.946690045213863997e-03
4.350000000000000000e+02 3.609725509056426179e-03
4.375000000000000000e+02 3.339444347046995748e-03
4.400000000000000000e+02 3.171716874411746340e-03
4.425000000000000000e+02 3.070991769224478297e-03
4.450000000000000000e+02 3.035623357792179445e-03
4.475000000000000000e+02 3.097927430846312506e-03
4.500000000000000000e+02 3.241208433477288983e-03
4.525000000000000000e+02 3.347729670511792599e-03
4.550000000000000000e+02 3.260166438571609256e-03
4.575000000000000000e+02 2.926174142702026547e-03
4.600000000000000000e+02 2.479268466213072671e-03
4.625000000000000000e+02 2.127888130344711675e-03
4.650000000000000000e+02 1.999969777292848888e-03
4.675000000000000000e+02 2.021114221144266598e-03
4.700000000000000000e+02 2.014945227434236999e-03
4.725000000000000000e+02 1.876313768145637054e-03
4.750000000000000000e+02 1.656279289336654546e-03
4.775000000000000000e+02 1.465660875312742566e-03
4.800000000000000000e+02 1.355752312956703086e-03
4.825000000000000000e+02 1.283851944930523500e-03
4.850000000000000000e+02 1.217926447475021264e-03
4.875000000000000000e+02 1.199262549221754648e-03
4.900000000000000000e+02 1.291410630656464331e-03
4.925000000000000000e+02 1.468930637194748806e-03
4.950000000000000000e+02 1.586918685332577243e-03
4.975000000000000000e+02 1.499888385289145859e-03
5.000000000000000000e+02 1.199727942206473257e-03
5.025000000000000000e+02 8.329984226321281290e-04
5.050000000000000000e+02 5.892746118390372080e-04
5.075000000000000000e+02 5.201572791367800293e-04
5.100000000000000000e+02 5.308893924350021297e-04
5.125000000000000000e+02 4.980835160903356908e-04
5.150000000000000000e+02 4.049340336199837732e-04
5.175000000000000000e+02 3.302614065567007818e-04
5.200000000000000000e+02 3.326687333943430789e-04
5.225000000000000000e+02 3.702737038175847898e-04
5.250000000000000000e+02 3.643429755708116097e-04
5.275000000000000000e+02 3.164098921706232125e-04
5.300000000000000000e+02 3.249028158972633936e-04
5.325000000000000000e+02 4.708006585298959838e-04
5.350000000000000000e+02 6.999759611139249162e-04
5.375000000000000000e+02 8.536829318929199575e-04
5.400000000000000000e+02 8.007409266355815063e-04
5.425000000000000000e+02 5.666153922947673310e-04
5.450000000000000000e+02 3.097759123645683161e-04
5.475000000000000000e+02 1.622615145368130559e-04
5.500000000000000000e+02 1.349298470162019366e-04
5.525000000000000000e+02 1.437801928837399951e-04
5.550000000000000000e+02 1.403433378584741293e-04
5.575000000000000000e+02 1.687720119612561530e-04
5.600000000000000000e+02 2.897052205449968348e-04
5.625000000000000000e+02 4.767396750357422055e-04
5.650000000000000000e+02 6.126959012083002748e-04
5.675000000000000000e+02 6.259351167915582935e-04
5.700000000000000000e+02 5.807888264241166908e-04
5.725000000000000000e+02 6.267000730340345493e-04
5.750000000000000000e+02 8.387427669246946089e-04
5.775000000000000000e+02 1.133393733231364414e-03
5.800000000000000000e+02 1.329005148237365815e-03
5.825000000000000000e+02 1.325012522375308135e-03
5.850000000000000000e+02 1.174888488900221106e-03
5.875000000000000000e+02 1.015938533728441085e-03
5.900000000000000000e+02 9.395438542557193714e-04
5.925000000000000000e+02 9.325170710016320941e-04
5.950000000000000000e+02 9.569475414997767517e-04
5.975000000000000000e+02 1.035613104325298515e-03
6.000000000000000000e+02 1.230914438181214890e-03
6.025000000000000000e+02 1.546928755795127369e-03
6.050000000000000000e+02 1.858361819421578331e-03
6.075000000000000000e+02 2.020139816963123242e-03
6.100000000000000000e+02 2.002352275685789079e-03
6.125000000000000000e+02 1.947309747525867527e-03
6.150000000000000000e+02 2.037426836172329028e-03
6.175000000000000000e+02 2.323227513416863035e-03
6.200000000000000000e+02 2.670283336880009423e-03
6.225000000000000000e+02 2.903015584591439168e-03
6.250000000000000000e+02 2.943643529402585265e-03
6.275000000000000000e+02 2.862558496114391612e-03
6.300000000000000000e+02 2.772924910225448795e-03
6.325000000000000000e+02 2.726751943306392114e-03
6.350000000000000000e+02 2.723885943899641716e-03
6.375000000000000000e+02 2.785077116942050179e-03
6.400000000000000000e+02 2.978102244391973505e-03
6.425000000000000000e+02 3.347060325163419853e-03
6.450000000000000000e+02 3.798381072469022082e-03
6.475000000000000000e+02 4.148090289220023909e-03
6.500000000000000000e+02 4.250155762247796384e-03
6.525000000000000000e+02 4.160255601735415691e-03
6.550000000000000000e+02 4.092411071725446554e-03
6.575000000000000000e+02 4.232006605218062260e-03
6.600000000000000000e+02 4.573671484279864113e-03
6.625000000000000000e+02 4.953827530470151369e-03
6.650000000000000000e+02 5.194647726141179457e-03
6.675000000000000000e+02 5.258897870863425000e-03
6.700000000000000000e+02 5.216477112990355533e-03
6.725000000000000000e+02 5.149019396283380581e-03
6.750000000000000000e+02 5.095450443472863966e-03
6.775000000000000000e+02 5.087240695603288329e-03
6.800000000000000000e+02 5.199784204932617580e-03
6.825000000000000000e+02 5.517238511420182075e-03
6.850000000000000000e+02 6.011297391004346603e-03
6.875000000000000000e+02 6.514051420063871577e-03
6.900000000000000000e+02 6.791228174607092521e-03
6.925000000000000000e+02 6.765307657390151781e-03
6.950000000000000000e+02 6.584822389409845239e-03
6.975000000000000000e+02 6.508908194402186070e-03
7.000000000000000000e+02 6.690378349032015393e-03
7.025000000000000000e+02 7.065217301891422823e-03
7.050000000000000000e+02 7.432245046802776582e-03
7.075000000000000000e+02 7.652444806429131371e-03
7.100000000000000000e+02 7.707671274788531479e-03
7.125000000000000000e+02 7.662125430050351765e-03
7.150000000000000000e+02 7.572880101745217002e-03
7.175000000000000000e+02 7.481390123693781001e-03
7.200000000000000000e+02 7.465595359952646032e-03
7.225000000000000000e+02 7.637796538554993651e-03
7.250000000000000000e+02 8.049259701227488850e-03
7.275000000000000000e+02 8.601167942287990531e-03
7.300000000000000000e+02 9.037434435804039129e-03
7.325000000000000000e+02 9.155316383717509304e-03
7.350000000000000000e+02 8.963161801433170567e-03
7.375000000000000000e+02 8.695603353517159656e-03
7.400000000000000000e+02 8.624473260685900505e-03
7.425000000000000000e+02 8.835441055956013562e-03
7.450000000000000000e+02 9.195903842234015232e-03
7.475000000000000000e+02 9.515104490070900450e-03
7.500000000000000000e+02 9.679023095760103113e-03
7.525000000000000000e+02 9.695674559513990307e-03
7.550000000000000000e+02 9.610325982733640415e-03
7.575000000000000000e+02 9.462990687947824692e-03
7.600000000000000000e+02 9.320888675737505277e-03
7.625000000000000000e+02 9.300959424819000426e-03
7.650000000000000000e+02 9.522432900651573232e-03
7.675000000000000000e+02 9.986057269904469874e-03
7.700000000000000000e+02 1.049169628854622512e-02
7.725000000000000000e+02 1.077050651344261915e-02
7.750000000000000000e+02 1.067198192474070294e-02
7.775000000000000000e+02 1.031376888487690706e-02
7.800000000000000000e+02 9.994256486828839367e-03
7.825000000000000000e+02 9.937595788105550026e-03
7.850000000000000000e+02 1.014876039287778038e-02
7.875000000000000000e+02 1.046030692164072809e-02
7.900000000000000000e+02 1.069411901368667525e-02
7.925000000000000000e+02 1.078543255187885096e-02
7.950000000000000000e+02 1.074270947445218373e-02
7.975000000000000000e+02 1.059127551128329937e-02
8.000000000000000000e+02 1.037280485286107973e-02
8.025000000000000000e+02 1.017958228501556796e-02
8.050000000000000000e+02 1.016277327902925971e-02
8.075000000000000000e+02 1.041859636118329206e-02
8.100000000000000000e+02 1.086136868895893302e-02
8.125000000000000000e+02 1.124130875417430307e-02
8.150000000000000000e+02 1.129419909986775425e-02
8.175000000000000000e+02 1.097441104516229567e-02
8.200000000000000000e+02 1.050109893831993949e-02
8.225000000000000000e+02 1.016715689657829089e-02
8.250000000000000000e+02 1.013073561312065329e-02
8.275000000000000000e+02 1.031758837643458049e-02
8.300000000000000000e+02 1.054516355224055339e-02
8.325000000000000000e+02 1.068662982590866568e-02
8.350000000000000000e+02 1.070218656328785628e-02
8.375000000000000000e+02 1.059497329934202051e-02
8.400000000000000000e+02 1.037472946229743911e-02
8.425000000000000000e+02 1.008567488617319666e-02
8.450000000000000000e+02 9.861437822419886340e-03
8.475000000000000000e+02 9.854980961609272408e-03
8.500000000000000000e+02 1.011189122771743651e-02
8.525000000000000000e+02 1.047831570163431855e-02
8.550000000000000000e+02 1.066528419705062639e-02
8.575000000000000000e+02 1.048261724389377980e-02
8.600000000000000000e+02 9.997096285394769036e-03
8.625000000000000000e+02 9.471858397216099956e-03
8.650000000000000000e+02 9.172418999252184360e-03
8.675000000000000000e+02 9.152685938249761552e-03
8.700000000000000000e+02 9.290267705922795535e-03
8.725000000000000000e+02 9.430380485488774542e-03
8.750000000000000000e+02 9.489311877993785588e-03
8.775000000000000000e+02 9.447924414029444315e-03
8.800000000000000000e+02 9.291535368042353610e-03
8.825000000000000000e+02 9.011405729580181101e-03
8.850000000000000000e+02 8.679728853626346094e-03
8.875000000000000000e+02 8.445570646494678438e-03
8.900000000000000000e+02 8.453844817472910833e-03
8.925000000000000000e+02 8.685637527051705623e-03
8.950000000000000000e+02 8.923064527663986806e-03
8.975000000000000000e+02 8.905120636464520720e-03
9.000000000000000000e+02 8.535753747325201812e-03
9.025000000000000000e+02 7.963952762628699611e-03
9.050000000000000000e+02 7.475085821653117309e-03
9.075000000000000000e+02 7.235620448341039540e-03
9.100000000000000000e+02 7.226458680381508785e-03
9.125000000000000000e+02 7.310135810944007849e-03
9.150000000000000000e+02 7.376802441760726102e-03
9.175000000000000000e+02 7.389323253569376158e-03
9.200000000000000000e+02 7.326102214211179312e-03
9.225000000000000000e+02 7.144285590253716782e-03
9.250000000000000000e+02 6.836582562303327934e-03
9.275000000000000000e+02 6.488718630939679932e-03
9.300000000000000000e+02 6.275105955973802295e-03
9.325000000000000000e+02 6.298208848685885042e-03
9.350000000000000000e+02 6.476188255829818177e-03
9.375000000000000000e+02 6.573952317714215274e-03
9.400000000000000000e+02 6.386099019504646278e-03
9.425000000000000000e+02 5.912347746735386288e-03
9.450000000000000000e+02 5.367251252891660704e-03
9.475000000000000000e+02 4.970846956261498924e-03
9.500000000000000000e+02 4.810571721885977675e-03
9.525000000000000000e+02 4.805174666688483663e-03
9.550000000000000000e+02 4.843908185660515675e-03
9.575000000000000000e+02 4.876815078262967777e-03
9.600000000000000000e+02 4.892115120544045063e-03
9.625000000000000000e+02 4.847840468680031378e-03
9.650000000000000000e+02 4.675859049080857525e-03
9.675000000000000000e+02 4.366279094929357597e-03
9.700000000000000000e+02 4.041898322546796929e-03
9.725000000000000000e+02 3.865231023844724161e-03
9.750000000000000000e+02 3.899858602355481003e-03
9.775000000000000000e+02 4.017431167280749275e-03
9.800000000000000000e+02 3.995161122209880782e-03
9.825000000000000000e+02 3.709233839866602194e-03
9.850000000000000000e+02 3.247991779028765527e-03
9.875000000000000000e+02 2.809816339235212106e-03
9.900000000000000000e+02 2.551305850608802817e-03
9.925000000000000000e+02 2.463936645440941483e-03
9.950000000000000000e+02 2.459809774463635884e-03
9.975000000000000000e+02 2.480798237159837546e-03
1.000000000000000000e+03 2.530795556121076886e-03
1.002500000000000000e+03 2.602339729516937698e-03
1.005000000000000000e+03 2.615160130174910835e-03
1.007500000000000000e+03 2.475582500316923784e-03
1.010000000000000000e+03 2.196360551159936766e-03
1.012500000000000000e+03 1.914529558183849286e-03
1.015000000000000000e+03 1.789321889596566734e-03
1.017500000000000000e+03 1.833274801897923252e-03
1.020000000000000000e+03 1.897753349194979209e-03
1.022500000000000000e+03 1.807116813497160147e-03
1.025000000000000000e+03 1.523609024169346416e-03
1.027500000000000000e+03 1.165879896973675981e-03
1.030000000000000000e+03 8.999745686046776647e-04
1.032500000000000000e+03 7.780562318388599104e-04
1.035000000000000000e+03 7.479046926960312590e-04
1.037500000000000000e+03 7.470761409309198756e-04
1.040000000000000000e+03 7.869544885647702112e-04
1.042500000000000000e+03 9.092064470245683717e-04
1.045000000000000000e+03 1.077422867161242307e-03
1.047500000000000000e+03 1.167620257516704431e-03
1.050000000000000000e+03 1.074135386624658220e-03
1.052500000000000000e+03 8.340733908072887198e-04
1.055000000000000000e+03 6.125794231080347509e-04
1.057500000000000000e+03 5.381125492056281195e-04
1.060000000000000000e+03 5.912056363140649447e-04
1.062500000000000000e+03 6.300617458699428594e-04
1.065000000000000000e+03 5.411586273607987526e-04
1.067500000000000000e+03 3.454512136497631743e-04
1.070000000000000000e+03 1.642596871332027545e-04
1.072500000000000000e+03 7.762788328989907540e-05
1.075000000000000000e+03 6.601594467554885667e-05
1.077500000000000000e+03 6.491924390870777196e-05
1.080000000000000000e+03 7.536044184758052000e-05
1.082500000000000000e+03 1.760005914315222416e-04
1.085000000000000000e+03 4.100571308205370959e-04
1.087500000000000000e+03 6.951251376491525977e-04
1.090000000000000000e+03 8.554639287051486914e-04
1.092500000000000000e+03 7.984332969504863127e-04
1.095000000000000000e+03 6.017598829102444773e-04
1.097500000000000000e+03 4.356929590265906736e-04
1.100000000000000000e+03 4.077589527403167424e-04
1.102500000000000000e+03 4.750099079716308022e-04
1.105000000000000000e+03 5.234903944374808774e-04
1.107500000000000000e+03 5.015068951102430667e-04
1.110000000000000000e+03 4.598353965393449437e-04
1.112500000000000000e+03 4.704453389496870020e-04
1.115000000000000000e+03 5.312139788378428089e-04
1.117500000000000000e+03 5.754828536228739824e-04
1.120000000000000000e+03 5.745198850272035477e-04
1.122500000000000000e+03 6.105358120975334750e-04
1.125000000000000000e+03 8.040869083518529083e-04
1.127500000000000000e+03 1.171150857963125166e-03
1.130000000000000000e+03 1.551184427927470525e-03
1.132500000000000000e+03 1.752716814716345686e-03
1.135000000000000000e+03 1.709663263871818431e-03
1.137500000000000000e+03 1.540509490734043915e-03
1.140000000000000000e+03 1.421702253971586982e-03
1.142500000000000000e+03 1.428846220103073463e-03
1.145000000000000000e+03 1.515646044946561063e-03
1.147500000000000000e+03 1.610354985153267379e-03
1.150000000000000000e+03 1.702787785649936044e-03
1.152500000000000000e+03 1.834853352334063839e-03
1.155000000000000000e+03 2.004943344853613463e-03
1.157500000000000000e+03 2.143308958556995950e-03
1.160000000000000000e+03 2.178474139087474733e-03
1.162500000000000000e+03 2.155923054811270233e-03
1.165000000000000000e+03 2.233634563827354563e-03
1.167500000000000000e+03 2.540738807720888722e-03
1.170000000000000000e+03 3.015866943526008051e-03
1.172500000000000000e+03 3.449208532001605144e-03
1.175000000000000000e+03 3.638571408105398600e-03
1.177500000000000000e+03 3.577301531916531399e-03
1.180000000000000000e+03 3.420006532567169358e-03
1.182500000000000000e+03 3.328189233646655469e-03
1.185000000000000000e+03 3.357508588483819768e-03
1.187500000000000000e+03 3.472084023834074318e-03
1.190000000000000000e+03 3.636280290466807272e-03
1.192500000000000000e+03 3.861228287997114407e-03
1.195000000000000000e+03 4.137997606044083870e-03
1.197500000000000000e+03 4.396083954127705945e-03
1.200000000000000000e+03 4.520725222969509786e-03
1.202500000000000000e+03 4.489763235849234153e-03
1.205000000000000000e+03 4.438064510670080252e-03
1.207500000000000000e+03 4.573335054730010008e-03
1.210000000000000000e+03 4.977775315482622920e-03
1.212500000000000000e+03 5.518283646653910669e-03
1.215000000000000000e+03 5.927995674800940092e-03
1.217500000000000000e+03 6.055356090406328710e-03
1.220000000000000000e+03 5.947485575283354559e-03
1.222500000000000000e+03 5.779573645097017993e-03
1.225000000000000000e+03 5.697163203103471421e-03
1.227500000000000000e+03 5.737059083031808074e-03
1.230000000000000000e+03 5.881186048068731340e-03
1.232500000000000000e+03 6.125903383450448728e-03
1.235000000000000000e+03 6.459607614328816139e-03
1.237500000000000000e+03 6.819958543489696053e-03
1.240000000000000000e+03 7.064072871192477766e-03
1.242500000000000000e+03 7.092765193931557452e-03
1.245000000000000000e+03 6.961286425911488926e-03
1.247500000000000000e+03 6.886544535195391128e-03
1.250000000000000000e+03 7.079213166110812604e-03
1.252500000000000000e+03 7.549951987944750371e-03
1.255000000000000000e+03 8.072582438571005922e-03
1.257500000000000000e+03 8.395715631332152998e-03
1.260000000000000000e+03 8.416417945108844306e-03
1.262500000000000000e+03 8.240930107817543565e-03
1.265000000000000000e+03 8.051174220213029586e-03
1.267500000000000000e+03 7.960771328842505476e-03
1.270000000000000000e+03 8.001728250783655613e-03
1.272500000000000000e+03 8.177338200640081947e-03
1.275000000000000000e+03 8.484922856795052218e-03
1.277500000000000000e+03 8.883835648763981421e-03
1.280000000000000000e+03 9.232308604514434872e-03
1.282500000000000000e+03 9.371423814181380554e-03
1.285000000000000000e+03 9.246540505829263165e-03
1.287500000000000000e+03 9.007841571498179448e-03
1.290000000000000000e+03 8.926612744633499394e-03
1.292500000000000000e+03 9.166739387430285907e-03
1.295000000000000000e+03 9.636013288003708252e-03
1.297500000000000000e+03 1.007498886827756790e-02
1.300000000000000000e+03 1.025217378654908786e-02
1.302500000000000000e+03 1.014707966080144116e-02
1.305000000000000000e+03 9.904334434496937442e-03
1.307500000000000000e+03 9.684316282666761630e-03
1.310000000000000000e+03 9.579578005138708954e-03
1.312500000000000000e+03 9.617565435448307415e-03
1.315000000000000000e+03 9.813803305435514837e-03
1.317500000000000000e+03 1.015963638781773939e-02
1.320000000000000000e+03 1.054887037709757031e-02
1.322500000000000000e+03 1.080322066345135515e-02
1.325000000000000000e+03 1.076662463574250966e-02
1.327500000000000000e+03 1.046958212180011845e-02
1.330000000000000000e+03 1.015176664578947355e-02
1.332500000000000000e+03 1.007871592815166861e-02
1.335000000000000000e+03 1.033313296526294778e-02
1.337500000000000000e+03 1.074605269371174850e-02
1.340000000000000000e+03 1.103562573445143052e-02
1.342500000000000000e+03 1.104813672678730402e-02
1.345000000000000000e+03 1.082788477102961285e-02
1.347500000000000000e+03 1.052890394831703866e-02
1.350000000000000000e+03 1.028952889996314658e-02
1.352500000000000000e+03 1.016859698453877192e-02
1.355000000000000000e+03 1.020106983450024332e-02
1.357500000000000000e+03 1.040885419470039680e-02
1.360000000000000000e+03 1.074621294183620950e-02
1.362500000000000000e+03 1.106579969330596762e-02
1.365000000000000000e+03 1.115628682512068842e-02
1.367500000000000000e+03 1.091870718730134082e-02
1.370000000000000000e+03 1.048120368333866834e-02
1.372500000000000000e+03 1.012070936780210678e-02
1.375000000000000000e+03 1.006731513144527336e-02
1.377500000000000000e+03 1.030516686449164249e-02
1.380000000000000000e+03 1.060338704484683515e-02
1.382500000000000000e+03 1.072410797260692043e-02
1.385000000000000000e+03 1.058694456536057003e-02
1.387500000000000000e+03 1.028451436070253536e-02
1.390000000000000000e+03 9.966309624685094903e-03
1.392500000000000000e+03 9.718625304876623780e-03
1.395000000000000000e+03 9.590062029758034470e-03
1.397500000000000000e+03 9.617937765515100976e-03
1.400000000000000000e+03 9.818435191011292210e-03
1.402500000000000000e+03 1.011529170118886586e-02
1.405000000000000000e+03 1.031019577988549936e-02
1.407500000000000000e+03 1.021265837054267586e-02
1.410000000000000000e+03 9.802252732355980561e-03
1.412500000000000000e+03 9.275003267127338025e-03
1.415000000000000000e+03 8.925936204034454896e-03
1.417500000000000000e+03 8.893759153653400112e-03
1.420000000000000000e+03 9.079119213965805221e-03
1.422500000000000000e+03 9.243420908042412551e-03
1.425000000000000000e+03 9.207701175211132488e-03
1.427500000000000000e+03 8.969656426530152674e-03
1.430000000000000000e+03 8.648414393646162643e-03
1.432500000000000000e+03 8.344205448592338994e-03
1.435000000000000000e+03 8.111547558225721058e-03
1.437500000000000000e+03 7.981575715459841847e-03
1.440000000000000000e+03 8.006697847922260303e-03
1.442500000000000000e+03 8.192503301913395611e-03
1.445000000000000000e+03 8.417479124500908128e-03
1.447500000000000000e+03 8.472158298647863850e-03
1.450000000000000000e+03 8.207488702580459719e-03
1.452500000000000000e+03 7.679844959822546870e-03
1.455000000000000000e+03 7.146682500698521394e-03
1.457500000000000000e+03 6.843858950067653428e-03
1.460000000000000000e+03 6.830199022540487178e-03
1.462500000000000000e+03 6.947405143576470404e-03
1.465000000000000000e+03 6.983053914175929751e-03
1.467500000000000000e+03 6.843175513414669238e-03
1.470000000000000000e+03 6.585018745388578759e-03
1.472500000000000000e+03 6.303829501511983360e-03
1.475000000000000000e+03 6.054770654061699883e-03
1.477500000000000000e+03 5.846946196652490733e-03
1.480000000000000000e+03 5.726957916251940173e-03
1.482500000000000000e+03 5.755925350567679330e-03
1.485000000000000000e+03 5.920197099820407455e-03
1.487500000000000000e+03 6.070555474340791520e-03
1.490000000000000000e+03 5.999019187624736460e-03
1.492500000000000000e+03 5.619079801377825992e-03
1.495000000000000000e+03 5.068567878441927223e-03
1.497500000000000000e+03 4.590476292015932720e-03
1.500000000000000000e+03 4.366694565441573729e-03
1.502500000000000000e+03 4.363802388345243075e-03
1.505000000000000000e+03 4.410439374539955847e-03
1.507500000000000000e+03 4.359306827488656881e-03
1.510000000000000000e+03 4.197909542558271416e-03
1.512500000000000000e+03 3.999111396052188946e-03
1.515000000000000000e+03 3.817179777466660900e-03
1.517500000000000000e+03 3.638191022655272010e-03
1.520000000000000000e+03 3.465232527411294706e-03
1.522500000000000000e+03 3.361872568018942336e-03
1.525000000000000000e+03 3.404253973614266345e-03
1.527500000000000000e+03 3.555829843901666797e-03
1.530000000000000000e+03 3.641882856042691959e-03
1.532500000000000000e+03 3.486367592643061994e-03
1.535000000000000000e+03 3.076722267460629649e-03
1.537500000000000000e+03 2.577512394999493736e-03
1.540000000000000000e+03 2.215184925761335029e-03
1.542500000000000000e+03 2.073799079288654503e-03
1.545000000000000000e+03 2.074357153312974059e-03
1.547500000000000000e+03 2.071198192307692129e-03
1.550000000000000000e+03 2.000580806705362300e-03
1.552500000000000000e+03 1.904531692822621428e-03
1.555000000000000000e+03 1.837886460873123899e-03
1.557500000000000000e+03 1.778274776013661360e-03
1.560000000000000000e+03 1.671037119816140082e-03
1.562500000000000000e+03 1.527295857151074205e-03
1.565000000000000000e+03 1.451506474613399123e-03
1.567500000000000000e+03 1.520678473046688109e-03
1.570000000000000000e+03 1.669439709019486778e-03
1.572500000000000000e+03 1.721292618765400814e-03
1.575000000000000000e+03 1.544649091587897358e-03
1.577500000000000000e+03 1.177476201720650166e-03
1.580000000000000000e+03 8.028564159299703823e-04
1.582500000000000000e+03 5.708691355524256198e-04
1.585000000000000000e+03 5.034488703111782495e-04
1.587500000000000000e+03 5.027951650205398759e-04
1.590000000000000000e+03 4.881645594249103370e-04
1.592500000000000000e+03 4.745427676074855474e-04
1.595000000000000000e+03 5.207127419133021672e-04
1.597500000000000000e+03 6.190696537946002503e-04
1.600000000000000000e+03 6.738063308788910105e-04
1.602500000000000000e+03 6.138702271179291483e-04
1.605000000000000000e+03 4.945598049311634905e-04
1.607500000000000000e+03 4.530879818986622252e-04
1.610000000000000000e+03 5.588573369484026165e-04
1.612500000000000000e+03 7.231310668226582049e-04
1.615000000000000000e+03 7.758034283023648595e-04
1.617500000000000000e+03 6.350852945582425657e-04
1.620000000000000000e+03 3.781212180625838663e-04
1.622500000000000000e+03 1.502187666110916143e-04
1.625000000000000000e+03 4.138482396307266648e-05
1.627500000000000000e+03 2.043612739506675408e-05
1.630000000000000000e+03 2.157372183457669139e-05
1.632500000000000000e+03 4.478871719869501023e-05
1.635000000000000000e+03 1.563338696516641401e-04
1.637500000000000000e+03 3.852003839223819347e-04
1.640000000000000000e+03 6.345795127806982440e-04
1.642500000000000000e+03 7.616322009820834489e-04
1.645000000000000000e+03 7.154325371349311551e-04
1.647500000000000000e+03 6.088517367720251055e-04
1.650000000000000000e+03 6.070849021720489029e-04
1.652500000000000000e+03 7.577350969180808148e-04
1.655000000000000000e+03 9.485635184874593789e-04
1.657500000000000000e+03 1.036512042925003246e-03
1.660000000000000000e+03 9.787493578313944016e-04
1.662500000000000000e+03 8.550276550532409908e-04
1.665000000000000000e+03 7.674904150526041689e-04
1.667500000000000000e+03 7.392712549861148001e-04
1.670000000000000000e+03 7.344753143697230202e-04
1.672500000000000000e+03 7.492062907465939919e-04
1.675000000000000000e+03 8.571832721269439940e-04
1.677500000000000000e+03 1.135525540618348341e-03
1.680000000000000000e+03 1.533065049428585912e-03
1.682500000000000000e+03 1.881708946247503912e-03
1.685000000000000000e+03 2.014824250282993244e-03
1.687500000000000000e+03 1.944033504881886908e-03
1.690000000000000000e+03 1.842729529603296529e-03
1.692500000000000000e+03 1.880282217459892588e-03
1.695000000000000000e+03 2.072784552618022347e-03
1.697500000000000000e+03 2.302146112241988413e-03
1.700000000000000000e+03 2.444481891757038523e-03
1.702500000000000000e+03 2.486159410790244641e-03
1.705000000000000000e+03 2.487276838583267567e-03
1.707500000000000000e+03 2.492356289134349100e-03
1.710000000000000000e+03 2.490004954987412155e-03
1.712500000000000000e+03 2.474983681227932615e-03
1.715000000000000000e+03 2.520488944137353783e-03
1.717500000000000000e+03 2.747044162747803216e-03
1.720000000000000000e+03 3.183361340222754486e-03
1.722500000000000000e+03 3.699169154407794691e-03
1.725000000000000000e+03 4.055310848781771768e-03
1.727500000000000000e+03 4.128517212792367878e-03
1.730000000000000000e+03 4.003595346040498756e-03
1.732500000000000000e+03 3.898428937888673632e-03
1.735000000000000000e+03 3.969330885619268105e-03
1.737500000000000000e+03 4.200433906505067136e-03
1.740000000000000000e+03 4.462713623866865383e-03
1.742500000000000000e+03 4.664022754031990799e-03
1.745000000000000000e+03 4.791002564234503672e-03
1.747500000000000000e+03 4.872584126942055074e-03
1.750000000000000000e+03 4.903797581268945840e-03
1.752500000000000000e+03 4.871843132237721474e-03
1.755000000000000000e+03 4.832393566686968116e-03
1.757500000000000000e+03 4.926585813959083113e-03
1.760000000000000000e+03 5.270570792891960885e-03
1.762500000000000000e+03 5.825978255960484464e-03
1.765000000000000000e+03 6.358988294401214658e-03
1.767500000000000000e+03 6.636384742667701155e-03
1.770000000000000000e+03 6.592653315218301516e-03
1.772500000000000000e+03 6.394378211358155845e-03
1.775000000000000000e+03 6.284083614854569372e-03
1.777500000000000000e+03 6.381386540259383414e-03
1.780000000000000000e+03 6.633375376781937630e-03
1.782500000000000000e+03 6.920736970299975165e-03
1.785000000000000000e+03 7.159068147155145910e-03
1.787500000000000000e+03 7.335342148306282957e-03
1.790000000000000000e+03 7.432012109867380811e-03
1.792500000000000000e+03 7.420635886759971954e-03
1.795000000000000000e+03 7.319411554569132429e-03
1.797500000000000000e+03 7.253712291086351037e-03
1.800000000000000000e+03 7.402402796440841863e-03
1.802500000000000000e+03 7.842592511452861626e-03
1.805000000000000000e+03 8.426800524726475727e-03
1.807500000000000000e+03 8.884538296875080926e-03
1.810000000000000000e+03 9.001014482544700268e-03
1.812500000000000000e+03 8.809943866326200648e-03
1.815000000000000000e+03 8.543377876394987400e-03
1.817500000000000000e+03 8.428849202929298776e-03
1.820000000000000000e+03 8.540484314433577362e-03
1.822500000000000000e+03 8.798778041605182995e-03
1.825000000000000000e+03 9.083218766396157148e-03
1.827500000000000000e+03 9.331734616767237492e-03
1.830000000000000000e+03 9.502809872502347363e-03
1.832500000000000000e+03 9.550178403446789310e-03
1.835000000000000000e+03 9.443112813507218220e-03
1.837500000000000000e+03 9.253435112873450996e-03
1.840000000000000000e+03 9.171392529973431892e-03
1.842500000000000000e+03 9.372013032103944721e-03
1.845000000000000000e+03 9.846565340863620147e-03
1.847500000000000000e+03 1.037749936074025374e-02
1.850000000000000000e+03 1.066380309625864463e-02
1.852500000000000000e+03 1.057879010585007634e-02
1.855000000000000000e+03 1.024799889298776308e-02
1.857500000000000000e+03 9.929350981012883756e-03
1.860000000000000000e+03 9.820743230408893187e-03
1.862500000000000000e+03 9.936359953775284956e-03
1.865000000000000000e+03 1.017358653339766293e-02
1.867500000000000000e+03 1.043537175111271947e-02
1.870000000000000000e+03 1.065520794044236795e-02
1.872500000000000000e+03 1.077493887915822492e-02
1.875000000000000000e+03 1.072135784555401823e-02
1.877500000000000000e+03 1.049034288291084659e-02
1.880000000000000000e+03 1.022301326266272098e-02
1.882500000000000000e+03 1.013742824684087974e-02
1.885000000000000000e+03 1.036671743946751371e-02
1.887500000000000000e+03 1.081830785132545381e-02
1.890000000000000000e+03 1.120326186392639825e-02
1.892500000000000000e+03 1.127161057211998815e-02
1.895000000000000000e+03 1.098928812959037125e-02
1.897500000000000000e+03 1.055142019275317859e-02
1.900000000000000000e+03 1.022254066030798235e-02
1.902500000000000000e+03 1.012669904263178121e-02
1.905000000000000000e+03 1.023025915316787618e-02
1.907500000000000000e+03 1.043143928201816645e-02
1.910000000000000000e+03 1.064689613983497464e-02
1.912500000000000000e+03 1.081628103237709457e-02
1.915000000000000000e+03 1.084791800784636745e-02
1.917500000000000000e+03 1.066774388574970832e-02
1.920000000000000000e+03 1.032275209026815507e-02
1.922500000000000000e+03 1.000044867157174125e-02
1.925000000000000000e+03 9.926764283696921237e-03
1.927500000000000000e+03 1.016026780066401486e-02
1.930000000000000000e+03 1.051811077832454436e-02
1.932500000000000000e+03 1.071158701254846385e-02
1.935000000000000000e+03 1.055835226538275398e-02
1.937500000000000000e+03 1.012279756572499051e-02
1.940000000000000000e+03 9.650500626574593649e-03
1.942500000000000000e+03 9.345694658159629103e-03
1.945000000000000000e+03 9.269597786060108577e-03
1.947500000000000000e+03 9.350771750594568180e-03
1.950000000000000000e+03 9.503457770097503005e-03
1.952500000000000000e+03 9.672168410561581345e-03
1.955000000000000000e+03 9.777045297623071854e-03
1.957500000000000000e+03 9.708650976783153586e-03
1.960000000000000000e+03 9.411839639462227930e-03
1.962500000000000000e+03 8.980066355821818280e-03
1.965000000000000000e+03 8.647761393248812323e-03
1.967500000000000000e+03 8.594416546102899568e-03
1.970000000000000000e+03 8.796776214287446369e-03
1.972500000000000000e+03 9.024237325383146699e-03
1.975000000000000000e+03 9.014568333988500631e-03
1.977500000000000000e+03 8.686467933808686426e-03
1.980000000000000000e+03 8.190459869590204292e-03
1.982500000000000000e+03 7.748826497555582130e-03
1.985000000000000000e+03 7.506451988947091675e-03
1.987500000000000000e+03 7.447568495049074547e-03
1.990000000000000000e+03 7.500318049624237621e-03
1.992500000000000000e+03 7.615182976645428446e-03
1.995000000000000000e+03 7.745161759712878083e-03
1.997500000000000000e+03 7.793515754092097785e-03
2.000000000000000000e+03 7.638076146650749423e-03
