0.000000000000000000e+00 0.000000000000000000e+00 1.000000000000000000e+00
2.500000000000000000e+00 1.373929618647541928e-01 8.626070381352337613e-01
5.000000000000000000e+00 4.697323444758574884e-01 5.302676555241296885e-01
7.500000000000000000e+00 8.203463397667120072e-01 1.796536602332783339e-01
1.000000000000000000e+01 9.951927044720675353e-01 4.807295527924906539e-03
1.250000000000000000e+01 9.051502836660129114e-01 9.484971633398216195e-02
1.500000000000000000e+01 6.031651511033989665e-01 3.968348488966001453e-01
1.750000000000000000e+01 2.485542335773744116e-01 7.514457664226171785e-01
2.000000000000000000e+01 3.540373632298304818e-02 9.645962636770121224e-01
2.250000000000000000e+01 7.327758009937802852e-02 9.267224199006243168e-01
2.500000000000000000e+01 3.410401188180539611e-01 6.589598811819501467e-01
2.750000000000000000e+01 6.997710316515146634e-01 3.002289683484959393e-01
3.000000000000000000e+01 9.521729577568456282e-01 4.782704224317294028e-02
3.250000000000000000e+01 9.647465552646646847e-01 3.525344473534850614e-02
3.500000000000000000e+01 7.286753013120483846e-01 2.713246986879650491e-01
3.750000000000000000e+01 3.674198326841409679e-01 6.325801673158705229e-01
4.000000000000000000e+01 8.216011836658591860e-02 9.178398816334250032e-01
4.250000000000000000e+01 2.387969655758253804e-02 9.761203034424337233e-01
4.500000000000000000e+01 2.235812718079012718e-01 7.764187281921113293e-01
4.750000000000000000e+01 5.733247956198719297e-01 4.266752043801474992e-01
5.000000000000000000e+01 8.780061313927098876e-01 1.219938686073056000e-01
5.250000000000000000e+01 9.797398378034780642e-01 2.026016219653545627e-02
5.500000000000000000e+01 8.269308722256025757e-01 1.730691277744109691e-01
5.750000000000000000e+01 5.033636576626918657e-01 4.966363423373192365e-01
6.000000000000000000e+01 1.876211912603416576e-01 8.123788087396703883e-01
6.250000000000000000e+01 4.213603741694933041e-02 9.578639625830644988e-01
6.500000000000000000e+01 1.444019646392395995e-01 8.555980353607640643e-01
6.750000000000000000e+01 4.402459115085830543e-01 5.597540884914238291e-01
7.000000000000000000e+01 7.672668041689225671e-01 2.327331958310857318e-01
7.250000000000000000e+01 9.545490998155852225e-01 4.545090018442396462e-02
7.500000000000000000e+01 8.982076471389177641e-01 1.017923528610911593e-01
7.750000000000000000e+01 6.276988610586398121e-01 3.723011389413665717e-01
8.000000000000000000e+01 2.937716892736630947e-01 7.062283107263396253e-01
8.250000000000000000e+01 7.310809650228559942e-02 9.268919034977235460e-01
8.500000000000000000e+01 8.690397089882648252e-02 9.130960291011795960e-01
8.750000000000000000e+01 3.243047114807944831e-01 6.756952885192105684e-01
9.000000000000000000e+01 6.504385402625416646e-01 3.495614597374661070e-01
9.250000000000000000e+01 8.941528753169327715e-01 1.058471246830744450e-01
9.500000000000000000e+01 9.252638225802529703e-01 7.473617741975278894e-02
9.750000000000000000e+01 7.334056064355929383e-01 2.665943935644128349e-01
1.000000000000000000e+02 4.273976813551331744e-01 5.726023186448709890e-01
1.025000000000000000e+02 1.657572833021277448e-01 8.342427166978813036e-01
1.050000000000000000e+02 8.860192996896269768e-02 9.113980700310402305e-01
1.075000000000000000e+02 2.331112481940016967e-01 7.668887518060107933e-01
1.100000000000000000e+02 5.189225591859806253e-01 4.810774408140249259e-01
1.125000000000000000e+02 7.971645694277795791e-01 2.028354305722284423e-01
1.150000000000000000e+02 9.150663714807814042e-01 8.493362851922853229e-02
1.175000000000000000e+02 8.116080087272155019e-01 1.883919912727923807e-01
1.200000000000000000e+02 5.454912973592398462e-01 4.545087026407678144e-01
1.225000000000000000e+02 2.582645289942091527e-01 7.417354710058028378e-01
1.250000000000000000e+02 1.088216944186455870e-01 8.911783055813604637e-01
1.275000000000000000e+02 1.723173453203010741e-01 8.276826546797082518e-01
1.300000000000000000e+02 4.085957591446697790e-01 5.914042408553427110e-01
1.325000000000000000e+02 6.908860457708713154e-01 3.091139542291413966e-01
1.350000000000000000e+02 8.657492763917271628e-01 1.342507236082819133e-01
1.375000000000000000e+02 8.481722280524262025e-01 1.518277719475885357e-01
1.400000000000000000e+02 6.537846341200003186e-01 3.462153658800112832e-01
1.425000000000000000e+02 3.855570539832754995e-01 6.144429460167377677e-01
1.450000000000000000e+02 1.877163686507094809e-01 8.122836313492975968e-01
1.475000000000000000e+02 1.586475945278418287e-01 8.413524054721681633e-01
1.500000000000000000e+02 3.113170826301846494e-01 6.886829173698243434e-01
1.525000000000000000e+02 5.655446037422062755e-01 4.344553962578051598e-01
1.550000000000000000e+02 7.823158858136908256e-01 2.176841141863220808e-01
1.575000000000000000e+02 8.497073228152565161e-01 1.502926771847505338e-01
1.600000000000000000e+02 7.326155074662286104e-01 2.673844925337839351e-01
1.625000000000000000e+02 4.950480718735644770e-01 5.049519281264480686e-01
1.650000000000000000e+02 2.697088161786180827e-01 7.302911838213916873e-01
1.675000000000000000e+02 1.728625048620700544e-01 8.271374951379395490e-01
1.700000000000000000e+02 2.527030485519310421e-01 7.472969514480830577e-01
1.725000000000000000e+02 4.620281866968360962e-01 5.379718133031762273e-01
1.750000000000000000e+02 6.844941232089527539e-01 3.155058767910577933e-01
1.775000000000000000e+02 8.087356123259320517e-01 1.912643876740804105e-01
1.800000000000000000e+02 7.738473423756863090e-01 2.261526576243245157e-01
1.825000000000000000e+02 6.028116405511845244e-01 3.971883594488282432e-01
1.850000000000000000e+02 3.886799369878215504e-01 6.113200630121939927e-01
1.875000000000000000e+02 2.380418734814020720e-01 7.619581265186132768e-01
1.900000000000000000e+02 2.286410949204911724e-01 7.713589050795242041e-01
1.925000000000000000e+02 3.630214054603782547e-01 6.369785945396362337e-01
1.950000000000000000e+02 5.676152863158935302e-01 4.323847136841234007e-01
1.975000000000000000e+02 7.372649410266135517e-01 2.627350589734048780e-01
2.000000000000000000e+02 7.809191774098327432e-01 2.190808225901846873e-01
2.025000000000000000e+02 6.788642680343597302e-01 3.211357319656604759e-01
2.050000000000000000e+02 4.901915972161845492e-01 5.098084027838367671e-01
2.075000000000000000e+02 3.138718870898687396e-01 6.861281129101562959e-01
2.100000000000000000e+02 2.431488701431346877e-01 7.568511298568844081e-01
2.125000000000000000e+02 3.085430557647789729e-01 6.914569442352385131e-01
2.150000000000000000e+02 4.698314747044836648e-01 5.301685252955349315e-01
2.175000000000000000e+02 6.445118119676538360e-01 3.554881880323662591e-01
2.200000000000000000e+02 7.434440520088549942e-01 2.565559479911656560e-01
2.225000000000000000e+02 7.222816245271681534e-01 2.777183754728539400e-01
2.250000000000000000e+02 5.949878924637720390e-01 4.050121075362443923e-01
2.275000000000000000e+02 4.243810993001358445e-01 5.756189006998793101e-01
2.300000000000000000e+02 2.981579530160648472e-01 7.018420469839543596e-01
2.325000000000000000e+02 2.776593368998176437e-01 7.223406631001983991e-01
2.350000000000000000e+02 3.730535123945690756e-01 6.269464876054412494e-01
2.375000000000000000e+02 5.359160527518014305e-01 4.640839472482127803e-01
2.400000000000000000e+02 6.790835783296279571e-01 3.209164216703830341e-01
2.425000000000000000e+02 7.309461291149600415e-01 2.690538708850535587e-01
2.450000000000000000e+02 6.664475236644310518e-01 3.335524763355809941e-01
2.475000000000000000e+02 5.214346149255792984e-01 4.785653850744359117e-01
2.500000000000000000e+02 3.740868078430376609e-01 6.259131921569794921e-01
2.525000000000000000e+02 2.956323889676044647e-01 7.043676110324139650e-01
2.550000000000000000e+02 3.229704751014897957e-01 6.770295248985293002e-01
2.575000000000000000e+02 4.398562119411347782e-01 5.601437880588833185e-01
2.600000000000000000e+02 5.864859923136713782e-01 4.135140076863448866e-01
2.625000000000000000e+02 6.943440683607181585e-01 3.056559316393040460e-01
2.650000000000000000e+02 7.096248666080757772e-01 2.903751333919412092e-01
2.675000000000000000e+02 6.237266531830844007e-01 3.762733468169339179e-01
2.700000000000000000e+02 4.783658343020478210e-01 5.216341656979720520e-01
2.725000000000000000e+02 3.432967150851861104e-01 6.567032849148324303e-01
2.750000000000000000e+02 2.897503376099136441e-01 7.102496623901046746e-01
2.775000000000000000e+02 3.460242153057750403e-01 6.539757846942416686e-01
2.800000000000000000e+02 4.833803429552292474e-01 5.166196570447889602e-01
2.825000000000000000e+02 6.331062083840960364e-01 3.668937916159216717e-01
2.850000000000000000e+02 7.163313071646439933e-01 2.836686928353741033e-01
2.875000000000000000e+02 6.928618265571040435e-01 3.071381734429146082e-01
2.900000000000000000e+02 5.763108062715396329e-01 4.236891937284770204e-01
2.925000000000000000e+02 4.238834539497071674e-01 5.761165460503119284e-01
2.950000000000000000e+02 3.128967279824875214e-01 6.871032720175308528e-01
2.975000000000000000e+02 2.962974987413924399e-01 7.037025012586273220e-01
3.000000000000000000e+02 3.840716775845565145e-01 6.159283224154610270e-01
3.025000000000000000e+02 5.369954513451897782e-01 4.630045486548267086e-01
3.050000000000000000e+02 6.783282386247967422e-01 3.216717613752234639e-01
3.075000000000000000e+02 7.370992579322375171e-01 2.629007420677815787e-01
3.100000000000000000e+02 6.776239467776357106e-01 3.223760532223826081e-01
3.125000000000000000e+02 5.245374169194974012e-01 4.754625830805233599e-01
3.150000000000000000e+02 3.572237337782856459e-01 6.427762662217346712e-01
3.175000000000000000e+02 2.618319573186019822e-01 7.381680426814204443e-01
3.200000000000000000e+02 2.924238346546200185e-01 7.075761653454063493e-01
3.225000000000000000e+02 4.357145477689546298e-01 5.642854522310694065e-01
3.250000000000000000e+02 6.159828445341299918e-01 3.840171554658945441e-01
3.275000000000000000e+02 7.425842346832802754e-01 2.574157653167465365e-01
3.300000000000000000e+02 7.482615547505182541e-01 2.517384452495072811e-01
3.325000000000000000e+02 6.290529836620410986e-01 3.709470163379839924e-01
3.350000000000000000e+02 4.454832305667832948e-01 5.545167694332450159e-01
3.375000000000000000e+02 2.870323015379407927e-01 7.129676984620822999e-01
3.400000000000000000e+02 2.381558700857329125e-01 7.618441299142919565e-01
3.425000000000000000e+02 3.278571002920290800e-01 6.721428997080001189e-01
3.450000000000000000e+02 5.140024533348309665e-01 4.859975466651995646e-01
3.475000000000000000e+02 7.048804162870454526e-01 2.951195837129823030e-01
3.500000000000000000e+02 7.951643405299597678e-01 2.048356594700641020e-01
3.525000000000000000e+02 7.324854954122252959e-01 2.675145045878005723e-01
3.550000000000000000e+02 5.455631103308663521e-01 4.544368896691654003e-01
3.575000000000000000e+02 3.291875697308763726e-01 6.708124302691547136e-01
3.600000000000000000e+02 2.030274310722016695e-01 7.969725689278271963e-01
3.625000000000000000e+02 2.352324289599979079e-01 7.647675710400285709e-01
3.650000000000000000e+02 4.106407687824390473e-01 5.893592312175814918e-01
3.675000000000000000e+02 6.405915455471050679e-01 3.594084544529164149e-01
3.700000000000000000e+02 8.015508717895561963e-01 1.984491282104638710e-01
3.725000000000000000e+02 8.107381486699399842e-01 1.892618513300790561e-01
3.750000000000000000e+02 6.606171084163603435e-01 3.393828915836614724e-01
3.775000000000000000e+02 4.238639876525170935e-01 5.761360123475045558e-01
3.800000000000000000e+02 2.257511322947383103e-01 7.742488677052785651e-01
3.825000000000000000e+02 1.695463599751846906e-01 8.304536400248296868e-01
3.850000000000000000e+02 2.913035807052057335e-01 7.086964192948067565e-01
3.875000000000000000e+02 5.339041147616448990e-01 4.660958852383680351e-01
3.900000000000000000e+02 7.664063504825567863e-01 2.335936495174549543e-01
3.925000000000000000e+02 8.644297119376431748e-01 1.355702880623693152e-01
3.950000000000000000e+02 7.684751442824235834e-01 2.315248557175876021e-01
3.975000000000000000e+02 5.246489301369395841e-01 4.753510698630781794e-01
4.000000000000000000e+02 2.666680866101363567e-01 7.333319133898777986e-01
4.025000000000000000e+02 1.311114661789256897e-01 8.688885338210925458e-01
4.050000000000000000e+02 1.947089590901397438e-01 8.052910409098754663e-01
4.075000000000000000e+02 4.262776174294282128e-01 5.737223825705856095e-01
4.100000000000000000e+02 7.008335652092452239e-01 2.991664347907754817e-01
4.125000000000000000e+02 8.773434611167657549e-01 1.226565388832475262e-01
4.150000000000000000e+02 8.587953242601452652e-01 1.412046757398708885e-01
4.175000000000000000e+02 6.513977350089996676e-01 3.486022649910178739e-01
4.200000000000000000e+02 3.640098464389870392e-01 6.359901535610311685e-01
4.225000000000000000e+02 1.436612794776048752e-01 8.563387205224112231e-01
4.250000000000000000e+02 1.135923009758743607e-01 8.864076990241381848e-01
4.275000000000000000e+02 2.950375507788985940e-01 7.049624492211213900e-01
4.300000000000000000e+02 5.924115161346978908e-01 4.075884838653212050e-01
4.325000000000000000e+02 8.499657323326853531e-01 1.500342676673337428e-01
4.350000000000000000e+02 9.215994311398104655e-01 7.840056886020896343e-02
4.375000000000000000e+02 7.654089336055467374e-01 2.345910663944714425e-01
4.400000000000000000e+02 4.659503607349684828e-01 5.340496392650546653e-01
4.425000000000000000e+02 1.811272649429275239e-01 8.188727350570901287e-01
4.450000000000000000e+02 6.976973539060637997e-02 9.302302646094142702e-01
4.475000000000000000e+02 1.913711584680369837e-01 8.086288415319835554e-01
4.500000000000000000e+02 4.802124719229490246e-01 5.197875280770741790e-01
4.525000000000000000e+02 7.873845065625012518e-01 2.126154934375151240e-01
4.550000000000000000e+02 9.455091303191147656e-01 5.449086968090756378e-02
4.575000000000000000e+02 8.712661300072248594e-01 1.287338699927964292e-01
4.600000000000000000e+02 6.018548691846393739e-01 3.981451308153782231e-01
4.625000000000000000e+02 2.738441555000197258e-01 7.261558445000021456e-01
4.650000000000000000e+02 6.680511648885101295e-02 9.331948835111710805e-01
4.675000000000000000e+02 9.210725859078708333e-02 9.078927414092334836e-01
4.700000000000000000e+02 3.402093599021558945e-01 6.597906400978670316e-01
4.725000000000000000e+02 6.830148532246056448e-01 3.169851467754161156e-01
4.750000000000000000e+02 9.291689149764259525e-01 7.083108502359894421e-02
4.775000000000000000e+02 9.458150791289845483e-01 5.418492087103436022e-02
4.800000000000000000e+02 7.216943127477797315e-01 2.783056872522404745e-01
4.825000000000000000e+02 3.750642185945098350e-01 6.249357814055137572e-01
4.850000000000000000e+02 9.914559193927940939e-02 9.008544080607332472e-01
4.875000000000000000e+02 3.938376021711809116e-02 9.606162397828934552e-01
4.900000000000000000e+02 2.287042563883416313e-01 7.712957436116705257e-01
4.925000000000000000e+02 5.686474947031613381e-01 4.313525052968483764e-01
4.950000000000000000e+02 8.736887998699813807e-01 1.263112001300217835e-01
4.975000000000000000e+02 9.857499218002019337e-01 1.425007819979604712e-02
5.000000000000000000e+02 8.420819688789611401e-01 1.579180311210461041e-01
5.025000000000000000e+02 5.145041405003246693e-01 4.854958594996785504e-01
5.050000000000000000e+02 1.807726534128344664e-01 8.192273465871692251e-01
5.075000000000000000e+02 1.585045790382678260e-02 9.841495420961761109e-01
5.100000000000000000e+02 1.136344298133649261e-01 8.863655701866288705e-01
5.125000000000000000e+02 4.253283154185054649e-01 5.746716845814903163e-01
5.150000000000000000e+02 7.782199402705234359e-01 2.217800597294717346e-01
5.175000000000000000e+02 9.843331821497095513e-01 1.566681785028218102e-02
5.200000000000000000e+02 9.276606463987175921e-01 7.233935360128070091e-02
5.225000000000000000e+02 6.386086131597581428e-01 3.613913868402313656e-01
5.250000000000000000e+02 2.792882703747633366e-01 7.207117296252280036e-01
5.275000000000000000e+02 3.956547167953553684e-02 9.604345283204537287e-01
5.300000000000000000e+02 5.108704582589009002e-02 9.489129541741015972e-01
5.325000000000000000e+02 3.065036692937247453e-01 6.934963307062718130e-01
5.350000000000000000e+02 6.652017917271335623e-01 3.347982082728575559e-01
5.375000000000000000e+02 9.413862809944735233e-01 5.861371900551850395e-02
5.400000000000000000e+02 9.842303086408963342e-01 1.576969135909907227e-02
5.425000000000000000e+02 7.704107127608772476e-01 2.295892872391148698e-01
5.450000000000000000e+02 4.153420211003083229e-01 5.846579788996825178e-01
5.475000000000000000e+02 1.033913447884473175e-01 8.966086552115449804e-01
5.500000000000000000e+02 7.522174850431744518e-03 9.924778251495647297e-01
5.525000000000000000e+02 1.797254625087948698e-01 8.202745374912006060e-01
5.550000000000000000e+02 5.249778590070504070e-01 4.750221409929469840e-01
5.575000000000000000e+02 8.600151004344671613e-01 1.399848995655235406e-01
5.600000000000000000e+02 9.975308113628471585e-01 2.469188637140900568e-03
5.625000000000000000e+02 8.658548404064569937e-01 1.341451595935314045e-01
5.650000000000000000e+02 5.408634559907913308e-01 4.591365440091951244e-01
5.675000000000000000e+02 1.959307954849116573e-01 8.040692045150769074e-01
5.700000000000000000e+02 2.152617551196996798e-02 9.784738244880207825e-01
5.725000000000000000e+02 1.064553592824212247e-01 8.935446407175715589e-01
5.750000000000000000e+02 4.016717783433865208e-01 5.983282216566068179e-01
5.775000000000000000e+02 7.530350183848606438e-01 2.469649816151298638e-01
5.800000000000000000e+02 9.691318785524140056e-01 3.086812144757841714e-02
5.825000000000000000e+02 9.385519662809597152e-01 6.144803371903909128e-02
5.850000000000000000e+02 6.776518725394378162e-01 3.223481274605577429e-01
5.875000000000000000e+02 3.214065441908847687e-01 6.785934558091148983e-01
5.900000000000000000e+02 6.566320198278391418e-02 9.343367980172170295e-01
5.925000000000000000e+02 4.487441912745686323e-02 9.551255808725416241e-01
5.950000000000000000e+02 2.704225715168780964e-01 7.295774284831196832e-01
5.975000000000000000e+02 6.221135898240733875e-01 3.778864101759232264e-01
6.000000000000000000e+02 9.031827450702034632e-01 9.681725492979426084e-02
6.025000000000000000e+02 9.659937118025284652e-01 3.400628819747215925e-02
6.050000000000000000e+02 7.791480033699711427e-01 2.208519966300265813e-01
6.075000000000000000e+02 4.452594220912749479e-01 5.547405779087235533e-01
6.100000000000000000e+02 1.507011440624153875e-01 8.492988559375884705e-01
6.125000000000000000e+02 4.758389840088799588e-02 9.524161015991050583e-01
6.150000000000000000e+02 1.886124208563371707e-01 8.113875791436616636e-01
6.175000000000000000e+02 4.975481256863341084e-01 5.024518743136620058e-01
6.200000000000000000e+02 8.051954566563138682e-01 1.948045433436775553e-01
6.225000000000000000e+02 9.536061928719941072e-01 4.639380712800431072e-02
6.250000000000000000e+02 8.629565858873803341e-01 1.370434141126158911e-01
6.275000000000000000e+02 5.806107976833063677e-01 4.193892023166893024e-01
6.300000000000000000e+02 2.613394866443320974e-01 7.386605133556704006e-01
6.325000000000000000e+02 7.176735419815065409e-02 9.282326458018456128e-01
6.350000000000000000e+02 1.158506875267921732e-01 8.841493124732118236e-01
6.375000000000000000e+02 3.684612915528922561e-01 6.315387084471131285e-01
6.400000000000000000e+02 6.871252888514400858e-01 3.128747111485671306e-01
6.425000000000000000e+02 9.033388912934108284e-01 9.666110870659305743e-02
6.450000000000000000e+02 9.002049914988319301e-01 9.979500850116598820e-02
6.475000000000000000e+02 6.850199294607742795e-01 3.149800705392359346e-01
6.500000000000000000e+02 3.811656949271386430e-01 6.188343050728635220e-01
6.525000000000000000e+02 1.477136031004860905e-01 8.522863968995192385e-01
6.550000000000000000e+02 1.088721871437304811e-01 8.911278128562758472e-01
6.575000000000000000e+02 2.798056146180488701e-01 7.201943853819599006e-01
6.600000000000000000e+02 5.646136486533788190e-01 4.353863513466276758e-01
6.625000000000000000e+02 8.166825552819183542e-01 1.833174447180905553e-01
6.650000000000000000e+02 9.007920005283227560e-01 9.920799947168137956e-02
6.675000000000000000e+02 7.751625603484468829e-01 2.248374396515587237e-01
6.700000000000000000e+02 5.092010032421265819e-01 4.907989967578834101e-01
6.725000000000000000e+02 2.413526736533777584e-01 7.586473263466345651e-01
6.750000000000000000e+02 1.182601412823889309e-01 8.817398587176208391e-01
6.775000000000000000e+02 2.022316808693909729e-01 7.977683191306185195e-01
6.800000000000000000e+02 4.435081239754056770e-01 5.564918760245994855e-01
6.825000000000000000e+02 7.127979081483261092e-01 2.872020918516772214e-01
6.850000000000000000e+02 8.622018006447473848e-01 1.377981993552538365e-01
6.875000000000000000e+02 8.187386878346181174e-01 1.812613121653837145e-01
6.900000000000000000e+02 6.130227478517631390e-01 3.869772521482385819e-01
6.925000000000000000e+02 3.558800850564123319e-01 6.441199149435905547e-01
6.950000000000000000e+02 1.862170220714846891e-01 8.137829779285150611e-01
6.975000000000000000e+02 1.862999037916964196e-01 8.137000962083112965e-01
7.000000000000000000e+02 3.511694388696793290e-01 6.488305611303277765e-01
7.025000000000000000e+02 5.944614021132618165e-01 4.055385978867454000e-01
7.050000000000000000e+02 7.858419841198789335e-01 2.141580158801288380e-01
7.075000000000000000e+02 8.293937737192924597e-01 1.706062262807151175e-01
7.100000000000000000e+02 7.031973780393619977e-01 2.968026219606420546e-01
7.125000000000000000e+02 4.733290541539209029e-01 5.266709458460894222e-01
7.150000000000000000e+02 2.654893326712800539e-01 7.345106673287269405e-01
7.175000000000000000e+02 1.864025555208555507e-01 8.135974444791570503e-01
7.200000000000000000e+02 2.762120635098148647e-01 7.237879364901929069e-01
7.225000000000000000e+02 4.839047133625025698e-01 5.160952866375059234e-01
7.250000000000000000e+02 6.934199478275469009e-01 3.065800521724588723e-01
7.275000000000000000e+02 7.985162412874960980e-01 2.014837587125121732e-01
7.300000000000000000e+02 7.483948464370178133e-01 2.516051535629864611e-01
7.325000000000000000e+02 5.754343216550239504e-01 4.245656783449812122e-01
7.350000000000000000e+02 3.753259036391413672e-01 6.246740963608647945e-01
7.375000000000000000e+02 2.470421513128088220e-01 7.529578486871943976e-01
7.400000000000000000e+02 2.540678041899230299e-01 7.459321958100852967e-01
7.425000000000000000e+02 3.891478653318665160e-01 6.108521346681357045e-01
7.450000000000000000e+02 5.797276473009922437e-01 4.202723526990098657e-01
7.475000000000000000e+02 7.309839721833214510e-01 2.690160278166805474e-01
7.500000000000000000e+02 7.636009739428331056e-01 2.363990260571698365e-01
7.525000000000000000e+02 6.621392966440715622e-01 3.378607033559353212e-01
7.550000000000000000e+02 4.821808473533140682e-01 5.178191526466885408e-01
7.575000000000000000e+02 3.162540559535417239e-01 6.837459440464637161e-01
7.600000000000000000e+02 2.527805659129997995e-01 7.472194340870073059e-01
7.625000000000000000e+02 3.206274357655240492e-01 6.793725642344825566e-01
7.650000000000000000e+02 4.789871888762129437e-01 5.210128111237902759e-01
7.675000000000000000e+02 6.457168177485502758e-01 3.542831822514571627e-01
7.700000000000000000e+02 7.347718117054885534e-01 2.652281882945167757e-01
7.725000000000000000e+02 7.073721320349062314e-01 2.926278679651023173e-01
7.750000000000000000e+02 5.825989867698052604e-01 4.174010132301997356e-01
7.775000000000000000e+02 4.227953046935007952e-01 5.772046953065047559e-01
7.800000000000000000e+02 3.084596779647886811e-01 6.915403220352149827e-01
7.825000000000000000e+02 2.927348584352776339e-01 7.072651415647257522e-01
7.850000000000000000e+02 3.829945209389108429e-01 6.170054790610942641e-01
7.875000000000000000e+02 5.358088333289119376e-01 4.641911666710941686e-01
7.900000000000000000e+02 6.721212647605332435e-01 3.278787352394695875e-01
7.925000000000000000e+02 7.240378163792153821e-01 2.759621836207902801e-01
7.950000000000000000e+02 6.638207771248798572e-01 3.361792228751232514e-01
7.975000000000000000e+02 5.221089209703844158e-01 4.778910790296173605e-01
8.000000000000000000e+02 3.747553588123035961e-01 6.252446411876989574e-01
8.025000000000000000e+02 2.949776238424613450e-01 7.050223761575433734e-01
8.050000000000000000e+02 3.223878067840485473e-01 6.776121932159557826e-01
8.075000000000000000e+02 4.406995855786788319e-01 5.593004144213264972e-01
8.100000000000000000e+02 5.878983788087004392e-01 4.121016211913028915e-01
8.125000000000000000e+02 6.944636059463505928e-01 3.055363940536544587e-01
8.150000000000000000e+02 7.083646511721101158e-01 2.916353488278947692e-01
8.175000000000000000e+02 6.232380332573026482e-01 3.767619667427003494e-01
8.200000000000000000e+02 4.802589357002178261e-01 5.197410642997872809e-01
8.225000000000000000e+02 3.460479641111188220e-01 6.539520358888835094e-01
8.250000000000000000e+02 2.899076311189978106e-01 7.100923688810029111e-01
8.275000000000000000e+02 3.424112839837878952e-01 6.575887160162120493e-01
8.300000000000000000e+02 4.795098930795052006e-01 5.204901069204944664e-01
8.325000000000000000e+02 6.342202493041586564e-01 3.657797506958463396e-01
8.350000000000000000e+02 7.235749254568540900e-01 2.764250745431466871e-01
8.375000000000000000e+02 7.009616123016650935e-01 2.990383876983369604e-01
8.400000000000000000e+02 5.775553372565171983e-01 4.224446627434841339e-01
8.425000000000000000e+02 4.151238630977720501e-01 5.848761369022302814e-01
8.450000000000000000e+02 2.990400277978101373e-01 7.009599722021917501e-01
8.475000000000000000e+02 2.863405780884056839e-01 7.136594219115982574e-01
8.500000000000000000e+02 3.841124184233712935e-01 6.158875815766343687e-01
8.525000000000000000e+02 5.465034857685591163e-01 4.534965142314462683e-01
8.550000000000000000e+02 6.915557835236125772e-01 3.084442164763918637e-01
8.575000000000000000e+02 7.478100676156188564e-01 2.521899323843892482e-01
8.600000000000000000e+02 6.819104430393551075e-01 3.180895569606487783e-01
8.625000000000000000e+02 5.208083494622735010e-01 4.791916505377323832e-01
8.650000000000000000e+02 3.462776566399287659e-01 6.537223433600763967e-01
8.675000000000000000e+02 2.476092093525265880e-01 7.523907906474754936e-01
8.700000000000000000e+02 2.824060687731929642e-01 7.175939312268027059e-01
8.725000000000000000e+02 4.375461584113555236e-01 5.624538415886399800e-01
8.750000000000000000e+02 6.310232697902333765e-01 3.689767302097604063e-01
8.775000000000000000e+02 7.627741444858537889e-01 2.372258555141425751e-01
8.800000000000000000e+02 7.597897591503908199e-01 2.402102408496012143e-01
8.825000000000000000e+02 6.221148731623873385e-01 3.778851268376034467e-01
8.850000000000000000e+02 4.226498328874415678e-01 5.773501671125533807e-01
8.875000000000000000e+02 2.617457261209459318e-01 7.382542738790458525e-01
8.900000000000000000e+02 2.257335660984411962e-01 7.742664339015490338e-01
8.925000000000000000e+02 3.355526281618177453e-01 6.644473718381721516e-01
8.950000000000000000e+02 5.369458462222351791e-01 4.630541537777563832e-01
8.975000000000000000e+02 7.309245813582612161e-01 2.690754186417310678e-01
9.000000000000000000e+02 8.119244469529571795e-01 1.880755530470315517e-01
9.025000000000000000e+02 7.325787233390160802e-01 2.674212766609755931e-01
9.050000000000000000e+02 5.290662502100323961e-01 4.709337497899575009e-01
9.075000000000000000e+02 3.030796453683807234e-01 6.969203546316140585e-01
9.100000000000000000e+02 1.798798994935606188e-01 8.201201005064306937e-01
9.125000000000000000e+02 2.282385689097636838e-01 7.717614310902337627e-01
9.150000000000000000e+02 4.256365462656063192e-01 5.743634537343936808e-01
9.175000000000000000e+02 6.707928941363309194e-01 3.292071058636717451e-01
9.200000000000000000e+02 8.288086826166360943e-01 1.711913173833660706e-01
9.225000000000000000e+02 8.164898793308834613e-01 1.835101206691187037e-01
9.250000000000000000e+02 6.392095814136978804e-01 3.607904185862991220e-01
9.275000000000000000e+02 3.867896884707072158e-01 6.132103115292912854e-01
9.300000000000000000e+02 1.950610442599623462e-01 8.049389557400423723e-01
9.325000000000000000e+02 1.634745232277122762e-01 8.365254767722933860e-01
9.350000000000000000e+02 3.129408479194959458e-01 6.870591520805124919e-01
9.375000000000000000e+02 5.714210822103287235e-01 4.285789177896752178e-01
9.400000000000000000e+02 8.004705847150428433e-01 1.995294152849623193e-01
9.425000000000000000e+02 8.786703321585377369e-01 1.213296678414664820e-01
9.450000000000000000e+02 7.567083887483665450e-01 2.432916112516413376e-01
9.475000000000000000e+02 4.921834975527399347e-01 5.078165024472679479e-01
9.500000000000000000e+02 2.290656482226997304e-01 7.709343517773097343e-01
9.525000000000000000e+02 1.077408775808222779e-01 8.922591224191807058e-01
9.550000000000000000e+02 1.991702912623089516e-01 8.008297087376952117e-01
9.575000000000000000e+02 4.580515242342302340e-01 5.419484757657734297e-01
9.600000000000000000e+02 7.421963879371205053e-01 2.578036120628783290e-01
9.625000000000000000e+02 9.027869275315338893e-01 9.721307246846992711e-02
9.650000000000000000e+02 8.511234040197956929e-01 1.488765959802098582e-01
9.675000000000000000e+02 6.131385170652381422e-01 3.868614829347668538e-01
9.700000000000000000e+02 3.174619990423377947e-01 6.825380009576632601e-01
9.725000000000000000e+02 1.163438648120590641e-01 8.836561351879446136e-01
9.750000000000000000e+02 1.210833292680838780e-01 8.789166707319246985e-01
9.775000000000000000e+02 3.332802304508002411e-01 6.667197695492008691e-01
9.800000000000000000e+02 6.407699985133685772e-01 3.592300014866337543e-01
9.825000000000000000e+02 8.840634705839842677e-01 1.159365294160243365e-01
9.850000000000000000e+02 9.254079206245244826e-01 7.459207937548081868e-02
9.875000000000000000e+02 7.371821510239412456e-01 2.628178489760619740e-01
9.900000000000000000e+02 4.195280055486060866e-01 5.804719944514039609e-01
9.925000000000000000e+02 1.395021548720117299e-01 8.604978451279926555e-01
9.950000000000000000e+02 5.494569375092946129e-02 9.450543062490773805e-01
9.975000000000000000e+02 2.129027494570148726e-01 7.870972505429909560e-01
1.000000000000000000e+03 5.268769272224995692e-01 4.731230727775082023e-01
1.002500000000000000e+03 8.321442082938376172e-01 1.678557917061708760e-01
1.005000000000000000e+03 9.605920362204409813e-01 3.940796377956942709e-02
1.007500000000000000e+03 8.455609127448111551e-01 1.544390872551923977e-01
1.010000000000000000e+03 5.498320023608331830e-01 4.501679976391740889e-01
1.012500000000000000e+03 2.259890824144038801e-01 7.740109175856066948e-01
1.015000000000000000e+03 5.093160995940108904e-02 9.490683900406036155e-01
1.017500000000000000e+03 1.174406487782248681e-01 8.825593512217848602e-01
1.020000000000000000e+03 3.924640569051073835e-01 6.075359430948998885e-01
1.022500000000000000e+03 7.349795403461851784e-01 2.650204596538148216e-01
1.025000000000000000e+03 9.552182879771377033e-01 4.478171202286961028e-02
1.027500000000000000e+03 9.334935122944054697e-01 6.650648770559540457e-02
1.030000000000000000e+03 6.775785396490230372e-01 3.224214603509839572e-01
1.032500000000000000e+03 3.206647868375702704e-01 6.793352131624332824e-01
1.035000000000000000e+03 6.211517892501985244e-02 9.378848210749873848e-01
1.037500000000000000e+03 4.013950642603515001e-02 9.598604935739716293e-01
1.040000000000000000e+03 2.675292470388659360e-01 7.324707529611431678e-01
1.042500000000000000e+03 6.241989624604783460e-01 3.758010375395361979e-01
1.045000000000000000e+03 9.129856330755136140e-01 8.701436692449875110e-02
1.047500000000000000e+03 9.839357274520885710e-01 1.606427254792678824e-02
1.050000000000000000e+03 7.993743788328970812e-01 2.006256211671207101e-01
1.052500000000000000e+03 4.556129496984565597e-01 5.443870503015649787e-01
1.055000000000000000e+03 1.403201633062899634e-01 8.596798366937318248e-01
1.057500000000000000e+03 1.730993502406329154e-02 9.826900649759590101e-01
1.060000000000000000e+03 1.556067033491104479e-01 8.443932966509221094e-01
1.062500000000000000e+03 4.853414488660550141e-01 5.146585511339829555e-01
1.065000000000000000e+03 8.255278326073063333e-01 1.744721673927328298e-01
1.067500000000000000e+03 9.957483287235728842e-01 4.251671276459775481e-03
1.070000000000000000e+03 8.984865934512513697e-01 1.015134065487775933e-01
1.072500000000000000e+03 5.830330412157420650e-01 4.169669587842876335e-01
1.075000000000000000e+03 2.250719225584323357e-01 7.749280774416037465e-01
1.077500000000000000e+03 1.494946847728136075e-02 9.850505315227493508e-01
1.080000000000000000e+03 6.957669244460445990e-02 9.304233075554243504e-01
1.082500000000000000e+03 3.587508110781399417e-01 6.412491889218938645e-01
1.085000000000000000e+03 7.210963385845367002e-01 2.789036614154943861e-01
1.087500000000000000e+03 9.673331512072118610e-01 3.266684879281747667e-02
1.090000000000000000e+03 9.642606034442949836e-01 3.573939655573640795e-02
1.092500000000000000e+03 7.157034570535592000e-01 2.842965429464643368e-01
1.095000000000000000e+03 3.584858007631883670e-01 6.415141992368433854e-01
1.097500000000000000e+03 7.764590015116938637e-02 9.223540998488644060e-01
1.100000000000000000e+03 2.686398488022097297e-02 9.731360151198129582e-01
1.102500000000000000e+03 2.333896105746395833e-01 7.666103894253950557e-01
1.105000000000000000e+03 5.843701988828969851e-01 4.156298011171388751e-01
1.107500000000000000e+03 8.953289636825655373e-01 1.046710363174699482e-01
1.110000000000000000e+03 9.922924475441913250e-01 7.707552455849236289e-03
1.112500000000000000e+03 8.227567543858435029e-01 1.772432456141883328e-01
1.115000000000000000e+03 4.813669269913306015e-01 5.186330730087038710e-01
1.117500000000000000e+03 1.499621278116589629e-01 8.500378721883752320e-01
1.120000000000000000e+03 1.313329417798029738e-02 9.868667058220499388e-01
1.122500000000000000e+03 1.409996404823425364e-01 8.590003595176892714e-01
1.125000000000000000e+03 4.597005912672075811e-01 5.402994087328206740e-01
1.127500000000000000e+03 8.007748238509727612e-01 1.992251761490612672e-01
1.130000000000000000e+03 9.781865929700199747e-01 2.181340703001210385e-02
1.132500000000000000e+03 9.031006197457072115e-01 9.689938025432848212e-02
1.135000000000000000e+03 6.193832793675406734e-01 3.806167206324906904e-01
1.137500000000000000e+03 2.748757623295568497e-01 7.251242376704737369e-01
1.140000000000000000e+03 5.724373885844323551e-02 9.427562611415918337e-01
1.142500000000000000e+03 7.883850526546856696e-02 9.211614947345612148e-01
1.145000000000000000e+03 3.275616528614354594e-01 6.724383471385954048e-01
1.147500000000000000e+03 6.729340706840333253e-01 3.270659293159928760e-01
1.150000000000000000e+03 9.230587891560124714e-01 7.694121084401901733e-02
1.152500000000000000e+03 9.455881186058575638e-01 5.441188139416444636e-02
1.155000000000000000e+03 7.289245506211885495e-01 2.710754493788378183e-01
1.157500000000000000e+03 3.897806563273980007e-01 6.102193436726272013e-01
1.160000000000000000e+03 1.181417554485307969e-01 8.818582445514945301e-01
1.162500000000000000e+03 5.571988569811689440e-02 9.442801143019089460e-01
1.165000000000000000e+03 2.329413903327159086e-01 7.670586096673110976e-01
1.167500000000000000e+03 5.529946740446484155e-01 4.470053259553823377e-01
1.170000000000000000e+03 8.392439567203727746e-01 1.607560432796582839e-01
1.172500000000000000e+03 9.459764902957199517e-01 5.402350970430929572e-02
1.175000000000000000e+03 8.192374780985753890e-01 1.807625219014519780e-01
1.177500000000000000e+03 5.274259010173284468e-01 4.725740989827031946e-01
1.180000000000000000e+03 2.299082768742291005e-01 7.700917231257972118e-01
1.182500000000000000e+03 7.943451589883164521e-02 9.205654841011918776e-01
1.185000000000000000e+03 1.569061963109709690e-01 8.430938036890530674e-01
1.187500000000000000e+03 4.207320799694755364e-01 5.792679200305490550e-01
1.190000000000000000e+03 7.243725007031648344e-01 2.756274992968607007e-01
1.192500000000000000e+03 9.078266218511825691e-01 9.217337814884543623e-02
1.195000000000000000e+03 8.705299639638759412e-01 1.294700360361472069e-01
1.197500000000000000e+03 6.352937207810335218e-01 3.647062792189927904e-01
1.200000000000000000e+03 3.359343044163509151e-01 6.640656955836750086e-01
1.202500000000000000e+03 1.304915557124161629e-01 8.695084442876114261e-01
1.205000000000000000e+03 1.289236890848954042e-01 8.710763109151300476e-01
1.207500000000000000e+03 3.262781134795474935e-01 6.737218865204808171e-01
1.210000000000000000e+03 6.104893053576325723e-01 3.895106946424012895e-01
1.212500000000000000e+03 8.349765450303089365e-01 1.650234549697270070e-01
1.215000000000000000e+03 8.817924744913818724e-01 1.182075255086538768e-01
1.217500000000000000e+03 7.314597851931341488e-01 2.685402148068993800e-01
1.220000000000000000e+03 4.677605779002064201e-01 5.322394220998268866e-01
1.222500000000000000e+03 2.259701305526708170e-01 7.740298694473619623e-01
1.225000000000000000e+03 1.358379910067326057e-01 8.641620089932994242e-01
1.227500000000000000e+03 2.419920644959506761e-01 7.580079355040850730e-01
1.230000000000000000e+03 4.843597720600672507e-01 5.156402279399671107e-01
1.232500000000000000e+03 7.350294279310845003e-01 2.649705720689515820e-01
1.235000000000000000e+03 8.560619899428663082e-01 1.439380100571689969e-01
1.237500000000000000e+03 7.870397870851325584e-01 2.129602129149042178e-01
1.240000000000000000e+03 5.708392212241339969e-01 4.291607787759029735e-01
1.242500000000000000e+03 3.240712596056768424e-01 6.759287403943579076e-01
1.245000000000000000e+03 1.814555864238939775e-01 8.185444135761433815e-01
1.247500000000000000e+03 2.116716591182288276e-01 7.883283408818102522e-01
1.250000000000000000e+03 3.920242622489954476e-01 6.079757377510390803e-01
1.252500000000000000e+03 6.268886297516207406e-01 3.731113702484145089e-01
1.255000000000000000e+03 7.913948313122887157e-01 2.086051686877436473e-01
1.257500000000000000e+03 8.063123425431646396e-01 1.936876574568696385e-01
1.260000000000000000e+03 6.674434181531941901e-01 3.325565818468428358e-01
1.262500000000000000e+03 4.466955563396126094e-01 5.533044436604215299e-01
1.265000000000000000e+03 2.619564449960650188e-01 7.380435550039667891e-01
1.267500000000000000e+03 2.059174348090541118e-01 7.940825651909793059e-01
1.270000000000000000e+03 3.068239820378903526e-01 6.931760179621417883e-01
1.272500000000000000e+03 5.103248072024080262e-01 4.896751927976251695e-01
1.275000000000000000e+03 7.039765832331764672e-01 2.960234167668551741e-01
1.277500000000000000e+03 7.885960822412305671e-01 2.114039177588004081e-01
1.280000000000000000e+03 7.223147918973660264e-01 2.776852081026691677e-01
1.282500000000000000e+03 5.449587884357230960e-01 4.550412115643095445e-01
1.285000000000000000e+03 3.557013592667612745e-01 6.442986407332761400e-01
1.287500000000000000e+03 2.492336390684488368e-01 7.507663609315843312e-01
1.290000000000000000e+03 2.768723859410089916e-01 7.231276140590252588e-01
1.292500000000000000e+03 4.192530270440207874e-01 5.807469729560109650e-01
1.295000000000000000e+03 5.993956673848827021e-01 4.006043326151507156e-01
1.297500000000000000e+03 7.296747156637997112e-01 2.703252843362394797e-01
1.300000000000000000e+03 7.448285643486185492e-01 2.551714356514162008e-01
1.302500000000000000e+03 6.391972852549205886e-01 3.608027147451144945e-01
1.305000000000000000e+03 4.685118484543127071e-01 5.314881515457225980e-01
1.307500000000000000e+03 3.175036222585436718e-01 6.824963777414921884e-01
1.310000000000000000e+03 2.655621264575286355e-01 7.344378735425061144e-01
1.312500000000000000e+03 3.374682979632491753e-01 6.625317020367849086e-01
1.315000000000000000e+03 4.926331088178100837e-01 5.073668911822315497e-01
1.317500000000000000e+03 6.509661441357053047e-01 3.490338558643334976e-01
1.320000000000000000e+03 7.291180496152704915e-01 2.708819503847704202e-01
1.322500000000000000e+03 6.919982246267548653e-01 3.080017753732821606e-01
1.325000000000000000e+03 5.640385383178466716e-01 4.359614616821938515e-01
1.327500000000000000e+03 4.107876187370077536e-01 5.892123812630344348e-01
1.330000000000000000e+03 3.100432786266921759e-01 6.899567213733462934e-01
1.332500000000000000e+03 3.070642898231112916e-01 6.929357101769284544e-01
1.335000000000000000e+03 4.010397812073993595e-01 5.989602187926412746e-01
1.337500000000000000e+03 5.470534476033004356e-01 4.529465523967398655e-01
1.340000000000000000e+03 6.720160929302766428e-01 3.279839070697627701e-01
1.342500000000000000e+03 7.157723752318925214e-01 2.842276247681482237e-01
1.345000000000000000e+03 6.542326735163984663e-01 3.457673264836412796e-01
1.347500000000000000e+03 5.156892416622680386e-01 4.843107583377742054e-01
1.350000000000000000e+03 3.719298372115066309e-01 6.280701627885382221e-01
1.352500000000000000e+03 2.948536295459591172e-01 7.051463704540843480e-01
1.355000000000000000e+03 3.252546143699475145e-01 6.747453856300955621e-01
1.357500000000000000e+03 4.472416704804294540e-01 5.527583295196161206e-01
1.360000000000000000e+03 5.961017671739323731e-01 4.038982328261129240e-01
1.362500000000000000e+03 6.991831006071164145e-01 3.008168993929274948e-01
1.365000000000000000e+03 7.051753300200153118e-01 2.948246699800265436e-01
1.367500000000000000e+03 6.127977692924533315e-01 3.872022307075914105e-01
1.370000000000000000e+03 4.688150896634669662e-01 5.311849103365808844e-01
1.372500000000000000e+03 3.406056522499249506e-01 6.593943477501242878e-01
1.375000000000000000e+03 2.929624772011975020e-01 7.070375227988483502e-01
1.377500000000000000e+03 3.512781548083893091e-01 6.487218451916567652e-01
1.380000000000000000e+03 4.895267716700110738e-01 5.104732283300397189e-01
1.382500000000000000e+03 6.423539309155353871e-01 3.576460690845160162e-01
1.385000000000000000e+03 7.284408719695052437e-01 2.715591280305451050e-01
1.387500000000000000e+03 7.006944919320671206e-01 2.993055080679795088e-01
1.390000000000000000e+03 5.699745537283436025e-01 4.300254462717030823e-01
1.392500000000000000e+03 4.007118798588744646e-01 5.992881201411741632e-01
1.395000000000000000e+03 2.838986761102316736e-01 7.161013238898127353e-01
1.397500000000000000e+03 2.798324856069290267e-01 7.201675143931163259e-01
1.400000000000000000e+03 3.918035010643368676e-01 6.081964989357093732e-01
1.402500000000000000e+03 5.649325499658555128e-01 4.350674500341926709e-01
1.405000000000000000e+03 7.093382816432745042e-01 2.906617183567712370e-01
1.407500000000000000e+03 7.537665039286899349e-01 2.462334960713600251e-01
1.410000000000000000e+03 6.730003740242491705e-01 3.269996259757946278e-01
1.412500000000000000e+03 5.030370975093061414e-01 4.969629024907411541e-01
1.415000000000000000e+03 3.299951246134761873e-01 6.700048753865717188e-01
1.417500000000000000e+03 2.409938234742631247e-01 7.590061765257889448e-01
1.420000000000000000e+03 2.882061507369117481e-01 7.117938492631351588e-01
1.422500000000000000e+03 4.537780472253320485e-01 5.462219527747134151e-01
1.425000000000000000e+03 6.516057930802128251e-01 3.483942069198348035e-01
1.427500000000000000e+03 7.786014079824630230e-01 2.213985920175845779e-01
1.430000000000000000e+03 7.613957631909401558e-01 2.386042368091087773e-01
1.432500000000000000e+03 6.049052659413491906e-01 3.950947340587034895e-01
1.435000000000000000e+03 3.927231872975855964e-01 6.072768127024653628e-01
1.437500000000000000e+03 2.346427969073221764e-01 7.653572030927280334e-01
1.440000000000000000e+03 2.177949232329799978e-01 7.822050767670718496e-01
1.442500000000000000e+03 3.528513435442743873e-01 6.471486564557763499e-01
1.445000000000000000e+03 5.695796048794867783e-01 4.304203951205670675e-01
1.447500000000000000e+03 7.597133316937316749e-01 2.402866683063254183e-01
1.450000000000000000e+03 8.207815641195845835e-01 1.792184358804718436e-01
1.452500000000000000e+03 7.177478651919808605e-01 2.822521348080745396e-01
1.455000000000000000e+03 5.003980752557571909e-01 4.996019247442981537e-01
1.457500000000000000e+03 2.764041374589922273e-01 7.235958625410617850e-01
1.460000000000000000e+03 1.686878788407156771e-01 8.313121211593351711e-01
1.462500000000000000e+03 2.385059155670510023e-01 7.614940844329975977e-01
1.465000000000000000e+03 4.533657495880039079e-01 5.466342504120513812e-01
1.467500000000000000e+03 7.035432468132638562e-01 2.964567531867921546e-01
1.470000000000000000e+03 8.494442518816269772e-01 1.505557481184255364e-01
1.472500000000000000e+03 8.110815106470218305e-01 1.889184893530207188e-01
1.475000000000000000e+03 6.068520099716019356e-01 3.931479900284494677e-01
1.477500000000000000e+03 3.424198754984404958e-01 6.575801245016105190e-01
1.480000000000000000e+03 1.632340403170155774e-01 8.367659596830359092e-01
1.482500000000000000e+03 1.635031629294914635e-01 8.364968370705562206e-01
1.485000000000000000e+03 3.452612257489270364e-01 6.547387742511256992e-01
1.487500000000000000e+03 6.176118655784526013e-01 3.823881344216010225e-01
1.490000000000000000e+03 8.343601933270208271e-01 1.656398066730414842e-01
1.492500000000000000e+03 8.823825999104026874e-01 1.176174000896532679e-01
1.495000000000000000e+03 7.306233763537831605e-01 2.693766236462680208e-01
1.497500000000000000e+03 4.518871756060799383e-01 5.481128243939775713e-01
1.500000000000000000e+03 1.962550026551689031e-01 8.037449973448852480e-01
1.502500000000000000e+03 9.937521440338309420e-02 9.006247855966775795e-01
1.505000000000000000e+03 2.198724609144462883e-01 7.801275390856104996e-01
1.507500000000000000e+03 4.987730582304038540e-01 5.012269417696585405e-01
1.510000000000000000e+03 7.824076607384741200e-01 2.175923392615836671e-01
1.512500000000000000e+03 9.195452524969743857e-01 8.045474750308179157e-02
1.515000000000000000e+03 8.319303699057796209e-01 1.680696300942799426e-01
1.517500000000000000e+03 5.644686582305734612e-01 4.355313417694884337e-01
1.520000000000000000e+03 2.647107598710138343e-01 7.352892401290430646e-01
1.522500000000000000e+03 8.956517874779577892e-02 9.104348212522657136e-01
1.525000000000000000e+03 1.360024845052890119e-01 8.639975154947765468e-01
1.527500000000000000e+03 3.818483414650832297e-01 6.181516585349737802e-01
1.530000000000000000e+03 6.951854069480717380e-01 3.048145930519856051e-01
1.532500000000000000e+03 9.145863302175414322e-01 8.541366978251037356e-02
1.535000000000000000e+03 9.176931710457261193e-01 8.230682895432310520e-02
1.537500000000000000e+03 6.977822710118689598e-01 3.022177289881885498e-01
1.540000000000000000e+03 3.711349111412565183e-01 6.288650888587963284e-01
1.542500000000000000e+03 1.076488551951082645e-01 8.923511448049461503e-01
1.545000000000000000e+03 5.585316274833986017e-02 9.441468372517184404e-01
1.547500000000000000e+03 2.470894387361680100e-01 7.529105612638895551e-01
1.550000000000000000e+03 5.773481371006743412e-01 4.226518628993791160e-01
1.552500000000000000e+03 8.719282841584148347e-01 1.280717158416413981e-01
1.555000000000000000e+03 9.658755837012356071e-01 3.412441629881503291e-02
1.557500000000000000e+03 8.092399418164391012e-01 1.907600581836122466e-01
1.560000000000000000e+03 4.892808571234741333e-01 5.107191428765768260e-01
1.562500000000000000e+03 1.742131113302754775e-01 8.257868886697772304e-01
1.565000000000000000e+03 3.749479768197200996e-02 9.625052023180845628e-01
1.567500000000000000e+03 1.506401974506865471e-01 8.493598025493649395e-01
1.570000000000000000e+03 4.529914036359166674e-01 5.470085963641281301e-01
1.572500000000000000e+03 7.891672361604021857e-01 2.108327638396397807e-01
1.575000000000000000e+03 9.749695407074417952e-01 2.503045929259666708e-02
1.577500000000000000e+03 9.107730388722073966e-01 8.922696112783407019e-02
1.580000000000000000e+03 6.275784399742865283e-01 3.724215600257592684e-01
1.582500000000000000e+03 2.707704077798319120e-01 7.292295922202116643e-01
1.585000000000000000e+03 3.808245482985007924e-02 9.619175451701965640e-01
1.587500000000000000e+03 5.464310259858049662e-02 9.453568974014665560e-01
1.590000000000000000e+03 3.133717663142325249e-01 6.866282336858123836e-01
1.592500000000000000e+03 6.777767328091095500e-01 3.222232671909400770e-01
1.595000000000000000e+03 9.443780303689069955e-01 5.562196963114537235e-02
1.597500000000000000e+03 9.726055940062845462e-01 2.739440599376750940e-02
1.600000000000000000e+03 7.483991006238579491e-01 2.516008993761880697e-01
1.602500000000000000e+03 3.913069735936108295e-01 6.086930264064343010e-01
1.605000000000000000e+03 9.876316234964714613e-02 9.012368376503951950e-01
1.607500000000000000e+03 2.272339402712868217e-02 9.772766059729136590e-01
1.610000000000000000e+03 2.044201084858929540e-01 7.955798915141546468e-01
1.612500000000000000e+03 5.500252905233802281e-01 4.499747094766674005e-01
1.615000000000000000e+03 8.709871982705420512e-01 1.290128017295010532e-01
1.617500000000000000e+03 9.995254754796671914e-01 4.745245203790469132e-04
1.620000000000000000e+03 8.623543712276046103e-01 1.376456287724356908e-01
1.622500000000000000e+03 5.283099502285398819e-01 4.716900497715014740e-01
1.625000000000000000e+03 1.809398580387665545e-01 8.190601419612731915e-01
1.627500000000000000e+03 4.054973438670223321e-03 9.959450265613729592e-01
1.630000000000000000e+03 9.720277454266812445e-02 9.027972254573761735e-01
1.632500000000000000e+03 4.110694081142367007e-01 5.889305918858065425e-01
1.635000000000000000e+03 7.698823129476477511e-01 2.301176870523964912e-01
1.637500000000000000e+03 9.840048300994347352e-01 1.599516990061210231e-02
1.640000000000000000e+03 9.367274586063003561e-01 6.327254139374313691e-02
1.642500000000000000e+03 6.563575298321940865e-01 3.436424701678489901e-01
1.645000000000000000e+03 2.999649162022449689e-01 7.000350837977962204e-01
1.647500000000000000e+03 5.352152990515546271e-02 9.464784700948875029e-01
1.650000000000000000e+03 5.056919448031881037e-02 9.494308055197265839e-01
1.652500000000000000e+03 2.913367836808771760e-01 7.086632163191634026e-01
1.655000000000000000e+03 6.439464158735018762e-01 3.560535841265378143e-01
1.657500000000000000e+03 9.253014270155051069e-01 7.469857298453708161e-02
1.660000000000000000e+03 9.801446067392494133e-01 1.985539326079245603e-02
1.662500000000000000e+03 7.781108391208987340e-01 2.218891608791478121e-01
1.665000000000000000e+03 4.295078924994341629e-01 5.704921075006107456e-01
1.667500000000000000e+03 1.176886804615085991e-01 8.823113195385355878e-01
1.670000000000000000e+03 1.623482537408093770e-02 9.837651746259656882e-01
1.672500000000000000e+03 1.780243964189702210e-01 8.219756035810793504e-01
1.675000000000000000e+03 5.110080806784385032e-01 4.889919193216071269e-01
1.677500000000000000e+03 8.378883637683880448e-01 1.621116362316606940e-01
1.680000000000000000e+03 9.786227709667532082e-01 2.137722903329247054e-02
1.682500000000000000e+03 8.635441467180929864e-01 1.364558532819490633e-01
1.685000000000000000e+03 5.607629055882026314e-01 4.392370944118457188e-01
1.687500000000000000e+03 2.303870026354000455e-01 7.696129973646486100e-01
1.690000000000000000e+03 5.231910638222371512e-02 9.476808936178191534e-01
1.692500000000000000e+03 1.162161847006985826e-01 8.837838152993415797e-01
1.695000000000000000e+03 3.852305585647202157e-01 6.147694414353220838e-01
1.697500000000000000e+03 7.193576806099473142e-01 2.806423193900883239e-01
1.700000000000000000e+03 9.356572003189530529e-01 6.434279968108295999e-02
1.702500000000000000e+03 9.211425026791770776e-01 7.885749732085951813e-02
1.705000000000000000e+03 6.834587326258754203e-01 3.165412673741651028e-01
1.707500000000000000e+03 3.475345045098838792e-01 6.524654954901526471e-01
1.710000000000000000e+03 9.994884659247610381e-02 9.000511534075650300e-01
1.712500000000000000e+03 7.041320686355408143e-02 9.295867931364812931e-01
1.715000000000000000e+03 2.725175360962004412e-01 7.274824639038358631e-01
1.717500000000000000e+03 5.963400149021447216e-01 4.036599850978928594e-01
1.720000000000000000e+03 8.615605241616910437e-01 1.384394758383482860e-01
1.722500000000000000e+03 9.323496226936358600e-01 6.765037730640317826e-02
1.725000000000000000e+03 7.756660709066578452e-01 2.243339290933767105e-01
1.727500000000000000e+03 4.780779197613651554e-01 5.219220802386737024e-01
1.730000000000000000e+03 2.034150999369780111e-01 7.965849000630618182e-01
1.732500000000000000e+03 9.123846721339994026e-02 9.087615327866382930e-01
1.735000000000000000e+03 1.991645575568074533e-01 8.008354424432289065e-01
1.737500000000000000e+03 4.692306794064456943e-01 5.307693205935964942e-01
1.740000000000000000e+03 7.536111744226734466e-01 2.463888255773615810e-01
1.742500000000000000e+03 9.051034621764110222e-01 9.489653782362386658e-02
1.745000000000000000e+03 8.412018455750052137e-01 1.587981544250383625e-01
1.747500000000000000e+03 5.963426691595901108e-01 4.036573308404499127e-01
1.750000000000000000e+03 3.069654223137134319e-01 6.930345776863227059e-01
1.752500000000000000e+03 1.251788991193857614e-01 8.748211008806516809e-01
1.755000000000000000e+03 1.491391776078150877e-01 8.508608223922266012e-01
1.757500000000000000e+03 3.616059780158519255e-01 6.383940219841931496e-01
1.760000000000000000e+03 6.415092509559860989e-01 3.584907490440541467e-01
1.762500000000000000e+03 8.429836344091934386e-01 1.570163655908501932e-01
1.765000000000000000e+03 8.606101903420593224e-01 1.393898096579875290e-01
1.767500000000000000e+03 6.921177885929404860e-01 3.078822114071002591e-01
1.770000000000000000e+03 4.334130320715390283e-01 5.665869679284978311e-01
1.772500000000000000e+03 2.171638115460607088e-01 7.828361884539776216e-01
1.775000000000000000e+03 1.569393578015861046e-01 8.430606421984565557e-01
1.777500000000000000e+03 2.799333705218236545e-01 7.200666294782243071e-01
1.780000000000000000e+03 5.175799579167047471e-01 4.824200420833409941e-01
1.782500000000000000e+03 7.472788127519993662e-01 2.527211872480483179e-01
1.785000000000000000e+03 8.446278959746872372e-01 1.553721040253512597e-01
1.787500000000000000e+03 7.606557122805626125e-01 2.393442877194813800e-01
1.790000000000000000e+03 5.435847467388272847e-01 4.564152532612174018e-01
1.792500000000000000e+03 3.084159669190275066e-01 6.915840330810163472e-01
1.795000000000000000e+03 1.838500316106417565e-01 8.161499683894049006e-01
1.797500000000000000e+03 2.307577358966516057e-01 7.692422641033905828e-01
1.800000000000000000e+03 4.178081248967325245e-01 5.821918751033070549e-01
1.802500000000000000e+03 6.447324765171478234e-01 3.552675234828969186e-01
1.805000000000000000e+03 7.899529273863028500e-01 2.100470726137378952e-01
1.807500000000000000e+03 7.851536793915270263e-01 2.148463206085197419e-01
1.810000000000000000e+03 6.392256751687670491e-01 3.607743248312760831e-01
1.812500000000000000e+03 4.290040711511699523e-01 5.709959288488697382e-01
1.815000000000000000e+03 2.653169355872248003e-01 7.346830644128163890e-01
1.817500000000000000e+03 2.273806707871621202e-01 7.726193292128787915e-01
1.820000000000000000e+03 3.326292127771229845e-01 6.673707872229226457e-01
1.822500000000000000e+03 5.264012437852509940e-01 4.735987562147927488e-01
1.825000000000000000e+03 7.044555463351280800e-01 2.955444536649151632e-01
1.827500000000000000e+03 7.765424996483575315e-01 2.234575003516840741e-01
1.830000000000000000e+03 7.055643115049806680e-01 2.944356884950607434e-01
1.832500000000000000e+03 5.308891166600643308e-01 4.691108833399783018e-01
1.835000000000000000e+03 3.492636449282383593e-01 6.507363550718098244e-01
1.837500000000000000e+03 2.527537327840348458e-01 7.472462672160133934e-01
1.840000000000000000e+03 2.887838216233270527e-01 7.112161783767174672e-01
1.842500000000000000e+03 4.335043050749068927e-01 5.664956949251399587e-01
1.845000000000000000e+03 6.073307682471573710e-01 3.926692317528883147e-01
1.847500000000000000e+03 7.255657717770780391e-01 2.744342282229705887e-01
1.850000000000000000e+03 7.311560123058256089e-01 2.688439876942249063e-01
1.852500000000000000e+03 6.254146714553245889e-01 3.745853285447242609e-01
1.855000000000000000e+03 4.641333769296396294e-01 5.358666230704083322e-01
1.857500000000000000e+03 3.248841843936436380e-01 6.751158156064023252e-01
1.860000000000000000e+03 2.784567484484715694e-01 7.215432515515770584e-01
1.862500000000000000e+03 3.471564199104595350e-01 6.528435800895864283e-01
1.865000000000000000e+03 4.948615927041360996e-01 5.051384072959117510e-01
1.867500000000000000e+03 6.476055070396085078e-01 3.523944929604384546e-01
1.870000000000000000e+03 7.244616110561920008e-01 2.755383889438499656e-01
1.872500000000000000e+03 6.881337596884357088e-01 3.118662403116128079e-01
1.875000000000000000e+03 5.604170323551076471e-01 4.395829676449383161e-01
1.877500000000000000e+03 4.070905388543235581e-01 5.929094611457230712e-01
1.880000000000000000e+03 3.079819156914463396e-01 6.920180843085995681e-01
1.882500000000000000e+03 3.086644344186353361e-01 6.913355655814082956e-01
1.885000000000000000e+03 4.055634662811921087e-01 5.944365337188496357e-01
1.887500000000000000e+03 5.510636155918720025e-01 4.489363844081733501e-01
1.890000000000000000e+03 6.727991638711263711e-01 3.272008361289204803e-01
1.892500000000000000e+03 7.142280456210541306e-01 2.857719543789926098e-01
1.895000000000000000e+03 6.536917918970726049e-01 3.463082081029686954e-01
1.897500000000000000e+03 5.176949856960650909e-01 4.823050143039777082e-01
1.900000000000000000e+03 3.740026647141113658e-01 6.259973352859331541e-01
1.902500000000000000e+03 2.932380151591850725e-01 7.067619848408575045e-01
1.905000000000000000e+03 3.198475934705566903e-01 6.801524065294850541e-01
1.907500000000000000e+03 4.427915228596672748e-01 5.572084771403713610e-01
1.910000000000000000e+03 5.978443497776224635e-01 4.021556502224191698e-01
1.912500000000000000e+03 7.071792652014770031e-01 2.928207347985617437e-01
1.915000000000000000e+03 7.131700444223378899e-01 2.868299555777020782e-01
1.917500000000000000e+03 6.135261693239777436e-01 3.864738306760597819e-01
1.920000000000000000e+03 4.605742393384751887e-01 5.394257606615611156e-01
1.922500000000000000e+03 3.285200511952512947e-01 6.714799488047853426e-01
1.925000000000000000e+03 2.846828968248188430e-01 7.153171031752207920e-01
1.927500000000000000e+03 3.512573839806589771e-01 6.487426160193823232e-01
1.930000000000000000e+03 4.969810945628872489e-01 5.030189054371517754e-01
1.932500000000000000e+03 6.537251129736808553e-01 3.462748870263601675e-01
1.935000000000000000e+03 7.397295224872623143e-01 2.602704775127746006e-01
1.937500000000000000e+03 7.079746605957111250e-01 2.920253394043297313e-01
1.940000000000000000e+03 5.693211532253708018e-01 4.306788467746691662e-01
1.942500000000000000e+03 3.899535198833654626e-01 6.100464801166751716e-01
1.945000000000000000e+03 2.664424262393467191e-01 7.335575737606905289e-01
1.947500000000000000e+03 2.650803373194354773e-01 7.349196626806033805e-01
1.950000000000000000e+03 3.899464173623514718e-01 6.100535826376869419e-01
1.952500000000000000e+03 5.790280544804922158e-01 4.209719455195463644e-01
1.955000000000000000e+03 7.309892918076980051e-01 2.690107081923400756e-01
1.957500000000000000e+03 7.684191119971321982e-01 2.315808880029010808e-01
1.960000000000000000e+03 6.704012542543746900e-01 3.295987457456616698e-01
1.962500000000000000e+03 4.843465976391317374e-01 5.156534023609041784e-01
1.965000000000000000e+03 3.069264434706259204e-01 6.930735565294119382e-01
1.967500000000000000e+03 2.271101719403071373e-01 7.728898280597295001e-01
1.970000000000000000e+03 2.906962397670667664e-01 7.093037602329737012e-01
1.972500000000000000e+03 4.712156426375957996e-01 5.287843573624428917e-01
1.975000000000000000e+03 6.758120251005075296e-01 3.241879748995312172e-01
1.977500000000000000e+03 7.989449867985719544e-01 2.010550132014674585e-01
1.980000000000000000e+03 7.682545327014583814e-01 2.317454672985785336e-01
1.982500000000000000e+03 5.930348919059972301e-01 4.069651080940383525e-01
1.985000000000000000e+03 3.656639753193765552e-01 6.343360246806601932e-01
1.987500000000000000e+03 2.051311208684074294e-01 7.948688791316311786e-01
1.990000000000000000e+03 2.026069031473594073e-01 7.973930968526776741e-01
1.992500000000000000e+03 3.624818537842853239e-01 6.375181462157446521e-01
1.995000000000000000e+03 5.992265209614973109e-01 4.007734790385328316e-01
1.997500000000000000e+03 7.913571354993014229e-01 2.086428645007290528e-01
2.000000000000000000e+03 8.343647804332132711e-01 1.656352195668124305e-01
