0.000000000000000000e+00 0.000000000000000000e+00 1.000000000000000000e+00
2.500000000000000000e+00 1.373924989045053058e-01 8.626075010954945554e-01
5.000000000000000000e+00 4.697107960749462574e-01 5.302892039250534095e-01
7.500000000000000000e+00 8.202072897438477117e-01 1.797927102561515667e-01
1.000000000000000000e+01 9.949882270127125006e-01 5.011772987286567012e-03
1.250000000000000000e+01 9.059607604686559235e-01 9.403923953134607494e-02
1.500000000000000000e+01 6.078773091227187564e-01 3.921226908772850739e-01
1.750000000000000000e+01 2.609285441891038837e-01 7.390714558108992804e-01
2.000000000000000000e+01 5.626794907960076114e-02 9.437320509204056851e-01
2.250000000000000000e+01 9.740599121374093894e-02 9.025940087862651673e-01
2.500000000000000000e+01 3.585940050152779945e-01 6.414059949847233932e-01
2.750000000000000000e+01 7.042157663090345965e-01 2.957842336909715097e-01
3.000000000000000000e+01 9.490326719863499960e-01 5.096732801365276566e-02
3.250000000000000000e+01 9.709499734466302545e-01 2.905002655337286799e-02
3.500000000000000000e+01 7.601530125835005425e-01 2.398469874165029547e-01
3.750000000000000000e+01 4.241246327239579506e-01 5.758753672760502651e-01
4.000000000000000000e+01 1.428560522201885730e-01 8.571439477798127315e-01
4.250000000000000000e+01 6.001308248228942599e-02 9.399869175177166802e-01
4.500000000000000000e+01 2.218895851089817128e-01 7.781104148910233942e-01
4.750000000000000000e+01 5.470311609960631927e-01 4.529688390039418588e-01
5.000000000000000000e+01 8.580619914534139969e-01 1.419380085465886954e-01
5.250000000000000000e+01 9.898962047362486194e-01 1.010379526376057810e-02
5.500000000000000000e+01 8.642423379918793280e-01 1.357576620081297203e-01
5.750000000000000000e+01 5.416682326279427251e-01 4.583317673720672669e-01
6.000000000000000000e+01 1.987317267802304610e-01 8.012682732197802249e-01
6.250000000000000000e+01 1.749660333997425654e-02 9.825033966600374979e-01
6.500000000000000000e+01 1.011134473987119059e-01 8.988865526012973506e-01
6.750000000000000000e+01 4.062507392245257587e-01 5.937492607754845109e-01
7.000000000000000000e+01 7.616109968082633852e-01 2.383890031917498264e-01
7.250000000000000000e+01 9.773050491993998667e-01 2.269495080061185999e-02
7.500000000000000000e+01 9.333411904486067501e-01 6.665880955139888431e-02
7.750000000000000000e+01 6.557259862219227964e-01 3.442740137780868626e-01
8.000000000000000000e+01 3.022263211371390423e-01 6.977736788628734477e-01
8.250000000000000000e+01 6.064004547333955164e-02 9.393599545266733131e-01
8.500000000000000000e+01 6.335015815806986639e-02 9.366498418419486605e-01
8.750000000000000000e+01 3.064418147799073400e-01 6.935581852201101460e-01
9.000000000000000000e+01 6.554617078428679466e-01 3.445382921571505941e-01
9.250000000000000000e+01 9.314658019518263776e-01 6.853419804818350336e-02
9.500000000000000000e+01 9.884242112921095558e-01 1.157578870790545132e-02
9.750000000000000000e+01 8.010557784328158348e-01 1.989442215671972103e-01
1.000000000000000000e+02 4.722238575904870728e-01 5.277761424095277487e-01
1.025000000000000000e+02 1.691527696764312250e-01 8.308472303235884260e-01
1.050000000000000000e+02 5.381097745070578808e-02 9.461890225493172490e-01
1.075000000000000000e+02 1.852603410697993558e-01 8.147396589302235981e-01
1.100000000000000000e+02 4.943478043503087838e-01 5.056521956497199710e-01
1.125000000000000000e+02 8.240965280424850103e-01 1.759034719575396366e-01
1.150000000000000000e+02 9.944399185996668500e-01 5.560081400359816184e-03
1.175000000000000000e+02 9.130261604528576713e-01 8.697383954716800258e-02
1.200000000000000000e+02 6.186882671503191045e-01 3.813117328497095948e-01
1.225000000000000000e+02 2.605774407354680688e-01 7.394225592645649048e-01
1.250000000000000000e+02 3.522163272890552893e-02 9.647783672711328640e-01
1.275000000000000000e+02 6.265373030370817442e-02 9.373462696963281715e-01
1.300000000000000000e+02 3.293565523889908642e-01 6.706434476110409992e-01
1.325000000000000000e+02 6.942683090075734142e-01 3.057316909924648329e-01
1.350000000000000000e+02 9.523557251933615353e-01 4.764427480668254750e-02
1.375000000000000000e+02 9.656071458523307616e-01 3.439285414770618110e-02
1.400000000000000000e+02 7.275269202304817107e-01 2.724730797695509854e-01
1.425000000000000000e+02 3.669538411424154711e-01 6.330461588576240528e-01
1.450000000000000000e+02 8.699702406632794927e-02 9.130029759337138229e-01
1.475000000000000000e+02 3.526278898930067240e-02 9.647372110107446108e-01
1.500000000000000000e+02 2.377341505960400281e-01 7.622658494040072119e-01
1.525000000000000000e+02 5.853037334016299997e-01 4.146962665984169627e-01
1.550000000000000000e+02 8.864904191738284256e-01 1.135095808262225475e-01
1.575000000000000000e+02 9.882409525381276039e-01 1.175904746192251576e-02
1.600000000000000000e+02 8.406199715666226036e-01 1.593800284334311312e-01
1.625000000000000000e+02 5.245349827073865212e-01 4.754650172926643270e-01
1.650000000000000000e+02 2.132283224230292762e-01 7.867716775770263737e-01
1.675000000000000000e+02 6.568534800927065820e-02 9.343146519907821190e-01
1.700000000000000000e+02 1.605642350234720017e-01 8.394357649765837870e-01
1.725000000000000000e+02 4.495503523042788663e-01 5.504496476957785323e-01
1.750000000000000000e+02 7.777235838191767225e-01 2.222764161808808980e-01
1.775000000000000000e+02 9.769143901364757410e-01 2.308560986358405148e-02
1.800000000000000000e+02 9.363715551631076606e-01 6.362844483695680176e-02
1.825000000000000000e+02 6.718404629362644265e-01 3.281595370638021869e-01
1.850000000000000000e+02 3.229035700130208353e-01 6.770964299870427805e-01
1.875000000000000000e+02 6.915934600402726118e-02 9.308406539960416559e-01
1.900000000000000000e+02 5.204277484866060011e-02 9.479572251514061243e-01
1.925000000000000000e+02 2.840387510036322949e-01 7.159612489964306548e-01
1.950000000000000000e+02 6.386654613544440195e-01 3.613345386456205399e-01
1.975000000000000000e+02 9.276915517043207160e-01 7.230844829574695209e-02
2.000000000000000000e+02 9.868225461218792516e-01 1.317745387818038821e-02
2.025000000000000000e+02 7.815750188468453263e-01 2.184249811532228414e-01
2.050000000000000000e+02 4.254700689571129790e-01 5.745299310429506923e-01
2.075000000000000000e+02 1.080568903540893577e-01 8.919431096459777830e-01
2.100000000000000000e+02 6.922117766719116348e-03 9.930778822333470313e-01
2.125000000000000000e+02 1.746386010372074360e-01 8.253613989628667547e-01
2.150000000000000000e+02 5.163163010070082048e-01 4.836836989930661246e-01
2.175000000000000000e+02 8.519229140535491407e-01 1.480770859465224687e-01
2.200000000000000000e+02 9.990702497010688354e-01 9.297502990035172790e-04
2.225000000000000000e+02 8.867159706452575341e-01 1.132840293548230959e-01
2.250000000000000000e+02 5.822909259593237463e-01 4.177090740407541913e-01
2.275000000000000000e+02 2.465055732613816442e-01 7.534944267386930461e-01
2.300000000000000000e+02 6.130775603590779554e-02 9.386922439641672833e-01
2.325000000000000000e+02 1.191766928594195085e-01 8.808233071406589287e-01
2.350000000000000000e+02 3.869518404096189967e-01 6.130481595904614389e-01
2.375000000000000000e+02 7.280076121393863620e-01 2.719923878606973489e-01
2.400000000000000000e+02 9.600006015387365643e-01 3.999939846134528687e-02
2.425000000000000000e+02 9.650145554778466472e-01 3.498544452223550927e-02
2.450000000000000000e+02 7.387483179253970800e-01 2.612516820746894064e-01
2.475000000000000000e+02 3.942183138082397953e-01 6.057816861918478013e-01
2.500000000000000000e+02 1.162955165623951875e-01 8.837044834376891478e-01
2.525000000000000000e+02 4.897787138396197948e-02 9.510221286161231191e-01
2.550000000000000000e+02 2.314835832620127098e-01 7.685164167380771350e-01
2.575000000000000000e+02 5.706142439770280905e-01 4.293857560230588399e-01
2.600000000000000000e+02 8.784569331747414944e-01 1.215430668253479202e-01
2.625000000000000000e+02 9.893531675539326553e-01 1.064683244616223753e-02
2.650000000000000000e+02 8.370888628571144796e-01 1.629111371429830535e-01
2.675000000000000000e+02 4.993006200195593824e-01 5.006993799805319334e-01
2.700000000000000000e+02 1.643299273617589706e-01 8.356700726383330391e-01
2.725000000000000000e+02 1.137303316920791965e-02 9.886269668308833580e-01
2.750000000000000000e+02 1.266354270411989003e-01 8.733645729588926931e-01
2.775000000000000000e+02 4.480017860104976712e-01 5.519982139895982520e-01
2.800000000000000000e+02 7.948003155664877806e-01 2.051996844336120285e-01
2.825000000000000000e+02 9.840681980747505442e-01 1.593180192534372416e-02
2.850000000000000000e+02 9.141095860211603252e-01 8.589041397893373841e-02
2.875000000000000000e+02 6.268368254543897899e-01 3.731631745457000271e-01
2.900000000000000000e+02 2.847055000194331775e-01 7.152944999806618576e-01
2.925000000000000000e+02 6.705854606000279106e-02 9.329414539400906481e-01
2.950000000000000000e+02 9.124596818877472870e-02 9.087540318113256355e-01
2.975000000000000000e+02 3.425918423952984404e-01 6.574081576048043107e-01
3.000000000000000000e+02 6.843307429286997756e-01 3.156692570713969803e-01
3.025000000000000000e+02 9.430605121555699633e-01 5.693948784452441264e-02
3.050000000000000000e+02 9.813690148111695599e-01 1.863098518893047117e-02
3.075000000000000000e+02 7.802248798926463280e-01 2.197751201074544525e-01
3.100000000000000000e+02 4.463826508965066386e-01 5.536173491035900618e-01
3.125000000000000000e+02 1.482942281997715606e-01 8.517057718003360200e-01
3.150000000000000000e+02 4.662686800552610922e-02 9.533731319945782934e-01
3.175000000000000000e+02 1.956601773262799104e-01 8.043398226738233125e-01
3.200000000000000000e+02 5.172301613673239151e-01 4.827698386327836655e-01
3.225000000000000000e+02 8.458026844831301183e-01 1.541973155169766019e-01
3.250000000000000000e+02 9.986110163767707437e-01 1.388983623329130166e-03
3.275000000000000000e+02 8.903571805089890434e-01 1.096428194911119453e-01
3.300000000000000000e+02 5.754959315278407317e-01 4.245040684722670710e-01
3.325000000000000000e+02 2.169261750064790661e-01 7.830738249936288753e-01
3.350000000000000000e+02 1.398643234332513051e-02 9.860135676567844953e-01
3.375000000000000000e+02 7.515465272134835839e-02 9.248453472787607765e-01
3.400000000000000000e+02 3.665407952299466476e-01 6.334592047701651518e-01
3.425000000000000000e+02 7.327676796841340323e-01 2.672323203159774341e-01
3.450000000000000000e+02 9.691083617206890377e-01 3.089163827942404544e-02
3.475000000000000000e+02 9.523231563610801143e-01 4.767684363902900679e-02
3.500000000000000000e+02 6.959994286205885006e-01 3.040005713795200792e-01
3.525000000000000000e+02 3.397993426803449513e-01 6.602006573197696238e-01
3.550000000000000000e+02 8.278601817483274838e-02 9.172139818252798005e-01
3.575000000000000000e+02 5.782586100076857194e-02 9.421741389993461002e-01
3.600000000000000000e+02 2.750879170143923913e-01 7.249120829857211845e-01
3.625000000000000000e+02 6.194313142148571982e-01 3.805686857852579319e-01
3.650000000000000000e+02 9.040637550786403409e-01 9.593624492147657945e-02
3.675000000000000000e+02 9.860835567704646643e-01 1.391644322965403940e-02
3.700000000000000000e+02 8.250219131935452310e-01 1.749780868065720085e-01
3.725000000000000000e+02 5.054069737518877004e-01 4.945930262482345352e-01
3.750000000000000000e+02 1.995314597873801277e-01 8.004685402127401650e-01
3.775000000000000000e+02 6.302446579692891349e-02 9.369755342031887979e-01
3.800000000000000000e+02 1.700910765083709086e-01 8.299089234917502722e-01
3.825000000000000000e+02 4.675835238609985511e-01 5.324164761391245726e-01
3.850000000000000000e+02 7.951069006293551844e-01 2.048930993707701043e-01
3.875000000000000000e+02 9.816436782215270940e-01 1.835632177860040126e-02
3.900000000000000000e+02 9.201254788287032138e-01 7.987452117142149199e-02
3.925000000000000000e+02 6.363025650972491398e-01 3.636974349028795905e-01
3.950000000000000000e+02 2.823389501123864109e-01 7.176610498877409317e-01
3.975000000000000000e+02 4.360492000922704114e-02 9.563950799908962352e-01
4.000000000000000000e+02 5.494687399065206757e-02 9.450531260094777730e-01
4.025000000000000000e+02 3.129545508647731955e-01 6.870454491353521487e-01
4.050000000000000000e+02 6.743174982503470360e-01 3.256825017497806951e-01
4.075000000000000000e+02 9.459419854772760372e-01 5.405801452285268621e-02
4.100000000000000000e+02 9.747017457592488388e-01 2.529825424087867036e-02
4.125000000000000000e+02 7.456775274343054871e-01 2.543224725658169150e-01
4.150000000000000000e+02 3.885627258005561746e-01 6.114372741995757199e-01
4.175000000000000000e+02 9.397743749836558191e-02 9.060225625017664930e-01
4.200000000000000000e+02 2.527748716024050962e-02 9.747225128398928629e-01
4.225000000000000000e+02 2.164097092984202386e-01 7.835902907017124885e-01
4.250000000000000000e+02 5.600116624789517328e-01 4.399883375211833259e-01
4.275000000000000000e+02 8.776938171368295905e-01 1.223061828633083686e-01
4.300000000000000000e+02 9.997115720085807400e-01 2.884279915588889328e-04
4.325000000000000000e+02 8.686040685259638350e-01 1.313959314741732221e-01
4.350000000000000000e+02 5.595867929183838685e-01 4.404132070817561861e-01
4.375000000000000000e+02 2.320846415576774957e-01 7.679153584424595058e-01
4.400000000000000000e+02 6.148507978631011228e-02 9.385149202138269864e-01
4.425000000000000000e+02 1.334392688841537222e-01 8.665607311159811976e-01
4.450000000000000000e+02 4.092822452599221839e-01 5.907177547402112650e-01
4.475000000000000000e+02 7.493513784573651026e-01 2.506486215427727871e-01
4.500000000000000000e+02 9.703200077204973129e-01 2.967999227964720002e-02
4.525000000000000000e+02 9.564482460698264799e-01 4.355175393031644054e-02
4.550000000000000000e+02 7.107398923624584919e-01 2.892601076376848379e-01
4.575000000000000000e+02 3.558776801156953162e-01 6.441223198844457931e-01
4.600000000000000000e+02 8.443944005455833457e-02 9.155605599455849397e-01
4.625000000000000000e+02 3.931913485102218886e-02 9.606808651491183237e-01
4.650000000000000000e+02 2.477297401300949942e-01 7.522702598700479193e-01
4.675000000000000000e+02 6.008980637589821372e-01 3.991019362411621918e-01
4.700000000000000000e+02 9.009382376105344870e-01 9.906176238960871794e-02
4.725000000000000000e+02 9.861584274770558434e-01 1.384157252309243039e-02
4.750000000000000000e+02 8.071846934171575949e-01 1.928153065829888990e-01
4.775000000000000000e+02 4.595244490313227792e-01 5.404755509688261572e-01
4.800000000000000000e+02 1.392982919807279896e-01 8.607017080194221403e-01
4.825000000000000000e+02 1.740449126566235086e-02 9.825955087344903083e-01
4.850000000000000000e+02 1.606282278608823222e-01 8.393717721392707221e-01
4.875000000000000000e+02 4.909124360489519612e-01 5.090875639512043582e-01
4.900000000000000000e+02 8.240736097276770700e-01 1.759263902724790274e-01
4.925000000000000000e+02 9.875850603093048186e-01 1.241493969085262841e-02
4.950000000000000000e+02 8.965497726391810085e-01 1.034502273609691492e-01
4.975000000000000000e+02 6.038871709857283054e-01 3.961128290144259601e-01
5.000000000000000000e+02 2.725746465475210600e-01 7.274253534526353704e-01
5.025000000000000000e+02 7.352573941841333838e-02 9.264742605817453125e-01
5.050000000000000000e+02 1.130818837472502003e-01 8.869181162529073958e-01
5.075000000000000000e+02 3.701224461184171588e-01 6.298775538817411590e-01
5.100000000000000000e+02 7.066991985392720999e-01 2.933008014608848857e-01
5.125000000000000000e+02 9.519578394851588854e-01 4.804216051500044549e-02
5.150000000000000000e+02 9.729870404349778568e-01 2.701295956518112718e-02
5.175000000000000000e+02 7.558383499805524375e-01 2.441616500196049089e-01
5.200000000000000000e+02 4.138430625729972445e-01 5.861569374271671240e-01
5.225000000000000000e+02 1.204166910851319078e-01 8.795833089150297823e-01
5.250000000000000000e+02 3.618173472726050888e-02 9.638182652729061495e-01
5.275000000000000000e+02 2.081317530351993739e-01 7.918682469649684919e-01
5.300000000000000000e+02 5.447058636102142248e-01 4.552941363899571936e-01
5.325000000000000000e+02 8.696463951639892276e-01 1.303536048361765842e-01
5.350000000000000000e+02 9.997949491707689429e-01 2.050508294051554738e-04
5.375000000000000000e+02 8.620068510549309115e-01 1.379931489452422000e-01
5.400000000000000000e+02 5.298973361937642235e-01 4.701026638064041419e-01
5.425000000000000000e+02 1.786357435702684293e-01 8.213642564299030724e-01
5.450000000000000000e+02 4.758063513064085884e-03 9.952419364871127883e-01
5.475000000000000000e+02 1.003942413863052330e-01 8.996057586138659357e-01
5.500000000000000000e+02 4.109515087949621170e-01 5.890484912052118549e-01
5.525000000000000000e+02 7.711028164344096991e-01 2.288971835657690745e-01
5.550000000000000000e+02 9.821466485949204017e-01 1.785335140525592598e-02
5.575000000000000000e+02 9.377834959138691140e-01 6.221650408630831353e-02
5.600000000000000000e+02 6.687124695686669229e-01 3.312875304315046621e-01
5.625000000000000000e+02 3.200428192973746033e-01 6.799571807028068626e-01
5.650000000000000000e+02 8.363566548152243096e-02 9.163643345186568423e-01
5.675000000000000000e+02 7.937481027977677517e-02 9.206251897204023038e-01
5.700000000000000000e+02 3.064476824025815782e-01 6.935523175975962795e-01
5.725000000000000000e+02 6.469766340010942862e-01 3.530233659990799078e-01
5.750000000000000000e+02 9.181939231594895556e-01 8.180607684068472163e-02
5.775000000000000000e+02 9.835904769597766384e-01 1.640952304040054280e-02
5.800000000000000000e+02 8.086908302705355656e-01 1.913091697296370741e-01
5.825000000000000000e+02 4.816759563356119989e-01 5.183240436645659699e-01
5.850000000000000000e+02 1.774859359805998904e-01 8.225140640195770514e-01
5.875000000000000000e+02 5.209058512090954107e-02 9.479094148792723828e-01
5.900000000000000000e+02 1.755465996605147794e-01 8.244534003396688515e-01
5.925000000000000000e+02 4.864197343190522771e-01 5.135802656811296885e-01
5.950000000000000000e+02 8.147349155883092386e-01 1.852650844118693407e-01
5.975000000000000000e+02 9.858552308810966114e-01 1.414476911908250922e-02
6.000000000000000000e+02 8.996264610036993625e-01 1.003735389964879460e-01
6.025000000000000000e+02 5.961698846340519609e-01 4.038301153661299492e-01
6.050000000000000000e+02 2.419254935694808983e-01 7.580745064307012893e-01
6.075000000000000000e+02 2.525701466523389699e-02 9.747429853349520723e-01
6.100000000000000000e+02 6.898076062361761795e-02 9.310192393765682750e-01
6.125000000000000000e+02 3.506483203855481623e-01 6.493516796146424630e-01
6.150000000000000000e+02 7.121565358041606064e-01 2.878434641960238016e-01
6.175000000000000000e+02 9.611000332647250399e-01 3.889996673546085304e-02
6.200000000000000000e+02 9.600197058427765162e-01 3.998029415740935594e-02
6.225000000000000000e+02 7.130486067260023431e-01 2.869513932741887818e-01
6.250000000000000000e+02 3.610603146214979575e-01 6.389396853786899477e-01
6.275000000000000000e+02 9.060311875478971322e-02 9.093968812453998574e-01
6.300000000000000000e+02 4.941854277879369206e-02 9.505814572213981961e-01
6.325000000000000000e+02 2.562887884587922160e-01 7.437112115414039604e-01
6.350000000000000000e+02 5.969253189974510487e-01 4.030746810027447946e-01
6.375000000000000000e+02 8.972122771839744493e-01 1.027877228162244194e-01
6.400000000000000000e+02 9.979630316370381449e-01 2.036968363164215392e-03
6.425000000000000000e+02 8.507760248655744650e-01 1.492239751346288168e-01
6.450000000000000000e+02 5.358899872082782956e-01 4.641100127919235430e-01
6.475000000000000000e+02 2.127602349155753303e-01 7.872397650846253425e-01
6.500000000000000000e+02 5.406250445827161244e-02 9.459374955419337372e-01
6.525000000000000000e+02 1.412386448325939348e-01 8.587613551676093193e-01
6.550000000000000000e+02 4.291669633810988316e-01 5.708330366191027849e-01
6.575000000000000000e+02 7.714186109795965196e-01 2.285813890206042087e-01
6.600000000000000000e+02 9.804910600439531443e-01 1.950893995624879140e-02
6.625000000000000000e+02 9.435265214399551903e-01 5.647347856024715479e-02
6.650000000000000000e+02 6.751850903474048149e-01 3.248149096527945812e-01
6.675000000000000000e+02 3.117655039873492573e-01 6.882344960128576883e-01
6.700000000000000000e+02 5.337434525039412569e-02 9.466256547498115292e-01
6.725000000000000000e+02 3.751004430063718809e-02 9.624899556995702987e-01
6.750000000000000000e+02 2.742504692825932788e-01 7.257495307176112798e-01
6.775000000000000000e+02 6.378223324293021967e-01 3.621776675709018067e-01
6.800000000000000000e+02 9.238309786580264360e-01 7.616902134217652665e-02
6.825000000000000000e+02 9.800649687817093447e-01 1.993503121849225096e-02
6.850000000000000000e+02 7.771043720766112051e-01 2.228956279235910221e-01
6.875000000000000000e+02 4.261189526668519023e-01 5.738810473333595397e-01
6.900000000000000000e+02 1.252250306175209382e-01 8.747749693826890605e-01
6.925000000000000000e+02 3.296407473828349977e-02 9.670359252619309398e-01
6.950000000000000000e+02 1.976742952110063511e-01 8.023257047892062843e-01
6.975000000000000000e+02 5.302298665824953794e-01 4.697701334177204480e-01
7.000000000000000000e+02 8.477060837548171524e-01 1.522939162453950113e-01
7.025000000000000000e+02 9.885987979092776268e-01 1.140120209093249161e-02
7.050000000000000000e+02 8.810818286441103320e-01 1.189181713561055787e-01
7.075000000000000000e+02 5.844046098890461893e-01 4.155953901111723581e-01
7.100000000000000000e+02 2.603890556655181765e-01 7.396109443346998713e-01
7.125000000000000000e+02 7.428249396510652747e-02 9.257175060351111595e-01
7.150000000000000000e+02 1.260827095613179516e-01 8.739172904389005403e-01
7.175000000000000000e+02 3.902684958187812025e-01 6.097315041814341807e-01
7.200000000000000000e+02 7.256043282070323563e-01 2.743956717931862466e-01
7.225000000000000000e+02 9.598232549834221361e-01 4.017674501679539822e-02
7.250000000000000000e+02 9.623462840609285918e-01 3.765371593928829030e-02
7.275000000000000000e+02 7.259501279563426168e-01 2.740498720438737656e-01
7.300000000000000000e+02 3.745322177876123648e-01 6.254677822126074593e-01
7.325000000000000000e+02 8.904680548600736600e-02 9.109531945142129716e-01
7.350000000000000000e+02 2.849515898532226088e-02 9.715048410148965363e-01
7.375000000000000000e+02 2.279561828878445551e-01 7.720438171123806814e-01
7.400000000000000000e+02 5.786592685031476391e-01 4.213407314970765705e-01
7.425000000000000000e+02 8.945088720273730587e-01 1.054911279728566881e-01
7.450000000000000000e+02 9.970600455124306594e-01 2.939954487797175747e-03
7.475000000000000000e+02 8.301079275803810997e-01 1.698920724198534626e-01
7.500000000000000000e+02 4.869194658187136482e-01 5.130805341815153353e-01
7.525000000000000000e+02 1.506424590717013179e-01 8.493575409285282207e-01
7.550000000000000000e+02 9.054457743471714878e-03 9.909455422567570171e-01
7.575000000000000000e+02 1.354059964310541653e-01 8.645940035691719316e-01
7.600000000000000000e+02 4.573301874851845583e-01 5.426698125150462015e-01
7.625000000000000000e+02 8.053739261098842306e-01 1.946260738903514420e-01
7.650000000000000000e+02 9.909003847339878934e-01 9.099615266247239667e-03
7.675000000000000000e+02 9.232980993839426942e-01 7.670190061629432454e-02
7.700000000000000000e+02 6.454259751741742157e-01 3.545740248260588201e-01
7.725000000000000000e+02 3.038605041708087318e-01 6.961394958294235824e-01
7.750000000000000000e+02 8.340647006838236566e-02 9.165935299318537233e-01
7.775000000000000000e+02 9.471817302926525961e-02 9.052818269709703713e-01
7.800000000000000000e+02 3.300864906678188659e-01 6.699135093324174450e-01
7.825000000000000000e+02 6.695452622624011862e-01 3.304547377378355133e-01
7.850000000000000000e+02 9.310918355697911375e-01 6.890816443044991968e-02
7.875000000000000000e+02 9.805871109165220645e-01 1.941288908371399322e-02
7.900000000000000000e+02 7.885958378093895771e-01 2.114041621908517021e-01
7.925000000000000000e+02 4.500873408637809936e-01 5.499126591364572603e-01
7.950000000000000000e+02 1.469892925540012829e-01 8.530107074462415229e-01
7.975000000000000000e+02 3.695255616223062922e-02 9.630474438380125513e-01
8.000000000000000000e+02 1.829266508324434160e-01 8.170733491678012772e-01
8.025000000000000000e+02 5.106061027865164137e-01 4.893938972137291676e-01
8.050000000000000000e+02 8.379556483191692440e-01 1.620443516810763929e-01
8.075000000000000000e+02 9.888178352930798720e-01 1.118216470716273080e-02
8.100000000000000000e+02 8.751098834827917283e-01 1.248901165174497452e-01
8.125000000000000000e+02 5.548748383922076366e-01 4.451251616080344475e-01
8.150000000000000000e+02 2.073678562191937080e-01 7.926321437810499582e-01
8.175000000000000000e+02 1.861442660642496916e-02 9.813855733938187109e-01
8.200000000000000000e+02 9.457533553973000717e-02 9.054246644605183914e-01
8.225000000000000000e+02 3.938363940711616662e-01 6.061636059290872458e-01
8.250000000000000000e+02 7.483754963986665176e-01 2.516245036015794523e-01
8.275000000000000000e+02 9.718723455405633427e-01 2.812765445968530564e-02
8.300000000000000000e+02 9.443420259503161329e-01 5.565797404993567954e-02
8.325000000000000000e+02 6.856316465692949835e-01 3.143683534309567595e-01
8.350000000000000000e+02 3.420166757729603546e-01 6.579833242272866700e-01
8.375000000000000000e+02 9.287749470196396406e-02 9.071225052982889725e-01
8.400000000000000000e+02 7.240509291529756419e-02 9.275949070849565103e-01
8.425000000000000000e+02 2.892581867157775211e-01 7.107418132844799397e-01
8.450000000000000000e+02 6.259494817084478857e-01 3.740505182918110183e-01
8.475000000000000000e+02 9.118886279218252344e-01 8.811137207843225405e-02
8.500000000000000000e+02 9.945199581734318617e-01 5.480041826825557405e-03
8.525000000000000000e+02 8.312008128545911312e-01 1.687991871456628601e-01
8.550000000000000000e+02 5.073377884507782598e-01 4.926622115494806442e-01
8.575000000000000000e+02 1.857833820304113925e-01 8.142166179698435702e-01
8.600000000000000000e+02 3.995413431225701417e-02 9.600458656880050956e-01
8.625000000000000000e+02 1.470528463653654194e-01 8.529471536348951499e-01
8.650000000000000000e+02 4.516287486309199517e-01 5.483712513693415058e-01
8.675000000000000000e+02 7.964946473240754887e-01 2.035053526761900766e-01
8.700000000000000000e+02 9.896339812085486187e-01 1.036601879171542007e-02
8.725000000000000000e+02 9.249645598325770823e-01 7.503544016768569358e-02
8.750000000000000000e+02 6.337167129735898907e-01 3.662832870266736762e-01
8.775000000000000000e+02 2.673255421021670797e-01 7.326744578981023714e-01
8.800000000000000000e+02 2.997182303733713499e-02 9.700281769629355288e-01
8.825000000000000000e+02 4.811439504465829520e-02 9.518856049556144727e-01
8.850000000000000000e+02 3.111774162631184559e-01 6.888225837371544369e-01
8.875000000000000000e+02 6.783147180773936302e-01 3.216852819228813165e-01
8.900000000000000000e+02 9.445349179581801202e-01 5.546508204209846943e-02
8.925000000000000000e+02 9.716535704596231948e-01 2.834642954064956616e-02
8.950000000000000000e+02 7.497309515790813172e-01 2.502690484211951838e-01
8.975000000000000000e+02 4.007584829763056189e-01 5.992415170239683286e-01
9.000000000000000000e+02 1.198054101900131729e-01 8.801945898102596644e-01
9.025000000000000000e+02 5.214323934978348091e-02 9.478567606504880727e-01
9.050000000000000000e+02 2.314510801695172093e-01 7.685489198307576819e-01
9.075000000000000000e+02 5.625497766698928093e-01 4.374502233303831367e-01
9.100000000000000000e+02 8.659949077499264902e-01 1.340050922503477904e-01
9.125000000000000000e+02 9.887326291612138496e-01 1.126737083905758260e-02
9.150000000000000000e+02 8.671184879282504143e-01 1.328815120720246434e-01
9.175000000000000000e+02 5.642046403157221501e-01 4.357953596845516309e-01
9.200000000000000000e+02 2.426032479737232905e-01 7.573967520265486586e-01
9.225000000000000000e+02 6.618143299570020122e-02 9.338185670045753284e-01
9.250000000000000000e+02 1.313989019998321184e-01 8.686010980004433835e-01
9.275000000000000000e+02 4.071555399674349207e-01 5.928444600328411918e-01
9.300000000000000000e+02 7.448743379998403746e-01 2.551256620004367925e-01
9.325000000000000000e+02 9.677516538017129077e-01 3.224834619856682683e-02
9.350000000000000000e+02 9.482404365776044841e-01 5.175956342267024057e-02
9.375000000000000000e+02 6.899975169852509138e-01 3.100024830150243105e-01
9.400000000000000000e+02 3.313443262805124689e-01 6.686556737197676403e-01
9.425000000000000000e+02 6.041024295903793528e-02 9.395897570412430344e-01
9.450000000000000000e+02 2.983139411258750248e-02 9.701686058876972663e-01
9.475000000000000000e+02 2.579872038565627079e-01 7.420127961437179565e-01
9.500000000000000000e+02 6.180546352615509109e-01 3.819453647387205386e-01
9.525000000000000000e+02 9.180984866171564285e-01 8.190151338311918439e-02
9.550000000000000000e+02 9.902100778279395721e-01 9.789922172342549467e-03
9.575000000000000000e+02 7.977619533297168886e-01 2.022380466705604174e-01
9.600000000000000000e+02 4.508573677867989127e-01 5.491426322134812521e-01
9.625000000000000000e+02 1.346718828037147264e-01 8.653281171965694352e-01
9.650000000000000000e+02 2.389705249717429675e-02 9.761029475031053337e-01
9.675000000000000000e+02 1.739965566284754628e-01 8.260034433718088653e-01
9.700000000000000000e+02 5.001944638994608727e-01 4.998055361008225117e-01
9.725000000000000000e+02 8.335525236473291244e-01 1.664474763529522061e-01
9.750000000000000000e+02 9.960470176658028363e-01 3.952982334478891482e-03
9.775000000000000000e+02 9.091461581804382019e-01 9.085384181984354490e-02
9.800000000000000000e+02 6.234809136513083105e-01 3.765190863489749629e-01
9.825000000000000000e+02 2.858443468860321079e-01 7.141556531142567721e-01
9.850000000000000000e+02 7.684513382416899296e-02 9.231548661761198593e-01
9.875000000000000000e+02 1.020144993437871322e-01 8.979855006565015119e-01
9.900000000000000000e+02 3.482489161160742808e-01 6.517510838842155430e-01
9.925000000000000000e+02 6.908622990361330540e-01 3.091377009641552709e-01
9.950000000000000000e+02 9.443725879315894023e-01 5.562741206869700750e-02
9.975000000000000000e+02 9.753851680874348062e-01 2.461483191285874367e-02
1.000000000000000000e+03 7.620293273004790091e-01 2.379706726998115918e-01
1.002500000000000000e+03 4.104575705063816526e-01 5.895424294939080045e-01
1.005000000000000000e+03 1.120847285283812778e-01 8.879152714719128481e-01
1.007500000000000000e+03 2.440809205008047031e-02 9.755919079502168856e-01
1.010000000000000000e+03 1.981453873602728455e-01 8.018546126400225571e-01
1.012500000000000000e+03 5.423000390526359071e-01 4.576999609476589681e-01
1.015000000000000000e+03 8.636270781758148551e-01 1.363729218244835451e-01
1.017500000000000000e+03 9.894329761397113732e-01 1.056702386058964299e-02
1.020000000000000000e+03 8.485560407471719468e-01 1.514439592531260370e-01
1.022500000000000000e+03 5.172267760562399008e-01 4.827732239440616357e-01
1.025000000000000000e+03 1.829453421041871974e-01 8.170546578961175310e-01
1.027500000000000000e+03 2.406087234111153536e-02 9.759391276591925513e-01
1.030000000000000000e+03 1.277714446780182922e-01 8.722285553222802745e-01
1.032500000000000000e+03 4.369015933657572348e-01 5.630984066345494643e-01
1.035000000000000000e+03 7.794092872181962450e-01 2.205907127821123692e-01
1.037500000000000000e+03 9.784108848050985241e-01 2.158911519520592681e-02
1.040000000000000000e+03 9.295856130648699756e-01 7.041438693543664029e-02
1.042500000000000000e+03 6.633023768652152041e-01 3.366976231350960469e-01
1.045000000000000000e+03 3.272034073959326772e-01 6.727965926043734113e-01
1.047500000000000000e+03 9.404997038742707316e-02 9.059500296128771835e-01
1.050000000000000000e+03 8.874083425762910315e-02 9.112591657426734049e-01
1.052500000000000000e+03 3.137153046723359373e-01 6.862846953279660989e-01
1.055000000000000000e+03 6.488478032149213037e-01 3.511521967853805659e-01
1.057500000000000000e+03 9.239767878620339658e-01 7.602321213826855606e-02
1.060000000000000000e+03 9.893503467959150477e-01 1.064965320439431595e-02
1.062500000000000000e+03 8.073105351867032597e-01 1.926894648135998311e-01
1.065000000000000000e+03 4.715289195065712757e-01 5.284710804937328144e-01
1.067500000000000000e+03 1.521412880115773913e-01 8.478587119887299739e-01
1.070000000000000000e+03 2.407424577136050431e-02 9.759257542289467846e-01
1.072500000000000000e+03 1.570083269076134880e-01 8.429916730926920732e-01
1.075000000000000000e+03 4.804758604361907270e-01 5.195241395641118087e-01
1.077500000000000000e+03 8.248193880926604216e-01 1.751806119076388113e-01
1.080000000000000000e+03 9.963979905454128927e-01 3.602009454893818994e-03
1.082500000000000000e+03 9.011574598688190108e-01 9.884254013149279539e-02
1.085000000000000000e+03 5.903073317576088552e-01 4.096926682426960120e-01
1.087500000000000000e+03 2.287247890479275902e-01 7.712752109523794974e-01
1.090000000000000000e+03 1.882066678809797208e-02 9.811793332121990785e-01
1.092500000000000000e+03 7.121412556610105804e-02 9.287858744341978001e-01
1.095000000000000000e+03 3.547637188506453376e-01 6.452362811496494821e-01
1.097500000000000000e+03 7.182847641637259972e-01 2.817152358365712095e-01
1.100000000000000000e+03 9.616338218399531623e-01 3.836617816034814527e-02
1.102500000000000000e+03 9.621483845188334438e-01 3.785161548146599719e-02
1.105000000000000000e+03 7.261358964377064851e-01 2.738641035625971609e-01
1.107500000000000000e+03 3.814193489474422272e-01 6.185806510528619739e-01
1.110000000000000000e+03 1.174491342404656719e-01 8.825508657598348794e-01
1.112500000000000000e+03 6.832523517236815946e-02 9.316747648279355420e-01
1.115000000000000000e+03 2.579450061323270704e-01 7.420549938679763535e-01
1.117500000000000000e+03 5.880036042726028978e-01 4.119963957277031352e-01
1.120000000000000000e+03 8.811558329799994427e-01 1.188441670203114198e-01
1.122500000000000000e+03 9.886779318975202901e-01 1.132206810278324136e-02
1.125000000000000000e+03 8.520616474872604318e-01 1.479383525130534005e-01
1.127500000000000000e+03 5.389189731372024950e-01 4.610810268631078124e-01
1.130000000000000000e+03 2.164661670060934739e-01 7.835338329942211910e-01
1.132500000000000000e+03 5.052533010821189108e-02 9.494746698921018302e-01
1.135000000000000000e+03 1.338516557225433723e-01 8.661483442777735409e-01
1.137500000000000000e+03 4.260490995765911504e-01 5.739509004237224321e-01
1.140000000000000000e+03 7.670966118417287261e-01 2.329033881585865495e-01
1.142500000000000000e+03 9.753015231814906594e-01 2.469847681881901652e-02
1.145000000000000000e+03 9.300228648380076679e-01 6.997713516230727460e-02
1.147500000000000000e+03 6.503003134974046917e-01 3.496996865029132762e-01
1.150000000000000000e+03 2.899256878348979161e-01 7.100743121654232715e-01
1.152500000000000000e+03 4.072243871875048937e-02 9.592775612815702679e-01
1.155000000000000000e+03 4.346012666261257762e-02 9.565398733377077356e-01
1.157500000000000000e+03 2.971181266910563612e-01 7.028818733092645488e-01
1.160000000000000000e+03 6.592920831588858777e-01 3.407079168414341441e-01
1.162500000000000000e+03 9.379483171723494994e-01 6.205168282797719759e-02
1.165000000000000000e+03 9.801872301136783650e-01 1.981276988664538996e-02
1.167500000000000000e+03 7.681168047258791765e-01 2.318831952744493108e-01
1.170000000000000000e+03 4.233427237072153182e-01 5.766572762931146956e-01
1.172500000000000000e+03 1.280854109399809926e-01 8.719145890603468008e-01
1.175000000000000000e+03 4.314291335728996646e-02 9.568570866430341493e-01
1.177500000000000000e+03 2.098587119351341679e-01 7.901412880651945692e-01
1.180000000000000000e+03 5.361096004181796770e-01 4.638903995821486714e-01
1.182500000000000000e+03 8.555308512161029499e-01 1.444691487842315603e-01
1.185000000000000000e+03 9.984944667266896223e-01 1.505533273640066640e-03
1.187500000000000000e+03 8.942900723829335652e-01 1.057099276174028185e-01
1.190000000000000000e+03 5.990235901021968568e-01 4.009764098981365432e-01
1.192500000000000000e+03 2.615203226711372841e-01 7.384796773291967265e-01
1.195000000000000000e+03 6.221268644835010325e-02 9.377873135519800840e-01
1.197500000000000000e+03 1.036170539077679170e-01 8.963829460925653025e-01
1.200000000000000000e+03 3.654377121154221975e-01 6.345622878849110915e-01
1.202500000000000000e+03 7.142800504889459390e-01 2.857199495113922905e-01
1.205000000000000000e+03 9.584314541877664295e-01 4.156854581257159176e-02
1.207500000000000000e+03 9.664628915081708849e-01 3.353710849216693518e-02
1.210000000000000000e+03 7.285863407838428785e-01 2.714136592165001804e-01
1.212500000000000000e+03 3.659830752510684349e-01 6.340169247492701832e-01
1.215000000000000000e+03 7.911028576780929078e-02 9.208897142325339624e-01
1.217500000000000000e+03 2.068869023945970123e-02 9.793113097608796558e-01
1.220000000000000000e+03 2.240585085450249314e-01 7.759414914553142140e-01
1.222500000000000000e+03 5.806037139011167580e-01 4.193962860992243580e-01
1.225000000000000000e+03 8.898112895608472073e-01 1.101887104394916883e-01
1.227500000000000000e+03 9.877411914553858585e-01 1.225880854495250971e-02
1.230000000000000000e+03 8.225899108113696734e-01 1.774100891889689446e-01
1.232500000000000000e+03 4.862412037121781605e-01 5.137587962881664527e-01
1.235000000000000000e+03 1.689117114616896509e-01 8.310882885386550178e-01
1.237500000000000000e+03 3.765922396049752735e-02 9.623407760398471344e-01
1.240000000000000000e+03 1.623029971124805848e-01 8.376970028878674146e-01
1.242500000000000000e+03 4.749529000556697023e-01 5.250470999446732456e-01
1.245000000000000000e+03 8.040202335935289213e-01 1.959797664068121115e-01
1.247500000000000000e+03 9.819986356667503857e-01 1.800136433359302360e-02
1.250000000000000000e+03 9.161929617549956495e-01 8.380703824534765922e-02
1.252500000000000000e+03 6.432666814205476591e-01 3.567333185797961770e-01
1.255000000000000000e+03 3.112024939086797115e-01 6.887975060916640135e-01
1.257500000000000000e+03 8.900870975325209100e-02 9.109912902470900242e-01
1.260000000000000000e+03 9.654169523333611114e-02 9.034583047670075029e-01
1.262500000000000000e+03 3.316276662133940123e-01 6.683723337869464931e-01
1.265000000000000000e+03 6.691005346996268255e-01 3.308994653007203413e-01
1.267500000000000000e+03 9.352691364243248540e-01 6.473086357602242380e-02
1.270000000000000000e+03 9.815193422536743206e-01 1.848065774667041403e-02
1.272500000000000000e+03 7.775249507210829636e-01 2.224750492792677559e-01
1.275000000000000000e+03 4.293786661339445976e-01 5.706213338664031243e-01
1.277500000000000000e+03 1.164706771033389432e-01 8.835293228970078072e-01
1.280000000000000000e+03 1.293425065734156096e-02 9.870657493430037288e-01
1.282500000000000000e+03 1.761459266362606080e-01 8.238540733640854485e-01
1.285000000000000000e+03 5.170731624031748019e-01 4.829268375971698668e-01
1.287500000000000000e+03 8.547968563305309297e-01 1.452031436698095757e-01
1.290000000000000000e+03 9.994626034637590362e-01 5.373965365848199687e-04
1.292500000000000000e+03 8.739275283941443373e-01 1.260724716061956407e-01
1.295000000000000000e+03 5.495940480141159323e-01 4.504059519862337879e-01
1.297500000000000000e+03 2.001282451295097187e-01 7.998717548708392799e-01
1.300000000000000000e+03 2.036449591948197996e-02 9.796355040808676362e-01
1.302500000000000000e+03 1.030748501413782797e-01 8.969251498589677629e-01
1.305000000000000000e+03 3.996612350369096456e-01 6.003387649634391865e-01
1.307500000000000000e+03 7.540090898906490757e-01 2.459909101097035311e-01
1.310000000000000000e+03 9.743726638230316706e-01 2.562733617731801500e-02
1.312500000000000000e+03 9.522376286665725775e-01 4.776237133377847499e-02
1.315000000000000000e+03 7.053846334617277503e-01 2.946153665386243015e-01
1.317500000000000000e+03 3.638571316732241434e-01 6.361428683271312945e-01
1.320000000000000000e+03 1.121529145911223380e-01 8.878470854092317399e-01
1.322500000000000000e+03 7.715499006696471818e-02 9.228450099333943557e-01
1.325000000000000000e+03 2.765771106803225909e-01 7.234228893200351784e-01
1.327500000000000000e+03 6.089370810563400349e-01 3.910629189440131270e-01
1.330000000000000000e+03 8.955345263312731729e-01 1.044654736690809049e-01
1.332500000000000000e+03 9.883433246209865075e-01 1.165667537936810813e-02
1.335000000000000000e+03 8.334243944051620279e-01 1.665756055951972958e-01
1.337500000000000000e+03 5.061920937605182136e-01 4.938079062398376129e-01
1.340000000000000000e+03 1.827384229271031557e-01 8.172615770732563067e-01
1.342500000000000000e+03 3.193593618398386097e-02 9.680640638163762191e-01
1.345000000000000000e+03 1.394853578779921277e-01 8.605146421223701658e-01
1.347500000000000000e+03 4.510491892090565669e-01 5.489508107913076973e-01
1.350000000000000000e+03 7.931964290853146249e-01 2.068035709150547741e-01
1.352500000000000000e+03 9.819502361725551687e-01 1.804976382781047634e-02
1.355000000000000000e+03 9.086148739171158173e-01 9.138512608324564357e-02
1.357500000000000000e+03 6.106345943710764779e-01 3.893654056292887855e-01
1.360000000000000000e+03 2.554739405008816799e-01 7.445260594994855818e-01
1.362500000000000000e+03 3.334131930949232187e-02 9.666586806908776808e-01
1.365000000000000000e+03 6.852719858071251724e-02 9.314728014196578254e-01
1.367500000000000000e+03 3.410140791917355974e-01 6.589859208086421560e-01
1.370000000000000000e+03 6.980222027729864331e-01 3.019777972273859912e-01
1.372500000000000000e+03 9.527042742770444050e-01 4.729572572333286956e-02
1.375000000000000000e+03 9.684643237010827077e-01 3.153567629930414257e-02
1.377500000000000000e+03 7.425673775209189476e-01 2.574326224794595830e-01
1.380000000000000000e+03 4.027426564433229661e-01 5.972573435570593947e-01
1.382500000000000000e+03 1.256522404496070722e-01 8.743477595507693767e-01
1.385000000000000000e+03 6.028874114252259081e-02 9.397112588578586667e-01
1.387500000000000000e+03 2.385887143931461341e-01 7.614112856072379198e-01
1.390000000000000000e+03 5.644304744861042833e-01 4.355695255142840727e-01
1.392500000000000000e+03 8.729740857260788189e-01 1.270259142743058733e-01
1.395000000000000000e+03 9.989881927412636031e-01 1.011807259122614842e-03
1.397500000000000000e+03 8.767291866354023355e-01 1.232708133649827731e-01
1.400000000000000000e+03 5.686468385368712575e-01 4.313531614635119360e-01
1.402500000000000000e+03 2.291871777656031839e-01 7.708128222347865321e-01
1.405000000000000000e+03 4.156692771635502742e-02 9.584330722840338490e-01
1.407500000000000000e+03 1.046835698513595703e-01 8.953164301490263988e-01
1.410000000000000000e+03 3.869318824804166557e-01 6.130681175199699240e-01
1.412500000000000000e+03 7.422555750405513963e-01 2.577444249598367931e-01
1.415000000000000000e+03 9.725565184594665569e-01 2.744348154092127179e-02
1.417500000000000000e+03 9.526133920486580253e-01 4.738660795173520179e-02
1.420000000000000000e+03 6.898940897349615797e-01 3.101059102654289967e-01
1.422500000000000000e+03 3.219178425581038505e-01 6.780821574422877251e-01
1.425000000000000000e+03 5.433454628027038769e-02 9.456654537201218957e-01
1.427500000000000000e+03 2.946885102314384178e-02 9.705311489772466826e-01
1.430000000000000000e+03 2.601804558857260252e-01 7.398195441146667717e-01
1.432500000000000000e+03 6.223391962158443258e-01 3.776608037845414212e-01
1.435000000000000000e+03 9.138532947002369067e-01 8.614670530015991479e-02
1.437500000000000000e+03 9.838187218727567629e-01 1.618127812763112822e-02
1.440000000000000000e+03 7.991898226267297733e-01 2.008101773736655216e-01
1.442500000000000000e+03 4.626140127159057425e-01 5.373859872844948260e-01
1.445000000000000000e+03 1.621717004765342585e-01 8.378282995238669484e-01
1.447500000000000000e+03 5.317262321584286661e-02 9.468273767845547528e-01
1.450000000000000000e+03 1.921342507574851366e-01 8.078657492429112130e-01
1.452500000000000000e+03 5.051543965497512501e-01 4.948456034506452106e-01
1.455000000000000000e+03 8.227750023541877678e-01 1.772249976462080823e-01
1.457500000000000000e+03 9.841855011575311174e-01 1.581449884286773716e-02
1.460000000000000000e+03 9.037013594087429658e-01 9.629864059165180179e-02
1.462500000000000000e+03 6.219827202021597223e-01 3.780172797982366273e-01
1.465000000000000000e+03 2.893825354844581366e-01 7.106174645159368808e-01
1.467500000000000000e+03 7.546276927754309860e-02 9.245372307228569841e-01
1.470000000000000000e+03 9.760458728379473037e-02 9.023954127166045058e-01
1.472500000000000000e+03 3.473984945952439118e-01 6.526015054051574893e-01
1.475000000000000000e+03 6.904352900592951592e-01 3.095647099411068526e-01
1.477500000000000000e+03 9.468210451093669322e-01 5.317895489103070111e-02
1.480000000000000000e+03 9.703310768615267534e-01 2.966892313887891861e-02
1.482500000000000000e+03 7.421815965738395304e-01 2.578184034265610935e-01
1.485000000000000000e+03 3.844280653283209670e-01 6.155719346720840424e-01
1.487500000000000000e+03 8.505451479969766693e-02 9.149454852007070649e-01
1.490000000000000000e+03 1.240341857718289288e-02 9.875965814232261497e-01
1.492500000000000000e+03 2.066382370966674542e-01 7.933617629037432728e-01
1.495000000000000000e+03 5.595706299799199090e-01 4.404293700204848783e-01
1.497500000000000000e+03 8.834814961736415784e-01 1.165185038267637224e-01
1.500000000000000000e+03 9.982548853318957693e-01 1.745114668502058481e-03
1.502500000000000000e+03 8.459346001118639435e-01 1.540653998885386233e-01
1.505000000000000000e+03 5.150660222389640275e-01 4.849339777614437019e-01
1.507500000000000000e+03 1.823795439579629640e-01 8.176204560424468193e-01
1.510000000000000000e+03 3.114248512827688664e-02 9.688575148721332297e-01
1.512500000000000000e+03 1.374259955383484721e-01 8.625740044620598956e-01
1.515000000000000000e+03 4.404126746486551891e-01 5.595873253517548163e-01
1.517500000000000000e+03 7.834884298871059860e-01 2.165115701133078496e-01
1.520000000000000000e+03 9.834722353126773564e-01 1.652776468773782190e-02
1.522500000000000000e+03 9.421456104159606770e-01 5.785438958445288105e-02
1.525000000000000000e+03 6.847132604791621446e-01 3.152867395212540780e-01
1.527500000000000000e+03 3.428684583037529543e-01 6.571315416966632128e-01
1.530000000000000000e+03 9.933324498549148118e-02 9.006667550149247692e-01
1.532500000000000000e+03 7.759624772513919189e-02 9.224037522752772666e-01
1.535000000000000000e+03 2.902321072930360568e-01 7.097678927073792776e-01
1.537500000000000000e+03 6.296717078984366278e-01 3.703282921019820373e-01
1.540000000000000000e+03 9.114306806926683047e-01 8.856931930775260864e-02
1.542500000000000000e+03 9.866268810416785051e-01 1.337311895874603029e-02
1.545000000000000000e+03 8.088521343512564687e-01 1.911478656491601424e-01
1.547500000000000000e+03 4.660958003395669902e-01 5.339041996608574481e-01
1.550000000000000000e+03 1.456471313254596445e-01 8.543528686749630729e-01
1.552500000000000000e+03 1.711691066485312648e-02 9.828830893355762210e-01
1.555000000000000000e+03 1.538872186643663875e-01 8.461127813360640459e-01
1.557500000000000000e+03 4.841222408270972610e-01 5.158777591733318957e-01
1.560000000000000000e+03 8.220733938894999593e-01 1.779266061109265051e-01
1.562500000000000000e+03 9.865210308828640251e-01 1.347896911756241503e-02
1.565000000000000000e+03 8.855607052975447147e-01 1.144392947028772811e-01
1.567500000000000000e+03 5.751393401480456857e-01 4.248606598523861910e-01
1.570000000000000000e+03 2.314806619806967225e-01 7.685193380197370416e-01
1.572500000000000000e+03 3.775088517199887139e-02 9.622491148284354479e-01
1.575000000000000000e+03 1.002792930937670690e-01 8.997207069066693874e-01
1.577500000000000000e+03 3.836609898653720041e-01 6.163390101350647576e-01
1.580000000000000000e+03 7.305430654198751261e-01 2.694569345805649108e-01
1.582500000000000000e+03 9.622579666122063058e-01 3.774203338822527953e-02
1.585000000000000000e+03 9.565971361701459674e-01 4.340286383029332701e-02
1.587500000000000000e+03 7.209172865713795453e-01 2.790827134290622125e-01
1.590000000000000000e+03 3.851625491054604389e-01 6.148374508949818740e-01
1.592500000000000000e+03 1.211409279747368561e-01 8.788590720257070110e-01
1.595000000000000000e+03 7.042527180523677766e-02 9.295747281952069230e-01
1.597500000000000000e+03 2.592242180354097369e-01 7.407757819650331310e-01
1.600000000000000000e+03 5.873911378831372376e-01 4.126088621173080173e-01
1.602500000000000000e+03 8.882541849874129314e-01 1.117458150130271749e-01
1.605000000000000000e+03 9.975555924188271861e-01 2.444407581617500692e-03
1.607500000000000000e+03 8.543308694789661928e-01 1.456691305214790622e-01
1.610000000000000000e+03 5.307275144315319881e-01 4.692724855689169305e-01
1.612500000000000000e+03 1.906185391619174829e-01 8.093814608385276888e-01
1.615000000000000000e+03 2.047364560175009285e-02 9.795263543986911792e-01
1.617500000000000000e+03 1.118088859445023342e-01 8.881911140559383133e-01
1.620000000000000000e+03 4.166133914866744226e-01 5.833866085137686674e-01
1.622500000000000000e+03 7.746410961297970355e-01 2.253589038706481085e-01
1.625000000000000000e+03 9.849219161458340199e-01 1.507808385461880014e-02
1.627500000000000000e+03 9.339850874827857474e-01 6.601491251766086754e-02
1.630000000000000000e+03 6.496990358556851142e-01 3.503009641447630829e-01
1.632500000000000000e+03 2.839067081912522439e-01 7.160932918092004495e-01
1.635000000000000000e+03 4.162622782054136578e-02 9.583737721799101550e-01
1.637500000000000000e+03 5.015726120958019507e-02 9.498427387908747743e-01
1.640000000000000000e+03 3.021495881454703269e-01 6.978504118549846424e-01
1.642500000000000000e+03 6.628672162187055905e-01 3.371327837817527651e-01
1.645000000000000000e+03 9.340367625378995786e-01 6.596323746255589038e-02
1.647500000000000000e+03 9.788194079223644373e-01 2.118059207809715183e-02
1.650000000000000000e+03 7.792292564355582929e-01 2.207707435649030325e-01
1.652500000000000000e+03 4.438607168118173796e-01 5.561392831886482480e-01
1.655000000000000000e+03 1.567611807736544738e-01 8.432388192268066573e-01
1.657500000000000000e+03 6.399150902094130622e-02 9.360084909795209906e-01
1.660000000000000000e+03 2.135349443769154754e-01 7.864650556235451839e-01
1.662500000000000000e+03 5.280875053764988447e-01 4.719124946239629526e-01
1.665000000000000000e+03 8.385761388124315374e-01 1.614238611880382535e-01
1.667500000000000000e+03 9.864705371852563465e-01 1.352946281520701205e-02
1.670000000000000000e+03 8.901042819864068978e-01 1.098957180140616718e-01
1.672500000000000000e+03 5.954233037525881178e-01 4.045766962478815065e-01
1.675000000000000000e+03 2.594058961757200743e-01 7.405941038247499941e-01
1.677500000000000000e+03 5.528166717682004433e-02 9.447183328236516964e-01
1.680000000000000000e+03 9.718161444278178296e-02 9.028183855576887851e-01
1.682500000000000000e+03 3.664741074515733277e-01 6.335258925489025694e-01
1.685000000000000000e+03 7.155789176233386950e-01 2.844210823771341490e-01
1.687500000000000000e+03 9.583656179923851770e-01 4.163438200808956824e-02
1.690000000000000000e+03 9.552179405177679827e-01 4.478205948270752579e-02
1.692500000000000000e+03 7.036078396813046920e-01 2.963921603191717047e-01
1.695000000000000000e+03 3.423551336354152541e-01 6.576448663650624749e-01
1.697500000000000000e+03 6.394009433757397165e-02 9.360599056629086423e-01
1.700000000000000000e+03 2.509304455709827908e-02 9.749069554433779095e-01
1.702500000000000000e+03 2.464249565209584714e-01 7.535750434795213115e-01
1.705000000000000000e+03 6.035947088461061094e-01 3.964052911543698987e-01
1.707500000000000000e+03 9.078918989770442538e-01 9.210810102343158778e-02
1.710000000000000000e+03 9.931922454910375730e-01 6.807754509442988725e-03
1.712500000000000000e+03 8.197427302057389564e-01 1.802572697947428804e-01
1.715000000000000000e+03 4.878878620467727578e-01 5.121121379537065810e-01
1.717500000000000000e+03 1.725191866686096032e-01 8.274808133318712899e-01
1.720000000000000000e+03 4.482731867525591163e-02 9.551726813252283677e-01
1.722500000000000000e+03 1.681202348320628703e-01 8.318797651684237682e-01
1.725000000000000000e+03 4.741476462235740263e-01 5.258523537769124179e-01
1.727500000000000000e+03 8.071576306483636554e-01 1.928423693521254534e-01
1.730000000000000000e+03 9.899376221775649798e-01 1.006237782292331365e-02
1.732500000000000000e+03 9.306616734710023708e-01 6.933832652948859754e-02
1.735000000000000000e+03 6.603063949780093589e-01 3.396936050224769743e-01
1.737500000000000000e+03 3.144141928917270068e-01 6.855858071087646000e-01
1.740000000000000000e+03 7.801561548763033538e-02 9.219843845128600224e-01
1.742500000000000000e+03 7.303454358267064128e-02 9.269654564178211320e-01
1.745000000000000000e+03 3.044406512742727777e-01 6.955593487262174968e-01
1.747500000000000000e+03 6.540834695800916698e-01 3.459165304203933311e-01
1.750000000000000000e+03 9.291520679984784925e-01 7.084793200200781293e-02
1.752500000000000000e+03 9.818325520010668939e-01 1.816744799942863683e-02
1.755000000000000000e+03 7.781343658760505599e-01 2.218656341244438501e-01
1.757500000000000000e+03 4.221986003060361758e-01 5.778013996944508790e-01
1.760000000000000000e+03 1.116447135083172282e-01 8.883552864921782088e-01
1.762500000000000000e+03 1.202032577520315004e-02 9.879796742252950903e-01
1.765000000000000000e+03 1.793078195039031764e-01 8.206921804965960909e-01
1.767500000000000000e+03 5.235407607177317013e-01 4.764592392827706746e-01
1.770000000000000000e+03 8.510605360060694569e-01 1.489394639944280896e-01
1.772500000000000000e+03 9.888017556793096130e-01 1.119824432118882857e-02
1.775000000000000000e+03 8.635382699749782898e-01 1.364617300255235033e-01
1.777500000000000000e+03 5.465542060137280611e-01 4.534457939867724274e-01
1.780000000000000000e+03 2.173474461114734968e-01 7.826525538890315437e-01
1.782500000000000000e+03 4.901627166652109541e-02 9.509837283339860337e-01
1.785000000000000000e+03 1.317810732780836935e-01 8.682189267224245111e-01
1.787500000000000000e+03 4.199165639359825342e-01 5.800834360645265031e-01
1.790000000000000000e+03 7.557395293797601887e-01 2.442604706207458509e-01
1.792500000000000000e+03 9.683371267174787356e-01 3.166287328303027393e-02
1.795000000000000000e+03 9.455017724399641388e-01 5.449822756054858996e-02
1.797500000000000000e+03 7.005715091134324668e-01 2.994284908870771811e-01
1.800000000000000000e+03 3.653025748648469628e-01 6.346974251356661822e-01
1.802500000000000000e+03 1.099298540122101847e-01 8.900701459883024746e-01
1.805000000000000000e+03 7.250785404388690458e-02 9.274921459566258797e-01
1.807500000000000000e+03 2.744495062862032375e-01 7.255504937143059108e-01
1.810000000000000000e+03 6.088343410817130819e-01 3.911656589187982314e-01
1.812500000000000000e+03 9.033445935985591202e-01 9.665540640195538491e-02
1.815000000000000000e+03 9.934355190411509051e-01 6.564480959364994705e-03
1.817500000000000000e+03 8.257773162771148145e-01 1.742226837234027992e-01
1.820000000000000000e+03 4.867137322569164981e-01 5.132862677436036414e-01
1.822500000000000000e+03 1.512300635499460866e-01 8.487699364505718602e-01
1.825000000000000000e+03 5.950881294156730103e-03 9.940491187063520417e-01
1.827500000000000000e+03 1.298041784113909414e-01 8.701958215891230086e-01
1.830000000000000000e+03 4.551442880372361666e-01 5.448557119632807533e-01
1.832500000000000000e+03 8.092637807374069014e-01 1.907362192631094910e-01
1.835000000000000000e+03 9.938965447058167868e-01 6.103455294700966573e-03
1.837500000000000000e+03 9.120612317744737352e-01 8.793876822604229648e-02
1.840000000000000000e+03 6.120815632316197741e-01 3.879184367688991997e-01
1.842500000000000000e+03 2.553362566647987553e-01 7.446637433357266023e-01
1.845000000000000000e+03 4.047442118860357374e-02 9.595255788119203544e-01
1.847500000000000000e+03 7.817165494018474270e-02 9.218283450603355078e-01
1.850000000000000000e+03 3.443687764719383648e-01 6.556312235285821632e-01
1.852500000000000000e+03 6.988749983721097570e-01 3.011250016284102715e-01
1.855000000000000000e+03 9.500115165800411265e-01 4.998848342048123339e-02
1.857500000000000000e+03 9.732246700910857085e-01 2.677532990943896560e-02
1.860000000000000000e+03 7.611325855305055565e-01 2.388674144700144164e-01
1.862500000000000000e+03 4.252508274653195031e-01 5.747491725352066316e-01
1.865000000000000000e+03 1.466946105487647034e-01 8.533053894517613758e-01
1.867500000000000000e+03 6.636213099403925897e-02 9.336378690064879304e-01
1.870000000000000000e+03 2.270034707810879293e-01 7.729965292194437287e-01
1.872500000000000000e+03 5.471957186540702400e-01 4.528042813464608352e-01
1.875000000000000000e+03 8.543002673067199293e-01 1.456997326938124782e-01
1.877500000000000000e+03 9.887301928187682831e-01 1.126980718175973548e-02
1.880000000000000000e+03 8.730007345636978666e-01 1.269992654368354290e-01
1.882500000000000000e+03 5.618947179303692696e-01 4.381052820701608619e-01
1.885000000000000000e+03 2.229686930265760980e-01 7.770313069739543943e-01
1.887500000000000000e+03 3.375442083642331975e-02 9.662455791641124669e-01
1.890000000000000000e+03 1.014796917166766177e-01 8.985203082838535416e-01
1.892500000000000000e+03 3.926106893163586742e-01 6.073893106841720124e-01
1.895000000000000000e+03 7.448093033337215285e-01 2.551906966668097132e-01
1.897500000000000000e+03 9.689353922232979421e-01 3.106460777723662331e-02
1.900000000000000000e+03 9.372567838762910775e-01 6.274321612423999772e-02
1.902500000000000000e+03 6.659930518837247071e-01 3.340069481168080889e-01
1.905000000000000000e+03 3.082271758593457811e-01 6.917728241411897905e-01
1.907500000000000000e+03 5.554671430865115722e-02 9.444532856918843589e-01
1.910000000000000000e+03 4.891685752166878565e-02 9.510831424788697142e-01
1.912500000000000000e+03 2.901837514989925038e-01 7.098162485015419021e-01
1.915000000000000000e+03 6.441865552692169761e-01 3.558134447313185955e-01
1.917500000000000000e+03 9.264069871261757516e-01 7.359301287435655869e-02
1.920000000000000000e+03 9.856857912160523760e-01 1.431420878448105491e-02
1.922500000000000000e+03 7.965730532935131336e-01 2.034269467070265736e-01
1.925000000000000000e+03 4.660119706849236154e-01 5.339880293156136215e-01
1.927500000000000000e+03 1.650844481910530570e-01 8.349155518094859563e-01
1.930000000000000000e+03 5.533251459214486023e-02 9.446674854083958461e-01
1.932500000000000000e+03 1.916087034085809937e-01 8.083912965919595184e-01
1.935000000000000000e+03 5.008764356325259293e-01 4.991235643680172474e-01
1.937500000000000000e+03 8.268920040613427780e-01 1.731079959392006484e-01
1.940000000000000000e+03 9.945275293129460792e-01 5.472470687595354030e-03
1.942500000000000000e+03 9.158718420313756159e-01 8.412815796916336963e-02
1.945000000000000000e+03 6.291193419507513651e-01 3.708806580497925331e-01
1.947500000000000000e+03 2.776339765879379806e-01 7.223660234126054736e-01
1.950000000000000000e+03 5.141713045095881729e-02 9.485828695495869267e-01
1.952500000000000000e+03 6.947063656023828859e-02 9.305293634403082326e-01
1.955000000000000000e+03 3.246068293151870288e-01 6.753931706853608663e-01
1.957500000000000000e+03 6.844037659813175800e-01 3.155962340192318138e-01
1.960000000000000000e+03 9.480014628237075636e-01 5.199853717684013721e-02
1.962500000000000000e+03 9.730377505884391098e-01 2.696224941211535983e-02
1.965000000000000000e+03 7.430558659913142350e-01 2.569441340092327164e-01
1.967500000000000000e+03 3.795065915579078908e-01 6.204934084426398933e-01
1.970000000000000000e+03 8.626845290642894126e-02 9.137315470941236306e-01
1.972500000000000000e+03 1.918250319914620999e-02 9.808174968014096162e-01
1.975000000000000000e+03 2.141808129646337877e-01 7.858191870359210185e-01
1.977500000000000000e+03 5.657275070412031148e-01 4.342724929593568262e-01
1.980000000000000000e+03 8.777645332211123641e-01 1.222354667794458560e-01
1.982500000000000000e+03 9.890069820043045912e-01 1.099301799625388050e-02
1.985000000000000000e+03 8.439353509695636246e-01 1.560646490310000356e-01
1.987500000000000000e+03 5.244930816928445871e-01 4.755069183077161310e-01
1.990000000000000000e+03 2.090434343681567275e-01 7.909565656324040184e-01
1.992500000000000000e+03 6.050179292228642647e-02 9.394982070782788020e-01
1.995000000000000000e+03 1.572348611350207759e-01 8.427651388655412745e-01
1.997500000000000000e+03 4.476867798452023317e-01 5.523132201553623277e-01
2.000000000000000000e+03 7.749073556037074928e-01 2.250926443968647161e-01
