0.000000000000000000e+00 0.000000000000000000e+00
2.500000000000000000e+00 4.912063026165044659e-06
5.000000000000000000e+00 6.491422992830833552e-05
7.500000000000000000e+00 2.472136071344877917e-04
1.000000000000000000e+01 5.144599074669564936e-04
1.250000000000000000e+01 7.302953262694098727e-04
1.500000000000000000e+01 7.704611843654443062e-04
1.750000000000000000e+01 6.589372739875814936e-04
2.000000000000000000e+01 5.475785848323220639e-04
2.250000000000000000e+01 5.699197327319407719e-04
2.500000000000000000e+01 7.189284521261988647e-04
2.750000000000000000e+01 8.648560646175191277e-04
3.000000000000000000e+01 8.845002147786050354e-04
3.250000000000000000e+01 7.813435000994716981e-04
3.500000000000000000e+01 6.612714807371445963e-04
3.750000000000000000e+01 6.057799454777085778e-04
4.000000000000000000e+01 6.031351132577637136e-04
4.250000000000000000e+01 6.033239346676213047e-04
4.500000000000000000e+01 6.288410317369223269e-04
4.750000000000000000e+01 7.791707303163213430e-04
5.000000000000000000e+01 1.102337809414112666e-03
5.250000000000000000e+01 1.508213252218647228e-03
5.500000000000000000e+01 1.800898815623269440e-03
5.750000000000000000e+01 1.868473334684556814e-03
6.000000000000000000e+01 1.770576030814346351e-03
6.250000000000000000e+01 1.685985003615968940e-03
6.500000000000000000e+01 1.748643442203719634e-03
6.750000000000000000e+01 1.940068958370467925e-03
7.000000000000000000e+01 2.131594302637762617e-03
7.250000000000000000e+01 2.230822341768946403e-03
7.500000000000000000e+01 2.249052754244707138e-03
7.750000000000000000e+01 2.258931880202361998e-03
8.000000000000000000e+01 2.287660313280630558e-03
8.250000000000000000e+01 2.300516782801737773e-03
8.500000000000000000e+01 2.290197026211198035e-03
8.750000000000000000e+01 2.349375002793903464e-03
9.000000000000000000e+01 2.601319497938317689e-03
9.250000000000000000e+01 3.061174306906397271e-03
9.500000000000000000e+01 3.557915054654262055e-03
9.750000000000000000e+01 3.880284505417849836e-03
1.000000000000000000e+02 3.930175886251479483e-03
1.025000000000000000e+02 3.817858528650867368e-03
1.050000000000000000e+02 3.748017607380407876e-03
1.075000000000000000e+02 3.843888505339294881e-03
1.100000000000000000e+02 4.069694449662080576e-03
1.125000000000000000e+02 4.310849950852079643e-03
1.150000000000000000e+02 4.486567860569229925e-03
1.175000000000000000e+02 4.609593742366933054e-03
1.200000000000000000e+02 4.707217250845966046e-03
1.225000000000000000e+02 4.764359065655572253e-03
1.250000000000000000e+02 4.749883914290308276e-03
1.275000000000000000e+02 4.716303883544865558e-03
1.300000000000000000e+02 4.813193991903062623e-03
1.325000000000000000e+02 5.165827137918315229e-03
1.350000000000000000e+02 5.717006765229068650e-03
1.375000000000000000e+02 6.252913517150245938e-03
1.400000000000000000e+02 6.536401086590159365e-03
1.425000000000000000e+02 6.524755168726670794e-03
1.450000000000000000e+02 6.375730382239430671e-03
1.475000000000000000e+02 6.305728645764580725e-03
1.500000000000000000e+02 6.420871946710191881e-03
1.525000000000000000e+02 6.673239263875162253e-03
1.550000000000000000e+02 6.947539500963557935e-03
1.575000000000000000e+02 7.184477049504307648e-03
1.600000000000000000e+02 7.372591852131192385e-03
1.625000000000000000e+02 7.502424596616146836e-03
1.650000000000000000e+02 7.528667491966495491e-03
1.675000000000000000e+02 7.450789669974909081e-03
1.700000000000000000e+02 7.385980326290482803e-03
1.725000000000000000e+02 7.519791851185720494e-03
1.750000000000000000e+02 7.941274662207476256e-03
1.775000000000000000e+02 8.538448865424331721e-03
1.800000000000000000e+02 9.032598801043928427e-03
1.825000000000000000e+02 9.221690343261841963e-03
1.850000000000000000e+02 9.112525259714714804e-03
1.875000000000000000e+02 8.908137864168321970e-03
1.900000000000000000e+02 8.828909619511842236e-03
1.925000000000000000e+02 8.951398319333303891e-03
1.950000000000000000e+02 9.207680344211993315e-03
1.975000000000000000e+02 9.499222994512165202e-03
2.000000000000000000e+02 9.761648118004600388e-03
2.025000000000000000e+02 9.969938166007505723e-03
2.050000000000000000e+02 1.007029020591599343e-02
2.075000000000000000e+02 1.001665099593139832e-02
2.100000000000000000e+02 9.854175555380869506e-03
2.125000000000000000e+02 9.753576425052770671e-03
2.150000000000000000e+02 9.910989608905443685e-03
2.175000000000000000e+02 1.037091701154778736e-02
2.200000000000000000e+02 1.093833224016927362e-02
2.225000000000000000e+02 1.133189244796467543e-02
2.250000000000000000e+02 1.137601146984427991e-02
2.275000000000000000e+02 1.114876371175869615e-02
2.300000000000000000e+02 1.088980761187090425e-02
2.325000000000000000e+02 1.079507769346791518e-02
2.350000000000000000e+02 1.090866937248360750e-02
2.375000000000000000e+02 1.115330984826915992e-02
2.400000000000000000e+02 1.143114855370934956e-02
2.425000000000000000e+02 1.168870845362175379e-02
2.450000000000000000e+02 1.186523990786198836e-02
2.475000000000000000e+02 1.188855431098252181e-02
2.500000000000000000e+02 1.172500561395956736e-02
2.525000000000000000e+02 1.146820243708173565e-02
2.550000000000000000e+02 1.133518298071068894e-02
2.575000000000000000e+02 1.150427209066618751e-02
2.600000000000000000e+02 1.194968901501549871e-02
2.625000000000000000e+02 1.243605601870420747e-02
2.650000000000000000e+02 1.266915288040959021e-02
2.675000000000000000e+02 1.254638885191089806e-02
2.700000000000000000e+02 1.220961880663664137e-02
2.725000000000000000e+02 1.190300223860051021e-02
2.750000000000000000e+02 1.179585407405518878e-02
2.775000000000000000e+02 1.189063529595142145e-02
2.800000000000000000e+02 1.210028543516674694e-02
2.825000000000000000e+02 1.234696821307058184e-02
2.850000000000000000e+02 1.256408404452404558e-02
2.875000000000000000e+02 1.267518015383922031e-02
2.900000000000000000e+02 1.259150507049884050e-02
2.925000000000000000e+02 1.230614313417790866e-02
2.950000000000000000e+02 1.196914444667563325e-02
2.975000000000000000e+02 1.180864900127562983e-02
3.000000000000000000e+02 1.197027726962174125e-02
3.025000000000000000e+02 1.236749846279553040e-02
3.050000000000000000e+02 1.271553330528353738e-02
3.075000000000000000e+02 1.276602938598542236e-02
3.100000000000000000e+02 1.248613816474062818e-02
3.125000000000000000e+02 1.206198370033849908e-02
3.150000000000000000e+02 1.173768912598194443e-02
3.175000000000000000e+02 1.162206021185900606e-02
3.200000000000000000e+02 1.168814488084127592e-02
3.225000000000000000e+02 1.185439713998961107e-02
3.250000000000000000e+02 1.205112538981164064e-02
3.275000000000000000e+02 1.221374753768916625e-02
3.300000000000000000e+02 1.223921839752807258e-02
3.325000000000000000e+02 1.204100909116875145e-02
3.350000000000000000e+02 1.165282879953625540e-02
3.375000000000000000e+02 1.125278370288719694e-02
3.400000000000000000e+02 1.108009424360721987e-02
3.425000000000000000e+02 1.122393536082806099e-02
3.450000000000000000e+02 1.153297191591966947e-02
3.475000000000000000e+02 1.172324621021727728e-02
3.500000000000000000e+02 1.159595388125300025e-02
3.525000000000000000e+02 1.119217271617355298e-02
3.550000000000000000e+02 1.073597391796687374e-02
3.575000000000000000e+02 1.041916340960496144e-02
3.600000000000000000e+02 1.030606954508880499e-02
3.625000000000000000e+02 1.034185773015390206e-02
3.650000000000000000e+02 1.045902267321574541e-02
3.675000000000000000e+02 1.060882534566833825e-02
3.700000000000000000e+02 1.071250789033337085e-02
3.725000000000000000e+02 1.065589958441053725e-02
3.750000000000000000e+02 1.036411821029312348e-02
3.775000000000000000e+02 9.897671169355588827e-03
3.800000000000000000e+02 9.475261894472626623e-03
3.825000000000000000e+02 9.302917443194851435e-03
3.850000000000000000e+02 9.417515112693158191e-03
3.875000000000000000e+02 9.625985571855734738e-03
3.900000000000000000e+02 9.656906699342812650e-03
3.925000000000000000e+02 9.388010193017055915e-03
3.950000000000000000e+02 8.930515078927742795e-03
3.975000000000000000e+02 8.490917242321548847e-03
4.000000000000000000e+02 8.218959603712515383e-03
4.025000000000000000e+02 8.114984429082785361e-03
4.050000000000000000e+02 8.123492287226656908e-03
4.075000000000000000e+02 8.203060923886264233e-03
4.100000000000000000e+02 8.316510187910325369e-03
4.125000000000000000e+02 8.378726185868799053e-03
4.150000000000000000e+02 8.263365368834664146e-03
4.175000000000000000e+02 7.907002362850421365e-03
4.200000000000000000e+02 7.414371064092840739e-03
4.225000000000000000e+02 6.998845280090280896e-03
4.250000000000000000e+02 6.846237446564951493e-03
4.275000000000000000e+02 6.929969472807559830e-03
4.300000000000000000e+02 7.034016247316044086e-03
4.325000000000000000e+02 6.936301601511504419e-03
4.350000000000000000e+02 6.595479421772581716e-03
4.375000000000000000e+02 6.151027571507875630e-03
4.400000000000000000e+02 5.791291796596253864e-03
4.425000000000000000e+02 5.582970893002911668e-03
4.450000000000000000e+02 5.497449906070527373e-03
4.475000000000000000e+02 5.488713271439324241e-03
4.500000000000000000e+02 5.548811793303040293e-03
4.525000000000000000e+02 5.653613229863178012e-03
4.550000000000000000e+02 5.701453200631312335e-03
4.575000000000000000e+02 5.559658058940408418e-03
4.600000000000000000e+02 5.189100724431096150e-03
4.625000000000000000e+02 4.707165792717036244e-03
4.650000000000000000e+02 4.340566729916181879e-03
4.675000000000000000e+02 4.217500317246130302e-03
4.700000000000000000e+02 4.270986211046073032e-03
4.725000000000000000e+02 4.290495275880493002e-03
4.750000000000000000e+02 4.119362865884762873e-03
4.775000000000000000e+02 3.779289691266107636e-03
4.800000000000000000e+02 3.428655048211630071e-03
4.825000000000000000e+02 3.183060380268174297e-03
4.850000000000000000e+02 3.054309054867806322e-03
4.875000000000000000e+02 2.989444772309479779e-03
4.900000000000000000e+02 2.978023263422978524e-03
4.925000000000000000e+02 3.046757878690882840e-03
4.950000000000000000e+02 3.172807918857817669e-03
4.975000000000000000e+02 3.240931357046308164e-03
5.000000000000000000e+02 3.113486217835615376e-03
5.025000000000000000e+02 2.764722976222927422e-03
5.050000000000000000e+02 2.342676601297613830e-03
5.075000000000000000e+02 2.042632608670867135e-03
5.100000000000000000e+02 1.958532611763039773e-03
5.125000000000000000e+02 1.989730803151475332e-03
5.150000000000000000e+02 1.957884115258011048e-03
5.175000000000000000e+02 1.776901845441684110e-03
5.200000000000000000e+02 1.521058661682275640e-03
5.225000000000000000e+02 1.312871901694285170e-03
5.250000000000000000e+02 1.205173741633806155e-03
5.275000000000000000e+02 1.150005855447162927e-03
5.300000000000000000e+02 1.106858124436366653e-03
5.325000000000000000e+02 1.108825090743523287e-03
5.350000000000000000e+02 1.213270310522736664e-03
5.375000000000000000e+02 1.394484464580776715e-03
5.400000000000000000e+02 1.512298716934380597e-03
5.425000000000000000e+02 1.428875027836831605e-03
5.450000000000000000e+02 1.141861936074389967e-03
5.475000000000000000e+02 7.981721084084575455e-04
5.500000000000000000e+02 5.809781706196479739e-04
5.525000000000000000e+02 5.338818562927369598e-04
5.550000000000000000e+02 5.541432971191323541e-04
5.575000000000000000e+02 5.128984729094954393e-04
5.600000000000000000e+02 3.917700706268913776e-04
5.625000000000000000e+02 2.758615940073296728e-04
5.650000000000000000e+02 2.410493697263882472e-04
5.675000000000000000e+02 2.617410328257760736e-04
5.700000000000000000e+02 2.632379553443563993e-04
5.725000000000000000e+02 2.360026812707344279e-04
5.750000000000000000e+02 2.657610821105300643e-04
5.775000000000000000e+02 4.327678897418038594e-04
5.800000000000000000e+02 6.891722810828582093e-04
5.825000000000000000e+02 8.783215740125789464e-04
5.850000000000000000e+02 8.589412783188776030e-04
5.875000000000000000e+02 6.453562183984618917e-04
5.900000000000000000e+02 3.947580660977709102e-04
5.925000000000000000e+02 2.511739447590594933e-04
5.950000000000000000e+02 2.360774123591482209e-04
5.975000000000000000e+02 2.599573697858342824e-04
6.000000000000000000e+02 2.529254172009001104e-04
6.025000000000000000e+02 2.426515117270516885e-04
6.050000000000000000e+02 3.004142642353062028e-04
6.075000000000000000e+02 4.319708106577048088e-04
6.100000000000000000e+02 5.486656769555669534e-04
6.125000000000000000e+02 5.762695838886274652e-04
6.150000000000000000e+02 5.561404505945883323e-04
6.175000000000000000e+02 6.249567561116960114e-04
6.200000000000000000e+02 8.669368168847224176e-04
6.225000000000000000e+02 1.212862675354453449e-03
6.250000000000000000e+02 1.472143527544283190e-03
6.275000000000000000e+02 1.516721045680221496e-03
6.300000000000000000e+02 1.378555590746374836e-03
6.325000000000000000e+02 1.205731597552680331e-03
6.350000000000000000e+02 1.120637216393798995e-03
6.375000000000000000e+02 1.126810946706699153e-03
6.400000000000000000e+02 1.167776790830781213e-03
6.425000000000000000e+02 1.229361925713918493e-03
6.450000000000000000e+02 1.359108765899239360e-03
6.475000000000000000e+02 1.589373646558368955e-03
6.500000000000000000e+02 1.847084920597648816e-03
6.525000000000000000e+02 2.009917710040424414e-03
6.550000000000000000e+02 2.025481474250387642e-03
6.575000000000000000e+02 2.000556279005430427e-03
6.600000000000000000e+02 2.111671091433950116e-03
6.625000000000000000e+02 2.436577574508612658e-03
6.650000000000000000e+02 2.856993413631004827e-03
6.675000000000000000e+02 3.174517167491799040e-03
6.700000000000000000e+02 3.264267337895436407e-03
6.725000000000000000e+02 3.179467325362123585e-03
6.750000000000000000e+02 3.062443582750610117e-03
6.775000000000000000e+02 3.007795329495078964e-03
6.800000000000000000e+02 3.023258995440401570e-03
6.825000000000000000e+02 3.092105281359714981e-03
6.850000000000000000e+02 3.239584620760327036e-03
6.875000000000000000e+02 3.512687988238236483e-03
6.900000000000000000e+02 3.876234673797819292e-03
6.925000000000000000e+02 4.202313148898563673e-03
6.950000000000000000e+02 4.345982617966312640e-03
6.975000000000000000e+02 4.311640907092012878e-03
7.000000000000000000e+02 4.270991783589313251e-03
7.025000000000000000e+02 4.425457248833273259e-03
7.050000000000000000e+02 4.815876109204053103e-03
7.075000000000000000e+02 5.292104164799265979e-03
7.100000000000000000e+02 5.628520596129907294e-03
7.125000000000000000e+02 5.733603408031414522e-03
7.150000000000000000e+02 5.672700948970803118e-03
7.175000000000000000e+02 5.575918782488396147e-03
7.200000000000000000e+02 5.524673877367171880e-03
7.225000000000000000e+02 5.537573551197915930e-03
7.250000000000000000e+02 5.636176502656559291e-03
7.275000000000000000e+02 5.872573956831203534e-03
7.300000000000000000e+02 6.257166721042099061e-03
7.325000000000000000e+02 6.700757981386758211e-03
7.350000000000000000e+02 7.013636436828497162e-03
7.375000000000000000e+02 7.078791704997513569e-03
7.400000000000000000e+02 6.964152838605699135e-03
7.425000000000000000e+02 6.899913703071034257e-03
7.450000000000000000e+02 7.087318279373671336e-03
7.475000000000000000e+02 7.525697763148078180e-03
7.500000000000000000e+02 8.007833361904054259e-03
7.525000000000000000e+02 8.326521256587272185e-03
7.550000000000000000e+02 8.407688869890784372e-03
7.575000000000000000e+02 8.335321131886289786e-03
7.600000000000000000e+02 8.227882962761067648e-03
7.625000000000000000e+02 8.154128214605536537e-03
7.650000000000000000e+02 8.153498223514145035e-03
7.675000000000000000e+02 8.279806977976677737e-03
7.700000000000000000e+02 8.583071609354493356e-03
7.725000000000000000e+02 9.039261902931524512e-03
7.750000000000000000e+02 9.481092273406247287e-03
7.775000000000000000e+02 9.711166911940311702e-03
7.800000000000000000e+02 9.646883455835024435e-03
7.825000000000000000e+02 9.433352966682561139e-03
7.850000000000000000e+02 9.345103816402884969e-03
7.875000000000000000e+02 9.556432192071558432e-03
7.900000000000000000e+02 9.998978040959893843e-03
7.925000000000000000e+02 1.044852143720089409e-02
7.950000000000000000e+02 1.070058448144884516e-02
7.975000000000000000e+02 1.072631957330529191e-02
8.000000000000000000e+02 1.061544296642329133e-02
8.025000000000000000e+02 1.046993832991895655e-02
8.050000000000000000e+02 1.035797986236778982e-02
8.075000000000000000e+02 1.033572428620545963e-02
8.100000000000000000e+02 1.047715848235630451e-02
8.125000000000000000e+02 1.082354090053302964e-02
8.150000000000000000e+02 1.128473110006822031e-02
8.175000000000000000e+02 1.165930815836275711e-02
8.200000000000000000e+02 1.174123202840322150e-02
8.225000000000000000e+02 1.151893091180746301e-02
8.250000000000000000e+02 1.121234764949958530e-02
8.275000000000000000e+02 1.110354430271476463e-02
8.300000000000000000e+02 1.131776296492798331e-02
8.325000000000000000e+02 1.173274788802835221e-02
8.350000000000000000e+02 1.209709339076812940e-02
8.375000000000000000e+02 1.225514155379377884e-02
8.400000000000000000e+02 1.220459220357919886e-02
8.425000000000000000e+02 1.203755454390881274e-02
8.450000000000000000e+02 1.184405871842754074e-02
8.475000000000000000e+02 1.168428002079619117e-02
8.500000000000000000e+02 1.163656769972093268e-02
8.525000000000000000e+02 1.178329777994771739e-02
8.550000000000000000e+02 1.213121059170058601e-02
8.575000000000000000e+02 1.254838694515563423e-02
8.600000000000000000e+02 1.278849780998795108e-02
8.625000000000000000e+02 1.268833362268541494e-02
8.650000000000000000e+02 1.231320471918458809e-02
8.675000000000000000e+02 1.192886345839856699e-02
8.700000000000000000e+02 1.181082853603717189e-02
8.725000000000000000e+02 1.201287433113575227e-02
8.750000000000000000e+02 1.235605937221760653e-02
8.775000000000000000e+02 1.261146692234259466e-02
8.800000000000000000e+02 1.265905481416884464e-02
8.825000000000000000e+02 1.252981337961101005e-02
8.850000000000000000e+02 1.231087163950920702e-02
8.875000000000000000e+02 1.206680430408600853e-02
8.900000000000000000e+02 1.186505336693568016e-02
8.925000000000000000e+02 1.179201697095172245e-02
8.950000000000000000e+02 1.192942247300646588e-02
8.975000000000000000e+02 1.225250770010890243e-02
9.000000000000000000e+02 1.257124100567915889e-02
9.025000000000000000e+02 1.264524537835877600e-02
9.050000000000000000e+02 1.236245153504839621e-02
9.075000000000000000e+02 1.185757363861461924e-02
9.100000000000000000e+02 1.143781094728033368e-02
9.125000000000000000e+02 1.131943033704367260e-02
9.150000000000000000e+02 1.148801754843152730e-02
9.175000000000000000e+02 1.174076034898838793e-02
9.200000000000000000e+02 1.187272836174471831e-02
9.225000000000000000e+02 1.182082430852987587e-02
9.250000000000000000e+02 1.163388584806615035e-02
9.275000000000000000e+02 1.137599540101209492e-02
9.300000000000000000e+02 1.109973788460492418e-02
9.325000000000000000e+02 1.086386862064158895e-02
9.350000000000000000e+02 1.077319294912274308e-02
9.375000000000000000e+02 1.089622811985645028e-02
9.400000000000000000e+02 1.116373342033918567e-02
9.425000000000000000e+02 1.136246714492581376e-02
9.450000000000000000e+02 1.126416915409334321e-02
9.475000000000000000e+02 1.082459174648620417e-02
9.500000000000000000e+02 1.025218547578807954e-02
9.525000000000000000e+02 9.831240497763529818e-03
9.550000000000000000e+02 9.725109516699277992e-03
9.575000000000000000e+02 9.850954993996853884e-03
9.600000000000000000e+02 1.000099866707101180e-02
9.625000000000000000e+02 1.002658802441833488e-02
9.650000000000000000e+02 9.908379027589987731e-03
9.675000000000000000e+02 9.695925503741806284e-03
9.700000000000000000e+02 9.432961129507996464e-03
9.725000000000000000e+02 9.141112296907479354e-03
9.750000000000000000e+02 8.893419801204944034e-03
9.775000000000000000e+02 8.794466675760467464e-03
9.800000000000000000e+02 8.898721574454935071e-03
9.825000000000000000e+02 9.103543975433739388e-03
9.850000000000000000e+02 9.175429811758360754e-03
9.875000000000000000e+02 8.929686215231510613e-03
9.900000000000000000e+02 8.399828610689549085e-03
9.925000000000000000e+02 7.814014413466551998e-03
9.950000000000000000e+02 7.440089839343512652e-03
9.975000000000000000e+02 7.351722454831300865e-03
1.000000000000000000e+03 7.429002219010412758e-03
1.002500000000000000e+03 7.491102336696469667e-03
1.005000000000000000e+03 7.446068480158462601e-03
1.007500000000000000e+03 7.308905729664873750e-03
1.010000000000000000e+03 7.120335228756598939e-03
1.012500000000000000e+03 6.880656965026064886e-03
1.015000000000000000e+03 6.603302385433219325e-03
1.017500000000000000e+03 6.359142692786563279e-03
1.020000000000000000e+03 6.267327483715980085e-03
1.022500000000000000e+03 6.358757262597717480e-03
1.025000000000000000e+03 6.499794484409508744e-03
1.027500000000000000e+03 6.466979092183008926e-03
1.030000000000000000e+03 6.131014225219963941e-03
1.032500000000000000e+03 5.574316033096469308e-03
1.035000000000000000e+03 5.049617133992050262e-03
1.037500000000000000e+03 4.746382375790098203e-03
1.040000000000000000e+03 4.682348632882000518e-03
1.042500000000000000e+03 4.718271788785648353e-03
1.045000000000000000e+03 4.720408871235075993e-03
1.047500000000000000e+03 4.656057861253026266e-03
1.050000000000000000e+03 4.559498822282212309e-03
1.052500000000000000e+03 4.436574158702581878e-03
1.055000000000000000e+03 4.254321011322645223e-03
1.057500000000000000e+03 4.006886661522780432e-03
1.060000000000000000e+03 3.788833676801565443e-03
1.062500000000000000e+03 3.716169174062373959e-03
1.065000000000000000e+03 3.802468457912812957e-03
1.067500000000000000e+03 3.898596376497727358e-03
1.070000000000000000e+03 3.801951799771281781e-03
1.072500000000000000e+03 3.436520088643511567e-03
1.075000000000000000e+03 2.936591048597806883e-03
1.077500000000000000e+03 2.513221157762641437e-03
1.080000000000000000e+03 2.303245710972933943e-03
1.082500000000000000e+03 2.263107498916462276e-03
1.085000000000000000e+03 2.271208884561721868e-03
1.087500000000000000e+03 2.254355448848726837e-03
1.090000000000000000e+03 2.229559449198572751e-03
1.092500000000000000e+03 2.225612542721434276e-03
1.095000000000000000e+03 2.205371036604622786e-03
1.097500000000000000e+03 2.094532831973671457e-03
1.100000000000000000e+03 1.893580119289165744e-03
1.102500000000000000e+03 1.709879438920975823e-03
1.105000000000000000e+03 1.669290732893291117e-03
1.107500000000000000e+03 1.764920527971430148e-03
1.110000000000000000e+03 1.840630818828323505e-03
1.112500000000000000e+03 1.728558792061653292e-03
1.115000000000000000e+03 1.407668628068873109e-03
1.117500000000000000e+03 1.013989391673561936e-03
1.120000000000000000e+03 7.282750746954104633e-04
1.122500000000000000e+03 6.073821327532577747e-04
1.125000000000000000e+03 5.893359361844738775e-04
1.127500000000000000e+03 5.885683389043282459e-04
1.130000000000000000e+03 5.975029119008791077e-04
1.132500000000000000e+03 6.653504814556987588e-04
1.135000000000000000e+03 7.928091382421003893e-04
1.137500000000000000e+03 8.897215315610620956e-04
1.140000000000000000e+03 8.527596541049092599e-04
1.142500000000000000e+03 6.943547688952899938e-04
1.145000000000000000e+03 5.531948194832004987e-04
1.147500000000000000e+03 5.516494233982085051e-04
1.150000000000000000e+03 6.686883020934991607e-04
1.152500000000000000e+03 7.550099806593154250e-04
1.155000000000000000e+03 6.785847352008408332e-04
1.157500000000000000e+03 4.501409721721479833e-04
1.160000000000000000e+03 2.042018493790326219e-04
1.162500000000000000e+03 5.289628241798199540e-05
1.165000000000000000e+03 7.773153282512808258e-06
1.167500000000000000e+03 4.173677633110811416e-06
1.170000000000000000e+03 1.400259056745949734e-05
1.172500000000000000e+03 8.989013848562110460e-05
1.175000000000000000e+03 2.871694226836775431e-04
1.177500000000000000e+03 5.632039548493056021e-04
1.180000000000000000e+03 7.654267940158738159e-04
1.182500000000000000e+03 7.829644924061624281e-04
1.185000000000000000e+03 6.582357562605573942e-04
1.187500000000000000e+03 5.541862926053184703e-04
1.190000000000000000e+03 5.946897805642332828e-04
1.192500000000000000e+03 7.465146321913470034e-04
1.195000000000000000e+03 8.676642724836566021e-04
1.197500000000000000e+03 8.628080087541582701e-04
1.200000000000000000e+03 7.616019745555270863e-04
1.202500000000000000e+03 6.632548556482095693e-04
1.205000000000000000e+03 6.269183474976546379e-04
1.207500000000000000e+03 6.270838318321924959e-04
1.210000000000000000e+03 6.272742618439496650e-04
1.212500000000000000e+03 6.649046346685392019e-04
1.215000000000000000e+03 8.355489206364954003e-04
1.217500000000000000e+03 1.181463063933110976e-03
1.220000000000000000e+03 1.586317753848580847e-03
1.222500000000000000e+03 1.862312131421529557e-03
1.225000000000000000e+03 1.899906993132493161e-03
1.227500000000000000e+03 1.786169320574187416e-03
1.230000000000000000e+03 1.712435685995432116e-03
1.232500000000000000e+03 1.793396138095994545e-03
1.235000000000000000e+03 1.982542965080332821e-03
1.237500000000000000e+03 2.156518264351859476e-03
1.240000000000000000e+03 2.241433777997005935e-03
1.242500000000000000e+03 2.268758982937967624e-03
1.245000000000000000e+03 2.296230769798395834e-03
1.247500000000000000e+03 2.331267691730443906e-03
1.250000000000000000e+03 2.339138884688461099e-03
1.252500000000000000e+03 2.330409733644455382e-03
1.255000000000000000e+03 2.406629284989541054e-03
1.257500000000000000e+03 2.688592384822856372e-03
1.260000000000000000e+03 3.164074907623389867e-03
1.262500000000000000e+03 3.662199567971320246e-03
1.265000000000000000e+03 3.952423676758330846e-03
1.267500000000000000e+03 3.968225590125727502e-03
1.270000000000000000e+03 3.843976347086542050e-03
1.272500000000000000e+03 3.787209064820410472e-03
1.275000000000000000e+03 3.899553934909960259e-03
1.277500000000000000e+03 4.126769669798803844e-03
1.280000000000000000e+03 4.352087939611259601e-03
1.282500000000000000e+03 4.525377672125370683e-03
1.285000000000000000e+03 4.658055175867563923e-03
1.287500000000000000e+03 4.765784441608728224e-03
1.290000000000000000e+03 4.817258490584729567e-03
1.292500000000000000e+03 4.793157725069132485e-03
1.295000000000000000e+03 4.763976527170831789e-03
1.297500000000000000e+03 4.885840541472266131e-03
1.300000000000000000e+03 5.266757802232202058e-03
1.302500000000000000e+03 5.841410225341080870e-03
1.305000000000000000e+03 6.358862076095508215e-03
1.307500000000000000e+03 6.605723434640139828e-03
1.310000000000000000e+03 6.557959962678603857e-03
1.312500000000000000e+03 6.400198842779709039e-03
1.315000000000000000e+03 6.348876104462131478e-03
1.317500000000000000e+03 6.482639534753247869e-03
1.320000000000000000e+03 6.732397287701571975e-03
1.322500000000000000e+03 7.001596651828227366e-03
1.325000000000000000e+03 7.237896940717330162e-03
1.327500000000000000e+03 7.436658452169664195e-03
1.330000000000000000e+03 7.564491603807489695e-03
1.332500000000000000e+03 7.576683110529946162e-03
1.335000000000000000e+03 7.487368596953418443e-03
1.337500000000000000e+03 7.430017845475466245e-03
1.340000000000000000e+03 7.592776580816866690e-03
1.342500000000000000e+03 8.053611815816987332e-03
1.345000000000000000e+03 8.656397729597165372e-03
1.347500000000000000e+03 9.128924346046089419e-03
1.350000000000000000e+03 9.269392066426775101e-03
1.352500000000000000e+03 9.126476262907051717e-03
1.355000000000000000e+03 8.925148738541345203e-03
1.357500000000000000e+03 8.867729486347957976e-03
1.360000000000000000e+03 9.005617994506923477e-03
1.362500000000000000e+03 9.265008470876464480e-03
1.365000000000000000e+03 9.550819901592040931e-03
1.367500000000000000e+03 9.820458999147709672e-03
1.370000000000000000e+03 1.003052721567850372e-02
1.372500000000000000e+03 1.012137410289813688e-02
1.375000000000000000e+03 1.004661113840934344e-02
1.377500000000000000e+03 9.869484455104941129e-03
1.380000000000000000e+03 9.783493681605210518e-03
1.382500000000000000e+03 9.980728312503342123e-03
1.385000000000000000e+03 1.047050963370711740e-02
1.387500000000000000e+03 1.104295084184769155e-02
1.390000000000000000e+03 1.139352684204671291e-02
1.392500000000000000e+03 1.138896235530858364e-02
1.395000000000000000e+03 1.114040052061542746e-02
1.397500000000000000e+03 1.089000675737421785e-02
1.400000000000000000e+03 1.082095661877333949e-02
1.402500000000000000e+03 1.095044175608074488e-02
1.405000000000000000e+03 1.119423622896545747e-02
1.407500000000000000e+03 1.147586325350570362e-02
1.410000000000000000e+03 1.173584875202351475e-02
1.412500000000000000e+03 1.191161328852570825e-02
1.415000000000000000e+03 1.191512974084399552e-02
1.417500000000000000e+03 1.172217091369684612e-02
1.420000000000000000e+03 1.145669845447790276e-02
1.422500000000000000e+03 1.134537432425995751e-02
1.425000000000000000e+03 1.155666598869596780e-02
1.427500000000000000e+03 1.203439948413418878e-02
1.430000000000000000e+03 1.250052654694712093e-02
1.432500000000000000e+03 1.268717719090998140e-02
1.435000000000000000e+03 1.252217349154285259e-02
1.437500000000000000e+03 1.217169014588368771e-02
1.440000000000000000e+03 1.188709164740241707e-02
1.442500000000000000e+03 1.180351063933844299e-02
1.445000000000000000e+03 1.190960558827234249e-02
1.447500000000000000e+03 1.212419494036354878e-02
1.450000000000000000e+03 1.237240555385342618e-02
1.452500000000000000e+03 1.259526418393058442e-02
1.455000000000000000e+03 1.269571795460383394e-02
1.457500000000000000e+03 1.258255029216716336e-02
1.460000000000000000e+03 1.226891416917652751e-02
1.462500000000000000e+03 1.192392343901099022e-02
1.465000000000000000e+03 1.179799224193029024e-02
1.467500000000000000e+03 1.200685464871150375e-02
1.470000000000000000e+03 1.241559323065713309e-02
1.472500000000000000e+03 1.273645796798162852e-02
1.475000000000000000e+03 1.273665535378784401e-02
1.477500000000000000e+03 1.242251893987314157e-02
1.480000000000000000e+03 1.200535938194176831e-02
1.482500000000000000e+03 1.170181870609160457e-02
1.485000000000000000e+03 1.160904283489793548e-02
1.487500000000000000e+03 1.168581989434975751e-02
1.490000000000000000e+03 1.185517831618693521e-02
1.492500000000000000e+03 1.205982185474566495e-02
1.495000000000000000e+03 1.222168788546588308e-02
1.497500000000000000e+03 1.222971399672214202e-02
1.500000000000000000e+03 1.199762788982195946e-02
1.502500000000000000e+03 1.157515298452381665e-02
1.505000000000000000e+03 1.118443889413103277e-02
1.507500000000000000e+03 1.105224068741837880e-02
1.510000000000000000e+03 1.123463128590765706e-02
1.512500000000000000e+03 1.154603831040432356e-02
1.515000000000000000e+03 1.169525981962008486e-02
1.517500000000000000e+03 1.152338752176983692e-02
1.520000000000000000e+03 1.110763504577148668e-02
1.522500000000000000e+03 1.066065844145151591e-02
1.525000000000000000e+03 1.037120343925687464e-02
1.527500000000000000e+03 1.027480135692709039e-02
1.530000000000000000e+03 1.031903215056442780e-02
1.532500000000000000e+03 1.044424783858288394e-02
1.535000000000000000e+03 1.059949302495164468e-02
1.537500000000000000e+03 1.070084640694151171e-02
1.540000000000000000e+03 1.061953345937503498e-02
1.542500000000000000e+03 1.028392597534050906e-02
1.545000000000000000e+03 9.797344826464216005e-03
1.547500000000000000e+03 9.388415231398513847e-03
1.550000000000000000e+03 9.262921378041190715e-03
1.552500000000000000e+03 9.407168836727033620e-03
1.555000000000000000e+03 9.599235020110787400e-03
1.557500000000000000e+03 9.589801600459352607e-03
1.560000000000000000e+03 9.293798817290952613e-03
1.562500000000000000e+03 8.830919885481285092e-03
1.565000000000000000e+03 8.415032240963857615e-03
1.567500000000000000e+03 8.162083002999486608e-03
1.570000000000000000e+03 8.072928354300382484e-03
1.572500000000000000e+03 8.089928490518302762e-03
1.575000000000000000e+03 8.177537118303341429e-03
1.577500000000000000e+03 8.299057486559900318e-03
1.580000000000000000e+03 8.352773352376474322e-03
1.582500000000000000e+03 8.203585523613778421e-03
1.585000000000000000e+03 7.809411340267500418e-03
1.587500000000000000e+03 7.296673130216065409e-03
1.590000000000000000e+03 6.912196778147904411e-03
1.592500000000000000e+03 6.800247415392492688e-03
1.595000000000000000e+03 6.897892263546442568e-03
1.597500000000000000e+03 6.979883624211568813e-03
1.600000000000000000e+03 6.850145167353089044e-03
1.602500000000000000e+03 6.491782183307120112e-03
1.605000000000000000e+03 6.061856338649871181e-03
1.607500000000000000e+03 5.719442881669881129e-03
1.610000000000000000e+03 5.530236172307934420e-03
1.612500000000000000e+03 5.453979565745612976e-03
1.615000000000000000e+03 5.453698400751663504e-03
1.617500000000000000e+03 5.525158283014377190e-03
1.620000000000000000e+03 5.635545286851186518e-03
1.622500000000000000e+03 5.670673038249932074e-03
1.625000000000000000e+03 5.493085044467421046e-03
1.627500000000000000e+03 5.080486140849005579e-03
1.630000000000000000e+03 4.598336546988821168e-03
1.632500000000000000e+03 4.260130210616089666e-03
1.635000000000000000e+03 4.171734380561871805e-03
1.637500000000000000e+03 4.228467541450680808e-03
1.640000000000000000e+03 4.224711257696392788e-03
1.642500000000000000e+03 4.030776310949796097e-03
1.645000000000000000e+03 3.694015026113384604e-03
1.647500000000000000e+03 3.356746971128530318e-03
1.650000000000000000e+03 3.131937721563489950e-03
1.652500000000000000e+03 3.013224613521337143e-03
1.655000000000000000e+03 2.955471815534512631e-03
1.657500000000000000e+03 2.952831151685846988e-03
1.660000000000000000e+03 3.033873651649288648e-03
1.662500000000000000e+03 3.167228286559965657e-03
1.665000000000000000e+03 3.217152544686289160e-03
1.667500000000000000e+03 3.048182191674873431e-03
1.670000000000000000e+03 2.670491971810198383e-03
1.672500000000000000e+03 2.247848013520183444e-03
1.675000000000000000e+03 1.981521784350538055e-03
1.677500000000000000e+03 1.920099768149010960e-03
1.680000000000000000e+03 1.947599090884231943e-03
1.682500000000000000e+03 1.897670856336040228e-03
1.685000000000000000e+03 1.710831143096560539e-03
1.687500000000000000e+03 1.463287662972589552e-03
1.690000000000000000e+03 1.275756518405842411e-03
1.692500000000000000e+03 1.180145816839807882e-03
1.695000000000000000e+03 1.129896604632522894e-03
1.697500000000000000e+03 1.089299966059103543e-03
1.700000000000000000e+03 1.101612123578063658e-03
1.702500000000000000e+03 1.223639607673984372e-03
1.705000000000000000e+03 1.408607343928211086e-03
1.707500000000000000e+03 1.505135594408602961e-03
1.710000000000000000e+03 1.382119124912941331e-03
1.712500000000000000e+03 1.066049568959777415e-03
1.715000000000000000e+03 7.336515395979228624e-04
1.717500000000000000e+03 5.408862624448107547e-04
1.720000000000000000e+03 5.097695074214973754e-04
1.722500000000000000e+03 5.256648829066769280e-04
1.725000000000000000e+03 4.761233368297466116e-04
1.727500000000000000e+03 3.581379995245207847e-04
1.730000000000000000e+03 2.607164933339479952e-04
1.732500000000000000e+03 2.423891177963451876e-04
1.735000000000000000e+03 2.679151480343700529e-04
1.737500000000000000e+03 2.655557527082954335e-04
1.740000000000000000e+03 2.390904454516803329e-04
1.742500000000000000e+03 2.839485380855880895e-04
1.745000000000000000e+03 4.700569470547203994e-04
1.747500000000000000e+03 7.326877221603232812e-04
1.750000000000000000e+03 8.934296308875871269e-04
1.752500000000000000e+03 8.336674937095237426e-04
1.755000000000000000e+03 6.011373489535575248e-04
1.757500000000000000e+03 3.574425044905227321e-04
1.760000000000000000e+03 2.364505024069404871e-04
1.762500000000000000e+03 2.321506792905287796e-04
1.765000000000000000e+03 2.542259199367137329e-04
1.767500000000000000e+03 2.476872978197189345e-04
1.770000000000000000e+03 2.511950386158903347e-04
1.772500000000000000e+03 3.302257982963638719e-04
1.775000000000000000e+03 4.712631569922063213e-04
1.777500000000000000e+03 5.827819706066409474e-04
1.780000000000000000e+03 5.981023721916082494e-04
1.782500000000000000e+03 5.794118455669451835e-04
1.785000000000000000e+03 6.691609636914510988e-04
1.787500000000000000e+03 9.382914815175525617e-04
1.790000000000000000e+03 1.280958385702293681e-03
1.792500000000000000e+03 1.511209603002437599e-03
1.795000000000000000e+03 1.516698635172200995e-03
1.797500000000000000e+03 1.359785736755215286e-03
1.800000000000000000e+03 1.197306787783481872e-03
1.802500000000000000e+03 1.128743332581359782e-03
1.805000000000000000e+03 1.144202839056434988e-03
1.807500000000000000e+03 1.188154086453105168e-03
1.810000000000000000e+03 1.258204514324466877e-03
1.812500000000000000e+03 1.410508177756893827e-03
1.815000000000000000e+03 1.658063125951033008e-03
1.817500000000000000e+03 1.918282366443745893e-03
1.820000000000000000e+03 2.060019158606284963e-03
1.822500000000000000e+03 2.058276856979100039e-03
1.825000000000000000e+03 2.040731990272988232e-03
1.827500000000000000e+03 2.183808996390547517e-03
1.830000000000000000e+03 2.531272247716936583e-03
1.832500000000000000e+03 2.949601194263856349e-03
1.835000000000000000e+03 3.228690976090765278e-03
1.837500000000000000e+03 3.282229703718886338e-03
1.840000000000000000e+03 3.183572431364350020e-03
1.842500000000000000e+03 3.073634403646175080e-03
1.845000000000000000e+03 3.034280095366134571e-03
1.847500000000000000e+03 3.058846094260740753e-03
1.850000000000000000e+03 3.134025021745444773e-03
1.852500000000000000e+03 3.300461457124883279e-03
1.855000000000000000e+03 3.596492222136702874e-03
1.857500000000000000e+03 3.977080568088084411e-03
1.860000000000000000e+03 4.284927478217818650e-03
1.862500000000000000e+03 4.397684320165035771e-03
1.865000000000000000e+03 4.346364508685288466e-03
1.867500000000000000e+03 4.323366953137630815e-03
1.870000000000000000e+03 4.514283682687211460e-03
1.872500000000000000e+03 4.931365782345083736e-03
1.875000000000000000e+03 5.389391397883056684e-03
1.877500000000000000e+03 5.690710341044472910e-03
1.880000000000000000e+03 5.760552475918130806e-03
1.882500000000000000e+03 5.687183616787278538e-03
1.885000000000000000e+03 5.599233163689447748e-03
1.887500000000000000e+03 5.560329244531324148e-03
1.890000000000000000e+03 5.581784013322047683e-03
1.892500000000000000e+03 5.693723348799219902e-03
1.895000000000000000e+03 5.952576008764903087e-03
1.897500000000000000e+03 6.367370291889354501e-03
1.900000000000000000e+03 6.807934469353495166e-03
1.902500000000000000e+03 7.091186023304225927e-03
1.905000000000000000e+03 7.115715403227520705e-03
1.907500000000000000e+03 6.990179780572628246e-03
1.910000000000000000e+03 6.956424330638474179e-03
1.912500000000000000e+03 7.187444357278359973e-03
1.915000000000000000e+03 7.637286142603489855e-03
1.917500000000000000e+03 8.103215648642443994e-03
1.920000000000000000e+03 8.380377426075611910e-03
1.922500000000000000e+03 8.431891838464988798e-03
1.925000000000000000e+03 8.351328225804552016e-03
1.927500000000000000e+03 8.250576741192615013e-03
1.930000000000000000e+03 8.187831181955363552e-03
1.932500000000000000e+03 8.196432281996755831e-03
1.935000000000000000e+03 8.339854865733332956e-03
1.937500000000000000e+03 8.677121504802553370e-03
1.940000000000000000e+03 9.149739919595631030e-03
1.942500000000000000e+03 9.579923923055419163e-03
1.945000000000000000e+03 9.760183935388947254e-03
1.947500000000000000e+03 9.655113318769063119e-03
1.950000000000000000e+03 9.446497435989464897e-03
1.952500000000000000e+03 9.398151878629750974e-03
1.955000000000000000e+03 9.646503786967020044e-03
1.957500000000000000e+03 1.010019959872338405e-02
1.960000000000000000e+03 1.052012923787632240e-02
1.962500000000000000e+03 1.073822436418112210e-02
1.965000000000000000e+03 1.073826627361752079e-02
1.967500000000000000e+03 1.062049408787414315e-02
1.970000000000000000e+03 1.048288873153446592e-02
1.972500000000000000e+03 1.037747675367010555e-02
1.975000000000000000e+03 1.036638913402662676e-02
1.977500000000000000e+03 1.053490152091261789e-02
1.980000000000000000e+03 1.091045220987624416e-02
1.982500000000000000e+03 1.138546086723415257e-02
1.985000000000000000e+03 1.172227666865134806e-02
1.987500000000000000e+03 1.174813277913576773e-02
1.990000000000000000e+03 1.149628829378242928e-02
1.992500000000000000e+03 1.120463420916605925e-02
1.995000000000000000e+03 1.114210451859324984e-02
1.997500000000000000e+03 1.139106922233200890e-02
2.000000000000000000e+03 1.180106102477120923e-02
