0.000000000000000000e+00 0.000000000000000000e+00 1.000000000000000000e+00
2.500000000000000000e+00 1.373929374736649334e-01 8.626070625263368985e-01
5.000000000000000000e+00 4.697312216297729881e-01 5.302687783702371149e-01
7.500000000000000000e+00 8.203392308847279324e-01 1.796607691152825592e-01
1.000000000000000000e+01 9.951825805125742441e-01 4.817419487435883191e-03
1.250000000000000000e+01 9.051896461446656827e-01 9.481035385534211657e-02
1.500000000000000000e+01 6.033821466304052361e-01 3.966178533696043673e-01
1.750000000000000000e+01 2.490853027233696781e-01 7.509146972766393979e-01
2.000000000000000000e+01 3.621184097641565180e-02 9.637881590236092588e-01
2.250000000000000000e+01 7.406186863003405563e-02 9.259381313699934779e-01
2.500000000000000000e+01 3.414080216281117353e-01 6.585919783719164089e-01
2.750000000000000000e+01 6.996137240999285023e-01 3.003862759000932581e-01
3.000000000000000000e+01 9.518905653777562925e-01 4.810943462226576622e-02
3.250000000000000000e+01 9.649644415935416664e-01 3.503555840648219649e-02
3.500000000000000000e+01 7.296419868792196617e-01 2.703580131208052073e-01
3.750000000000000000e+01 3.686882087467898694e-01 6.313117912532383302e-01
4.000000000000000000e+01 8.290987418596382219e-02 9.170901258140636836e-01
4.250000000000000000e+01 2.365989093015359590e-02 9.763401090698738960e-01
4.500000000000000000e+01 2.227285541781775235e-01 7.772714458218423772e-01
4.750000000000000000e+01 5.725443622416391820e-01 4.274556377583773048e-01
5.000000000000000000e+01 8.776300091933844083e-01 1.223699908066325504e-01
5.250000000000000000e+01 9.794687605266274577e-01 2.053123947338763439e-02
5.500000000000000000e+01 8.263624957585959940e-01 1.736375042414249892e-01
5.750000000000000000e+01 5.027022130533540523e-01 4.972977869466616019e-01
6.000000000000000000e+01 1.876786699788470791e-01 8.123213300211691301e-01
6.250000000000000000e+01 4.351580002497723587e-02 9.564841999750336443e-01
6.500000000000000000e+01 1.466829080686126718e-01 8.533170919314018166e-01
6.750000000000000000e+01 4.422098095627215453e-01 5.577901904372917219e-01
7.000000000000000000e+01 7.679370152341967737e-01 2.320629847658210454e-01
7.250000000000000000e+01 9.539895186124813797e-01 4.601048138753344174e-02
7.500000000000000000e+01 8.973344502077909013e-01 1.026655497922239757e-01
7.750000000000000000e+01 6.273079939535793903e-01 3.726920060464379292e-01
8.000000000000000000e+01 2.939603481131511931e-01 7.060396518868601312e-01
8.250000000000000000e+01 7.364111959050209655e-02 9.263588804095066465e-01
8.500000000000000000e+01 8.782877762607897709e-02 9.121712223739271153e-01
8.750000000000000000e+01 3.258459363040776546e-01 6.741540636959254540e-01
9.000000000000000000e+01 6.521197841492274438e-01 3.478802158507818820e-01
9.250000000000000000e+01 8.944250301382492552e-01 1.055749698617540200e-01
9.500000000000000000e+01 9.226069162338539353e-01 7.739308376615436358e-02
9.750000000000000000e+01 7.280993771707792162e-01 2.719006228292284999e-01
1.000000000000000000e+02 4.223156160188212271e-01 5.776843839811920400e-01
1.025000000000000000e+02 1.647021066951167567e-01 8.352978933048926802e-01
1.050000000000000000e+02 9.327599534976922790e-02 9.067240046502424988e-01
1.075000000000000000e+02 2.415737645994264771e-01 7.584262354005937290e-01
1.100000000000000000e+02 5.265934927523086007e-01 4.734065072477124936e-01
1.125000000000000000e+02 7.999438306945128030e-01 2.000561693055131207e-01
1.150000000000000000e+02 9.119241333467916766e-01 8.807586665322822417e-02
1.175000000000000000e+02 8.046460161432489322e-01 1.953539838567742715e-01
1.200000000000000000e+02 5.384948925278697507e-01 4.615051074721563951e-01
1.225000000000000000e+02 2.547842268382914943e-01 7.452157731617304881e-01
1.250000000000000000e+02 1.109552984391855152e-01 8.890447015608395898e-01
1.275000000000000000e+02 1.800673373094416885e-01 8.199326626905824034e-01
1.300000000000000000e+02 4.189575296308666319e-01 5.810424703691524639e-01
1.325000000000000000e+02 6.982786166419245877e-01 3.017213833580978943e-01
1.350000000000000000e+02 8.645431243252558184e-01 1.354568756747661640e-01
1.375000000000000000e+02 8.365488831730245600e-01 1.634511168270012804e-01
1.400000000000000000e+02 6.367362481461935619e-01 3.632637518538275878e-01
1.425000000000000000e+02 3.729317396692328201e-01 6.270682603307885516e-01
1.450000000000000000e+02 1.882100908322692223e-01 8.117899091677520662e-01
1.475000000000000000e+02 1.738382819812563096e-01 8.261617180187668108e-01
1.500000000000000000e+02 3.335552824538693395e-01 6.664447175461540862e-01
1.525000000000000000e+02 5.827168688477442071e-01 4.172831311522782194e-01
1.550000000000000000e+02 7.851585047373295101e-01 2.148414952626933050e-01
1.575000000000000000e+02 8.367622334739702739e-01 1.632377665260603683e-01
1.600000000000000000e+02 7.110048657223366764e-01 2.889951342776826415e-01
1.625000000000000000e+02 4.760819180683433238e-01 5.239180819316784365e-01
1.650000000000000000e+02 2.635226413630407105e-01 7.364773586369828262e-01
1.675000000000000000e+02 1.840321314847011003e-01 8.159678685153223254e-01
1.700000000000000000e+02 2.771000696249458217e-01 7.228999303750812677e-01
1.725000000000000000e+02 4.878788042150286608e-01 5.121211957849973739e-01
1.750000000000000000e+02 6.969739558580261285e-01 3.030260441419992956e-01
1.775000000000000000e+02 7.979169319413084160e-01 2.020830680587212824e-01
1.800000000000000000e+02 7.426354549120856019e-01 2.573645450879463725e-01
1.825000000000000000e+02 5.670666824059091837e-01 4.329333175941214584e-01
1.850000000000000000e+02 3.694819624505959466e-01 6.305180375494358058e-01
1.875000000000000000e+02 2.489198655534325955e-01 7.510801344465977136e-01
1.900000000000000000e+02 2.655853706522887658e-01 7.344146293477433751e-01
1.925000000000000000e+02 4.066935107560002427e-01 5.933064892440329530e-01
1.950000000000000000e+02 5.940722257207122770e-01 4.059277742793206412e-01
1.975000000000000000e+02 7.316625247320490688e-01 2.683374752679818509e-01
2.000000000000000000e+02 7.463121638384417889e-01 2.536878361615930721e-01
2.025000000000000000e+02 6.333159449329410773e-01 3.666840550670925625e-01
2.050000000000000000e+02 4.578320487633495972e-01 5.421679512366830433e-01
2.075000000000000000e+02 3.129840763299725492e-01 6.870159236700633665e-01
2.100000000000000000e+02 2.762310600563742669e-01 7.237689399436654236e-01
2.125000000000000000e+02 3.606976982288169764e-01 6.393023017712242684e-01
2.150000000000000000e+02 5.137246093663185853e-01 4.862753906337224930e-01
2.175000000000000000e+02 6.539103270747287366e-01 3.460896729253102322e-01
2.200000000000000000e+02 7.092766226478971481e-01 2.907233773521427089e-01
2.225000000000000000e+02 6.595543384232271933e-01 3.404456615768136629e-01
2.250000000000000000e+02 5.379782828902459624e-01 4.620217171097919517e-01
2.275000000000000000e+02 4.073955877039535656e-01 5.926044122960862914e-01
2.300000000000000000e+02 3.337877149094933271e-01 6.662122850905459748e-01
2.325000000000000000e+02 3.490448497075241407e-01 6.509551502925162714e-01
2.350000000000000000e+02 4.415187812934094347e-01 5.584812187066283684e-01
2.375000000000000000e+02 5.634711824867454366e-01 4.365288175132949755e-01
2.400000000000000000e+02 6.504989224423057825e-01 3.495010775577338524e-01
2.425000000000000000e+02 6.605554644041923273e-01 3.394445355958498611e-01
2.450000000000000000e+02 5.915995284436986745e-01 4.084004715563454568e-01
2.475000000000000000e+02 4.824926606232803894e-01 5.175073393767655183e-01
2.500000000000000000e+02 3.934208146904532577e-01 6.065791853095946484e-01
2.525000000000000000e+02 3.667338459722522259e-01 6.332661540277952916e-01
2.550000000000000000e+02 4.101514939740713572e-01 5.898485060259793800e-01
2.575000000000000000e+02 4.957142241911289271e-01 5.042857758089174247e-01
2.600000000000000000e+02 5.772502676582378367e-01 4.227497323418077935e-01
2.625000000000000000e+02 6.194214956639629843e-01 3.805785043360879749e-01
2.650000000000000000e+02 6.075602712500263181e-01 3.924397287500221432e-01
2.675000000000000000e+02 5.517898854371422468e-01 4.482101145629061034e-01
2.700000000000000000e+02 4.797506877349470011e-01 5.202493122651000723e-01
2.725000000000000000e+02 4.219293787819567432e-01 5.780706212180934944e-01
2.750000000000000000e+02 4.041401223070882898e-01 5.958598776929631136e-01
2.775000000000000000e+02 4.337138301595024892e-01 5.662861698405478039e-01
2.800000000000000000e+02 4.961305217263901057e-01 5.038694782736572453e-01
2.825000000000000000e+02 5.622835309013706206e-01 4.377164690986783402e-01
2.850000000000000000e+02 5.995585787071801009e-01 4.004414212928700256e-01
2.875000000000000000e+02 5.920995929424585080e-01 4.079004070575936725e-01
2.900000000000000000e+02 5.461400639816451630e-01 4.538599360184044085e-01
2.925000000000000000e+02 4.843022755121942913e-01 5.156977244878588884e-01
2.950000000000000000e+02 4.350545919067314582e-01 5.649454080933200562e-01
2.975000000000000000e+02 4.169835989606449633e-01 5.830164010394023322e-01
3.000000000000000000e+02 4.365152037683525110e-01 5.634847962317006687e-01
3.025000000000000000e+02 4.867750493113532917e-01 5.132249506886993329e-01
3.050000000000000000e+02 5.484167589239302698e-01 4.515832410761214666e-01
3.075000000000000000e+02 5.967812516897419428e-01 4.032187483103140679e-01
3.100000000000000000e+02 6.065960053090788673e-01 3.934039946909753671e-01
3.125000000000000000e+02 5.675501333638883761e-01 4.324498666361670240e-01
3.150000000000000000e+02 4.937758943180323157e-01 5.062241056820244722e-01
3.175000000000000000e+02 4.189848496095752162e-01 5.810151503904809056e-01
3.200000000000000000e+02 3.840128463146453286e-01 6.159871536854101270e-01
3.225000000000000000e+02 4.099400743349386200e-01 5.900599256651175573e-01
3.250000000000000000e+02 4.862849698916646979e-01 5.137150301083914794e-01
3.275000000000000000e+02 5.769917840001181908e-01 4.230082159999348224e-01
3.300000000000000000e+02 6.353474173168860428e-01 3.646525826831716888e-01
3.325000000000000000e+02 6.320359948770908343e-01 3.679640051229663422e-01
3.350000000000000000e+02 5.661317026200016755e-01 4.338682973800545573e-01
3.375000000000000000e+02 4.656189166345662822e-01 5.343810833654880632e-01
3.400000000000000000e+02 3.795142337820415213e-01 6.204857662180154332e-01
3.425000000000000000e+02 3.513594530988175535e-01 6.486405469012415104e-01
3.450000000000000000e+02 4.018767253370228998e-01 5.981232746630369412e-01
3.475000000000000000e+02 5.131981244069347969e-01 4.868018755931247110e-01
3.500000000000000000e+02 6.294957750062040169e-01 3.705042249938541588e-01
3.525000000000000000e+02 6.887253700377058419e-01 3.112746299623543322e-01
3.550000000000000000e+02 6.518347987700081614e-01 3.481652012300509580e-01
3.575000000000000000e+02 5.313280128664146229e-01 4.686719871336386123e-01
3.600000000000000000e+02 3.905913781327434164e-01 6.094086218673082644e-01
3.625000000000000000e+02 3.043915911297191412e-01 6.956084088703347046e-01
3.650000000000000000e+02 3.235199688113433725e-01 6.764800311887125828e-01
3.675000000000000000e+02 4.416497257541402988e-01 5.583502742459128809e-01
3.700000000000000000e+02 5.971279718921201907e-01 4.028720281079335441e-01
3.725000000000000000e+02 7.113500473107395861e-01 2.886499526893115952e-01
3.750000000000000000e+02 7.215874933856520901e-01 2.784125066144023664e-01
3.775000000000000000e+02 6.186892193176728449e-01 3.813107806823791135e-01
3.800000000000000000e+02 4.528529619496918790e-01 5.471470380503592468e-01
3.825000000000000000e+02 3.057248538538629989e-01 6.942751461461893481e-01
3.850000000000000000e+02 2.589785543117202327e-01 7.410214456883328360e-01
3.875000000000000000e+02 3.435023589013764256e-01 6.564976410986769206e-01
3.900000000000000000e+02 5.202181363097699851e-01 4.797818636902821954e-01
3.925000000000000000e+02 6.997286710188170833e-01 3.002713289812353747e-01
3.950000000000000000e+02 7.797139214282613473e-01 2.202860785717911940e-01
3.975000000000000000e+02 7.115342779189336442e-01 2.884657220811211453e-01
4.000000000000000000e+02 5.276027831012060076e-01 4.723972168988475606e-01
4.025000000000000000e+02 3.231213447306759967e-01 6.768786552693774050e-01
4.050000000000000000e+02 2.130392276827036135e-01 7.869607723173523972e-01
4.075000000000000000e+02 2.581944532417921878e-01 7.418055467582639340e-01
4.100000000000000000e+02 4.367152255778535275e-01 5.632847744222027053e-01
4.125000000000000000e+02 6.580930873344044141e-01 3.419069126656492097e-01
4.150000000000000000e+02 8.023677584871427015e-01 1.976322415129150023e-01
4.175000000000000000e+02 7.934806808515461052e-01 2.065193191485085178e-01
4.200000000000000000e+02 6.320820220907744647e-01 3.679179779092824898e-01
4.225000000000000000e+02 3.965624097556151861e-01 6.034375902444411022e-01
4.250000000000000000e+02 2.133574452444826353e-01 7.866425547555786491e-01
4.275000000000000000e+02 1.806354281637477799e-01 8.193645718363092856e-01
4.300000000000000000e+02 3.229823183619162652e-01 6.770176816381370255e-01
4.325000000000000000e+02 5.716802593436260960e-01 4.283197406564310805e-01
4.350000000000000000e+02 7.900688651872372903e-01 2.099311348128243826e-01
4.375000000000000000e+02 8.590568206224924452e-01 1.409431793775626773e-01
4.400000000000000000e+02 7.346760502147855476e-01 2.653239497852724060e-01
4.425000000000000000e+02 4.789540625162007625e-01 5.210459374838585234e-01
4.450000000000000000e+02 2.336816450431148662e-01 7.663183549569407838e-01
4.475000000000000000e+02 1.299062754158056832e-01 8.700937245842519374e-01
4.500000000000000000e+02 2.273354703257572940e-01 7.726645296743017699e-01
4.525000000000000000e+02 4.771276209603362295e-01 5.228723790397196147e-01
4.550000000000000000e+02 7.438146335015163313e-01 2.561853664985381251e-01
4.575000000000000000e+02 8.894355314100503840e-01 1.105644685900023794e-01
4.600000000000000000e+02 8.326915311676816867e-01 1.673084688323661362e-01
4.625000000000000000e+02 5.990006652652286601e-01 4.009993347348272397e-01
4.650000000000000000e+02 3.122153093295035875e-01 6.877846906705519237e-01
4.675000000000000000e+02 1.206597088358558334e-01 8.793402911642052011e-01
4.700000000000000000e+02 1.332566735945132641e-01 8.667433264055391939e-01
4.725000000000000000e+02 3.492544716384560766e-01 6.507455283616001562e-01
4.750000000000000000e+02 6.529259269658109766e-01 3.470740730342375402e-01
4.775000000000000000e+02 8.835864182111764498e-01 1.164135817888770491e-01
4.800000000000000000e+02 9.089785138809913789e-01 9.102148611906260567e-02
4.825000000000000000e+02 7.115469477276078480e-01 2.884530522724463864e-01
4.850000000000000000e+02 3.994793298203436205e-01 6.005206701797112245e-01
4.875000000000000000e+02 1.382032300223003940e-01 8.617967699777500101e-01
4.900000000000000000e+02 7.407144273350588226e-02 9.259285572665443276e-01
4.925000000000000000e+02 2.419617328019365021e-01 7.580382671981142906e-01
4.950000000000000000e+02 5.504494177821595002e-01 4.495505822178906818e-01
4.975000000000000000e+02 8.399037188053278813e-01 1.600962811947274078e-01
5.000000000000000000e+02 9.520969365660278960e-01 4.790306343403219480e-02
5.025000000000000000e+02 8.272238006420205014e-01 1.727761993580370636e-01
5.050000000000000000e+02 5.303805476664414931e-01 4.696194523336212345e-01
5.075000000000000000e+02 2.131183750388057629e-01 7.868816249612529123e-01
5.100000000000000000e+02 4.997811017735517836e-02 9.500218898227088538e-01
5.125000000000000000e+02 1.298976977809968569e-01 8.701023022190593759e-01
5.150000000000000000e+02 4.130081652937234726e-01 5.869918347063343145e-01
5.175000000000000000e+02 7.520975633052413567e-01 2.479024366948139602e-01
5.200000000000000000e+02 9.570714422202794003e-01 4.292855777977307163e-02
5.225000000000000000e+02 9.163044819933128249e-01 8.369551800674809861e-02
5.250000000000000000e+02 6.504207051054528010e-01 3.495792948946021550e-01
5.275000000000000000e+02 3.000365198204695827e-01 6.999634801795892036e-01
5.300000000000000000e+02 6.085957261258609363e-02 9.391404273874761621e-01
5.325000000000000000e+02 5.924992337378343077e-02 9.407500766262817393e-01
5.350000000000000000e+02 2.959357373449199580e-01 7.040642626551429917e-01
5.375000000000000000e+02 6.473878374205859210e-01 3.526121625794783609e-01
5.400000000000000000e+02 9.214998025412757254e-01 7.850019745878371313e-02
5.425000000000000000e+02 9.763351581377135435e-01 2.366484186235216086e-02
5.450000000000000000e+02 7.808873485634969525e-01 2.191126514365659417e-01
5.475000000000000000e+02 4.344046529694148839e-01 5.655953470306455122e-01
5.500000000000000000e+02 1.253457031222356410e-01 8.746542968778248106e-01
5.525000000000000000e+02 1.586315410167086354e-02 9.841368458983874579e-01
5.550000000000000000e+02 1.692033772301201888e-01 8.307966227699395967e-01
5.575000000000000000e+02 5.072994894917157715e-01 4.927005105083436254e-01
5.600000000000000000e+02 8.426514097159237826e-01 1.573485902841363360e-01
5.625000000000000000e+02 9.962302710449101317e-01 3.769728955155872765e-03
5.650000000000000000e+02 8.808196360692557292e-01 1.191803639308035151e-01
5.675000000000000000e+02 5.575377540073748195e-01 4.424622459926849660e-01
5.700000000000000000e+02 2.075214411567855299e-01 7.924785588432771144e-01
5.725000000000000000e+02 1.596304169386675298e-02 9.840369583061958636e-01
5.750000000000000000e+02 8.794566502431649946e-02 9.120543349757401774e-01
5.775000000000000000e+02 3.841987304645253509e-01 6.158012695355321586e-01
5.800000000000000000e+02 7.413104118610929216e-01 2.586895881389635332e-01
5.825000000000000000e+02 9.743970233402085013e-01 2.560297665984663171e-02
5.850000000000000000e+02 9.569313349191260754e-01 4.306866508092885293e-02
5.875000000000000000e+02 6.978138204388173449e-01 3.021861795612322266e-01
5.900000000000000000e+02 3.377002381619331195e-01 6.622997618381191165e-01
5.925000000000000000e+02 6.331234584028047618e-02 9.366876541597787265e-01
5.950000000000000000e+02 2.642338909250812121e-02 9.735766109075448815e-01
5.975000000000000000e+02 2.479511448878547741e-01 7.520488551121977672e-01
6.000000000000000000e+02 6.058462290878746659e-01 3.941537709121846200e-01
6.025000000000000000e+02 9.104275350441363157e-01 8.957246495592031954e-02
6.050000000000000000e+02 9.910377447305864784e-01 8.962255269479278003e-03
6.075000000000000000e+02 8.053505964384142235e-01 1.946494035616546658e-01
6.100000000000000000e+02 4.587253730340719593e-01 5.412746269659913789e-01
6.125000000000000000e+02 1.359676726739714459e-01 8.640323273260902548e-01
6.150000000000000000e+02 1.557491934421003851e-02 9.844250806558554334e-01
6.175000000000000000e+02 1.580172114591148480e-01 8.419827885409507662e-01
6.200000000000000000e+02 4.821083809866446024e-01 5.178916190134279507e-01
6.225000000000000000e+02 8.183306907328750102e-01 1.816693092671955445e-01
6.250000000000000000e+02 9.840580908605975896e-01 1.594190913947040114e-02
6.275000000000000000e+02 8.952790071903928837e-01 1.047209928096796139e-01
6.300000000000000000e+02 6.012646550844269466e-01 3.987353449156431640e-01
6.325000000000000000e+02 2.542522714265043615e-01 7.457477285735683026e-01
6.350000000000000000e+02 4.419894342096253315e-02 9.558010565791046353e-01
6.375000000000000000e+02 8.095808007374265258e-02 9.190419199263276662e-01
6.400000000000000000e+02 3.442406307051854575e-01 6.557593692948933128e-01
6.425000000000000000e+02 6.946559092215947029e-01 3.053440907784795710e-01
6.450000000000000000e+02 9.363786292923355070e-01 6.362137070773819791e-02
6.475000000000000000e+02 9.418549172891568233e-01 5.814508271091640285e-02
6.500000000000000000e+02 7.105092085398996282e-01 2.894907914601797527e-01
6.525000000000000000e+02 3.679803599051614249e-01 6.320196400949149584e-01
6.550000000000000000e+02 1.058471749895975589e-01 8.941528250104840980e-01
6.575000000000000000e+02 5.971186645359709277e-02 9.402881335464794432e-01
6.600000000000000000e+02 2.506449492385783850e-01 7.493550507614992195e-01
6.625000000000000000e+02 5.755909746307310559e-01 4.244090253693474923e-01
6.650000000000000000e+02 8.562848465536592180e-01 1.437151534464207459e-01
6.675000000000000000e+02 9.497138292890486833e-01 5.028617071102238489e-02
6.700000000000000000e+02 8.077560452382743783e-01 1.922439547618050859e-01
6.725000000000000000e+02 5.053922201590682617e-01 4.946077798410143389e-01
6.750000000000000000e+02 2.079348085070976682e-01 7.920651914929817128e-01
6.775000000000000000e+02 6.948903363302554037e-02 9.305109663670547704e-01
6.800000000000000000e+02 1.653088133786596858e-01 8.346911866214210551e-01
6.825000000000000000e+02 4.436498809735669457e-01 5.563501190265147667e-01
6.850000000000000000e+02 7.485003754665980891e-01 2.514996245334805147e-01
6.875000000000000000e+02 9.183934606459265293e-01 8.160653935415200511e-02
6.900000000000000000e+02 8.608966580171619754e-01 1.391033419829186268e-01
6.925000000000000000e+02 6.108636040033593728e-01 3.891363959967207853e-01
6.950000000000000000e+02 3.111415810300676710e-01 6.888584189700087679e-01
6.975000000000000000e+02 1.196832098449437110e-01 8.803167901551359753e-01
7.000000000000000000e+02 1.380924116783669164e-01 8.619075883217146572e-01
7.025000000000000000e+02 3.509408644664420152e-01 6.490591355336384760e-01
7.050000000000000000e+02 6.381397434939209967e-01 3.618602565061541654e-01
7.075000000000000000e+02 8.516630548074597407e-01 1.483369451926192795e-01
7.100000000000000000e+02 8.787957297179158633e-01 1.212042702821625739e-01
7.125000000000000000e+02 7.092210885827960887e-01 2.907789114172835143e-01
7.150000000000000000e+02 4.370881906600498357e-01 5.629118093400339307e-01
7.175000000000000000e+02 2.031874966628661461e-01 7.968125033372180921e-01
7.200000000000000000e+02 1.343446315386856993e-01 8.656553684613927935e-01
7.225000000000000000e+02 2.643481307332086749e-01 7.356518692668704285e-01
7.250000000000000000e+02 5.187881078983898053e-01 4.812118921016873552e-01
7.275000000000000000e+02 7.618114679116506638e-01 2.381885320884274404e-01
7.300000000000000000e+02 8.590541893385532646e-01 1.409458106615218143e-01
7.325000000000000000e+02 7.633201446770927490e-01 2.366798553229790270e-01
7.350000000000000000e+02 5.336025245267408401e-01 4.663974754733388739e-01
7.375000000000000000e+02 2.944934340959529662e-01 7.055065659041197534e-01
7.400000000000000000e+02 1.765455642034376993e-01 8.234544357966380179e-01
7.425000000000000000e+02 2.352335775124738404e-01 7.647664224876009609e-01
7.450000000000000000e+02 4.319362683445639450e-01 5.680637316555078309e-01
7.475000000000000000e+02 6.621380738903489549e-01 3.378619261097252635e-01
7.500000000000000000e+02 8.028415078675679162e-01 1.971584921325042761e-01
7.525000000000000000e+02 7.864343227499179800e-01 2.135656772501584866e-01
7.550000000000000000e+02 6.257729693338798249e-01 3.742270306661943380e-01
7.575000000000000000e+02 4.051283581733068351e-01 5.948716418267696593e-01
7.600000000000000000e+02 2.439866284774230565e-01 7.560133715226503570e-01
7.625000000000000000e+02 2.237511978698277781e-01 7.762488021302474950e-01
7.650000000000000000e+02 3.524152454387282085e-01 6.475847545613475642e-01
7.675000000000000000e+02 5.593280184941801236e-01 4.406719815058944834e-01
7.700000000000000000e+02 7.284458532996656022e-01 2.715541467004088938e-01
7.725000000000000000e+02 7.729145012527245395e-01 2.270854987473494568e-01
7.750000000000000000e+02 6.739466055525148436e-01 3.260533944475636492e-01
7.775000000000000000e+02 4.900927242745602430e-01 5.099072757255175281e-01
7.800000000000000000e+02 3.253308940724765064e-01 6.746691059276019864e-01
7.825000000000000000e+02 2.619145644222806157e-01 7.380854355777977105e-01
7.850000000000000000e+02 3.270231006484896064e-01 6.729768993515899966e-01
7.875000000000000000e+02 4.806984420870652475e-01 5.193015579130143555e-01
7.900000000000000000e+02 6.384936825179673425e-01 3.615063174821085967e-01
7.925000000000000000e+02 7.234538666920580230e-01 2.765461333080173612e-01
7.950000000000000000e+02 6.951009823610798666e-01 3.048990176389950180e-01
7.975000000000000000e+02 5.715324456601675873e-01 4.284675543399095732e-01
8.000000000000000000e+02 4.202365759658001076e-01 5.797634240342736112e-01
8.025000000000000000e+02 3.174969607940538174e-01 6.825030392060225104e-01
8.050000000000000000e+02 3.164110588614498232e-01 6.835889411386304459e-01
8.075000000000000000e+02 4.137921164976064992e-01 5.862078835024693291e-01
8.100000000000000000e+02 5.527991784142181064e-01 4.472008215858576108e-01
8.125000000000000000e+02 6.600257115660027596e-01 3.399742884340741789e-01
8.150000000000000000e+02 6.800560249310830807e-01 3.199439750689966333e-01
8.175000000000000000e+02 6.095860760329809835e-01 3.904139239670980643e-01
8.200000000000000000e+02 4.934912354012851443e-01 5.065087645987917941e-01
8.225000000000000000e+02 3.927200879520774679e-01 6.072799120480025792e-01
8.250000000000000000e+02 3.564757380279062748e-01 6.435242619721696089e-01
8.275000000000000000e+02 3.951780509128526298e-01 6.048219490872267512e-01
8.300000000000000000e+02 4.830883025250299889e-01 5.169116974750486149e-01
8.325000000000000000e+02 5.766564726246097283e-01 4.233435273754672101e-01
8.350000000000000000e+02 6.310571320966016362e-01 3.689428679034739700e-01
8.375000000000000000e+02 6.239626386105330269e-01 3.760373613895419131e-01
8.400000000000000000e+02 5.614066981137249002e-01 4.385933018863539257e-01
8.425000000000000000e+02 4.744882382298998280e-01 5.255117617701760002e-01
8.450000000000000000e+02 4.076926029714713073e-01 5.923073970286054646e-01
8.475000000000000000e+02 3.920423483836693035e-01 6.079576516164107991e-01
8.500000000000000000e+02 4.324132650960615942e-01 5.675867349040216725e-01
8.525000000000000000e+02 5.051926880375885442e-01 4.948073119624933347e-01
8.550000000000000000e+02 5.712254074038203289e-01 4.287745925962591631e-01
8.575000000000000000e+02 6.014659621934881351e-01 3.985340378065935218e-01
8.600000000000000000e+02 5.867384184994988150e-01 4.132615815005822313e-01
8.625000000000000000e+02 5.392010421546200583e-01 4.607989578454600443e-01
8.650000000000000000e+02 4.825759495313926006e-01 5.174240504686895559e-01
8.675000000000000000e+02 4.382821616342242321e-01 5.617178383658564256e-01
8.700000000000000000e+02 4.227386690807880543e-01 5.772613309192986542e-01
8.725000000000000000e+02 4.417808201261283485e-01 5.582191798739548627e-01
8.750000000000000000e+02 4.893506672933579105e-01 5.106493327067238575e-01
8.775000000000000000e+02 5.478668491088851678e-01 4.521331508911961561e-01
8.800000000000000000e+02 5.901122635186292209e-01 4.098877364814528246e-01
8.825000000000000000e+02 5.947213045915558105e-01 4.052786954085240145e-01
8.850000000000000000e+02 5.566779966675825531e-01 4.433220033325013798e-01
8.875000000000000000e+02 4.921718910741366138e-01 5.078281089259476522e-01
8.900000000000000000e+02 4.329662080441047389e-01 5.670337919559791384e-01
8.925000000000000000e+02 4.066621646514357868e-01 5.933378353486484791e-01
8.950000000000000000e+02 4.263698669845920608e-01 5.736301330154919276e-01
8.975000000000000000e+02 4.843755631446763910e-01 5.156244368554068203e-01
9.000000000000000000e+02 5.552388338089170317e-01 4.447611661911651804e-01
9.025000000000000000e+02 6.088710179009528822e-01 3.911289820991284416e-01
9.050000000000000000e+02 6.178345579296895540e-01 3.821654420703944899e-01
9.075000000000000000e+02 5.724566198189875443e-01 4.275433801810930023e-01
9.100000000000000000e+02 4.888814195462839463e-01 5.111185804537998756e-01
9.125000000000000000e+02 4.042350944216936970e-01 5.957649055783875713e-01
9.150000000000000000e+02 3.653481286773805348e-01 6.346518713227045083e-01
9.175000000000000000e+02 3.985299398037545071e-01 6.014700601963267612e-01
9.200000000000000000e+02 4.922796664214835749e-01 5.077203335786014682e-01
9.225000000000000000e+02 6.010464214917961012e-01 3.989535785082880537e-01
9.250000000000000000e+02 6.642198974692175018e-01 3.357801025308638776e-01
9.275000000000000000e+02 6.457570616745907932e-01 3.542429383254897535e-01
9.300000000000000000e+02 5.523865921048755068e-01 4.476134078952063722e-01
9.325000000000000000e+02 4.296048045894338419e-01 5.703951954106472044e-01
9.350000000000000000e+02 3.424836267543648338e-01 6.575163732457176557e-01
9.375000000000000000e+02 3.363945533135114241e-01 6.636054466865706214e-01
9.400000000000000000e+02 4.185220920879868522e-01 5.814779079120956373e-01
9.425000000000000000e+02 5.527969199651011634e-01 4.472030800349792168e-01
9.450000000000000000e+02 6.706878202923393095e-01 3.293121797077444013e-01
9.475000000000000000e+02 7.101645071576769830e-01 2.898354928424029531e-01
9.500000000000000000e+02 6.427876268903440771e-01 3.572123731097369692e-01
9.525000000000000000e+02 4.952021650740736081e-01 5.047978349260056063e-01
9.550000000000000000e+02 3.444545074158789078e-01 6.555454925842015834e-01
9.575000000000000000e+02 2.718725227351994622e-01 7.281274772648809179e-01
9.600000000000000000e+02 3.239244538810677199e-01 6.760755461190091076e-01
9.625000000000000000e+02 4.789608559734797044e-01 5.210391440265942364e-01
9.650000000000000000e+02 6.531452214021855607e-01 3.468547785978912668e-01
9.675000000000000000e+02 7.536187051984026830e-01 2.463812948016778637e-01
9.700000000000000000e+02 7.221275998008571673e-01 2.778724001992237680e-01
9.725000000000000000e+02 5.723396587859727047e-01 4.276603412141061766e-01
9.750000000000000000e+02 3.842472376365862474e-01 6.157527623634946323e-01
9.775000000000000000e+02 2.544614927333478382e-01 7.455385072667343183e-01
9.800000000000000000e+02 2.553399537837631184e-01 7.446600462163173173e-01
9.825000000000000000e+02 3.910124181436920310e-01 6.089875818563884602e-01
9.850000000000000000e+02 5.929911295569397778e-01 4.070088704431391591e-01
9.875000000000000000e+02 7.591987323658769826e-01 2.408012676341977631e-01
9.900000000000000000e+02 7.954700534840564163e-01 2.045299465160232699e-01
9.925000000000000000e+02 6.752735888266664377e-01 3.247264111734137204e-01
9.950000000000000000e+02 4.577486790828037000e-01 5.422513209172756810e-01
9.975000000000000000e+02 2.548896306280219459e-01 7.451103693720548815e-01
1.000000000000000000e+03 1.825627594083812644e-01 8.174372405916967566e-01
1.002500000000000000e+03 2.847060029019981564e-01 7.152939970980800588e-01
1.005000000000000000e+03 5.086518567050674067e-01 4.913481432950098649e-01
1.007500000000000000e+03 7.371370070495284477e-01 2.628629929505518215e-01
1.010000000000000000e+03 8.420637507703820912e-01 1.579362492296927933e-01
1.012500000000000000e+03 7.663232796663923541e-01 2.336767203336902743e-01
1.015000000000000000e+03 5.498897463415016729e-01 4.501102536585825931e-01
1.017500000000000000e+03 3.042084145488203606e-01 6.957915854512654041e-01
1.020000000000000000e+03 1.636355796618008118e-01 8.363644203382840647e-01
1.022500000000000000e+03 2.032194556772070615e-01 7.967805443228741513e-01
1.025000000000000000e+03 4.057362195742710842e-01 5.942637804258155132e-01
1.027500000000000000e+03 6.704457537282881852e-01 3.295542462717967469e-01
1.030000000000000000e+03 8.529578689776224909e-01 1.470421310224591938e-01
1.032500000000000000e+03 8.536222565893110126e-01 1.463777434107736974e-01
1.035000000000000000e+03 6.648879161843846974e-01 3.351120838157009008e-01
1.037500000000000000e+03 3.804297231577045690e-01 6.195702768423800855e-01
1.040000000000000000e+03 1.575670491191725475e-01 8.424329508809164091e-01
1.042500000000000000e+03 1.176909793741646448e-01 8.823090206259276425e-01
1.045000000000000000e+03 2.874479599924747997e-01 7.125520400076175154e-01
1.047500000000000000e+03 5.795454377512346822e-01 4.204545622488580769e-01
1.050000000000000000e+03 8.316386884196560469e-01 1.683613115804355187e-01
1.052500000000000000e+03 9.099498772699597948e-01 9.005012273013138224e-02
1.055000000000000000e+03 7.703290881109745580e-01 2.296709118891190338e-01
1.057500000000000000e+03 4.851463947424760059e-01 5.148536052576236921e-01
1.060000000000000000e+03 2.104694601482061667e-01 7.895305398518933648e-01
1.062500000000000000e+03 8.934315310738982774e-02 9.106568468927048743e-01
1.065000000000000000e+03 1.901969875363638818e-01 8.098030124637339844e-01
1.067500000000000000e+03 4.643969063273333253e-01 5.356030936727625980e-01
1.070000000000000000e+03 7.644857596547645073e-01 2.355142403453317490e-01
1.072500000000000000e+03 9.332197471633379982e-01 6.678025283676336521e-02
1.075000000000000000e+03 8.727989773140976126e-01 1.272010226860023074e-01
1.077500000000000000e+03 6.087962285340418056e-01 3.912037714660563381e-01
1.080000000000000000e+03 2.841135406745404213e-01 7.158864593255578335e-01
1.082500000000000000e+03 7.086256245745770066e-02 9.291374375426408871e-01
1.085000000000000000e+03 9.095917590564707444e-02 9.090408240944531926e-01
1.087500000000000000e+03 3.365749841641116902e-01 6.634250158359914495e-01
1.090000000000000000e+03 6.718534502998746438e-01 3.281465497002337139e-01
1.092500000000000000e+03 9.195174236318994776e-01 8.048257636820763117e-02
1.095000000000000000e+03 9.422305137230573280e-01 5.776948627704857342e-02
1.097500000000000000e+03 7.286279506425293873e-01 2.713720493575776938e-01
1.100000000000000000e+03 3.967326774122353905e-01 6.032673225878719681e-01
1.102500000000000000e+03 1.193448666516799817e-01 8.806551333484332611e-01
1.105000000000000000e+03 4.868976717818691152e-02 9.513102328219220638e-01
1.107500000000000000e+03 2.231257812649784511e-01 7.768742187351372896e-01
1.110000000000000000e+03 5.496931435091541029e-01 4.503068564909633031e-01
1.112500000000000000e+03 8.597823499398844493e-01 1.402176500602234921e-01
1.115000000000000000e+03 9.810592680745607863e-01 1.894073192555080498e-02
1.117500000000000000e+03 8.454659070298620183e-01 1.545340929702536670e-01
1.120000000000000000e+03 5.236453048660381082e-01 4.763546951340827951e-01
1.122500000000000000e+03 1.835653032748411073e-01 8.164346967252766873e-01
1.125000000000000000e+03 1.566272111497422903e-02 9.843372788851386668e-01
1.127500000000000000e+03 1.108751617782784415e-01 8.891248382218358559e-01
1.130000000000000000e+03 4.170768641112357900e-01 5.829231358888792291e-01
1.132500000000000000e+03 7.721256762004823360e-01 2.278743237996269100e-01
1.135000000000000000e+03 9.788636182821950360e-01 2.113638171791544507e-02
1.137500000000000000e+03 9.299453998192220849e-01 7.005460018088627283e-02
1.140000000000000000e+03 6.543504632647316743e-01 3.456495367353813464e-01
1.142500000000000000e+03 2.971194304249750728e-01 7.028805695751355609e-01
1.145000000000000000e+03 5.413092640936512795e-02 9.458690735907491209e-01
1.147500000000000000e+03 5.138464407805333478e-02 9.486153559220624754e-01
1.150000000000000000e+03 2.911417983424822720e-01 7.088582016576440159e-01
1.152500000000000000e+03 6.501769044997035563e-01 3.498230955004233977e-01
1.155000000000000000e+03 9.316563101036304806e-01 6.834368989649729220e-02
1.157500000000000000e+03 9.864365034665226739e-01 1.356349653360308660e-02
1.160000000000000000e+03 7.808121332867794528e-01 2.191878667133446423e-01
1.162500000000000000e+03 4.203727655533927576e-01 5.796272344467321425e-01
1.165000000000000000e+03 1.050317993855340026e-01 8.949682006145888158e-01
1.167500000000000000e+03 2.534968936229071556e-03 9.974650310638980555e-01
1.170000000000000000e+03 1.704178884709054154e-01 8.295821115292165704e-01
1.172500000000000000e+03 5.190168540407520403e-01 4.809831459593676972e-01
1.175000000000000000e+03 8.536479179764677738e-01 1.463520820236532405e-01
1.177500000000000000e+03 9.990341708875997151e-01 9.658291125173161821e-04
1.180000000000000000e+03 8.777951780122453806e-01 1.222048219878834191e-01
1.182500000000000000e+03 5.566020397648813178e-01 4.433979602352449145e-01
1.185000000000000000e+03 2.133061233544241431e-01 7.866938766457024501e-01
1.187500000000000000e+03 2.576480843891976180e-02 9.742351915611999758e-01
1.190000000000000000e+03 9.546836043990412912e-02 9.045316395602154280e-01
1.192500000000000000e+03 3.859548393935663957e-01 6.140451606065518986e-01
1.195000000000000000e+03 7.384508776462898050e-01 2.615491223538303767e-01
1.197500000000000000e+03 9.689569429839509640e-01 3.104305701617085175e-02
1.200000000000000000e+03 9.488640687076425051e-01 5.113593129247860636e-02
1.202500000000000000e+03 6.867269963427821144e-01 3.132730036573377896e-01
1.205000000000000000e+03 3.270430507481526528e-01 6.729569492519651419e-01
1.207500000000000000e+03 6.004851574657453506e-02 9.399514842535439119e-01
1.210000000000000000e+03 3.443619472373531804e-02 9.655638052763839685e-01
1.212500000000000000e+03 2.622836134469722080e-01 7.377163865531470854e-01
1.215000000000000000e+03 6.145696423047392054e-01 3.854303576953708732e-01
1.217500000000000000e+03 9.047875937664751067e-01 9.521240623363717848e-02
1.220000000000000000e+03 9.747143776433374596e-01 2.528562235678119552e-02
1.222500000000000000e+03 7.924742817521832627e-01 2.075257182479311457e-01
1.225000000000000000e+03 4.622946259185699569e-01 5.377053740815442850e-01
1.227500000000000000e+03 1.570259170169182594e-01 8.429740829831962046e-01
1.230000000000000000e+03 4.208273703982188391e-02 9.579172629603021072e-01
1.232500000000000000e+03 1.748150568796082438e-01 8.251849431205152685e-01
1.235000000000000000e+03 4.814639420681721682e-01 5.185360579319439056e-01
1.237500000000000000e+03 8.024618684157279747e-01 1.975381315843883767e-01
1.240000000000000000e+03 9.612250851530383944e-01 3.877491484707859537e-02
1.242500000000000000e+03 8.740319004885968024e-01 1.259680995115192714e-01
1.245000000000000000e+03 5.887762333641720636e-01 4.112237666359452870e-01
1.247500000000000000e+03 2.561868051473803476e-01 7.438131948527308968e-01
1.250000000000000000e+03 6.144655097594858839e-02 9.385534490241654870e-01
1.252500000000000000e+03 1.060473142725414930e-01 8.939526857275715832e-01
1.255000000000000000e+03 3.618524613512473787e-01 6.381475386488595358e-01
1.257500000000000000e+03 6.907835037240174225e-01 3.092164962760922675e-01
1.260000000000000000e+03 9.107067455035167125e-01 8.929325449659941683e-02
1.262500000000000000e+03 9.106523142307354490e-01 8.934768576937608675e-02
1.265000000000000000e+03 6.967532257148101316e-01 3.032467742853065529e-01
1.267500000000000000e+03 3.845052723930771355e-01 6.154947276070383833e-01
1.270000000000000000e+03 1.447897496618104629e-01 8.552102503383063326e-01
1.272500000000000000e+03 9.881244914538732382e-02 9.011875508547279034e-01
1.275000000000000000e+03 2.684527940639789834e-01 7.315472059361372015e-01
1.277500000000000000e+03 5.640884899799635255e-01 4.359115100201600979e-01
1.280000000000000000e+03 8.235947261535959685e-01 1.764052738465199388e-01
1.282500000000000000e+03 9.120192903148106600e-01 8.798070968530945224e-02
1.285000000000000000e+03 7.812374239924287922e-01 2.187625760076861714e-01
1.287500000000000000e+03 5.011261352251443757e-01 4.988738647749764166e-01
1.290000000000000000e+03 2.282509214948978959e-01 7.717490785052172342e-01
1.292500000000000000e+03 1.061854622364498679e-01 8.938145377636642630e-01
1.295000000000000000e+03 1.995621407721159257e-01 8.004378592280085858e-01
1.297500000000000000e+03 4.541873709676976789e-01 5.458126290324266661e-01
1.300000000000000000e+03 7.258025765617183156e-01 2.741974234384010334e-01
1.302500000000000000e+03 8.735965378600165643e-01 1.264034621400995650e-01
1.305000000000000000e+03 8.223611219803279582e-01 1.776388780197934170e-01
1.307500000000000000e+03 6.057525044897301703e-01 3.942474955103897338e-01
1.310000000000000000e+03 3.456110632314780551e-01 6.543889367686492875e-01
1.312500000000000000e+03 1.750234990228662357e-01 8.249765009772593860e-01
1.315000000000000000e+03 1.826581408816296825e-01 8.173418591184957727e-01
1.317500000000000000e+03 3.607056030775958044e-01 6.392943969225285405e-01
1.320000000000000000e+03 6.103612605345947184e-01 3.896387394655256853e-01
1.322500000000000000e+03 8.022549579748031734e-01 1.977450420253148988e-01
1.325000000000000000e+03 8.322491421613844587e-01 1.677508578387336413e-01
1.327500000000000000e+03 6.866227060706734386e-01 3.133772939294403592e-01
1.330000000000000000e+03 4.482118531114503424e-01 5.517881468886672858e-01
1.332500000000000000e+03 2.437935325982903689e-01 7.562064674018268429e-01
1.335000000000000000e+03 1.851213831381140484e-01 8.148786168620030246e-01
1.337500000000000000e+03 2.980056804203948806e-01 7.019943195797279101e-01
1.340000000000000000e+03 5.140934719432261879e-01 4.859065280568928835e-01
1.342500000000000000e+03 7.177013529036274653e-01 2.822986470964954364e-01
1.345000000000000000e+03 8.003680598461003770e-01 1.996319401540255223e-01
1.347500000000000000e+03 7.268716818662103174e-01 2.731283181339071997e-01
1.350000000000000000e+03 5.441612051249210547e-01 4.558387948751992380e-01
1.352500000000000000e+03 3.484534574973090493e-01 6.515465425028119650e-01
1.355000000000000000e+03 2.428013113590135330e-01 7.571986886411110618e-01
1.357500000000000000e+03 2.762738405949581311e-01 7.237261594051631608e-01
1.360000000000000000e+03 4.269046854543994685e-01 5.730953145457216014e-01
1.362500000000000000e+03 6.158463869262544854e-01 3.841536130738648080e-01
1.365000000000000000e+03 7.408948783513836789e-01 2.591051216487388897e-01
1.367500000000000000e+03 7.392547024526729960e-01 2.607452975474458534e-01
1.370000000000000000e+03 6.148808005297055068e-01 3.851191994704150079e-01
1.372500000000000000e+03 4.359198335826509063e-01 5.640801664174646124e-01
1.375000000000000000e+03 3.021151815746605518e-01 6.978848184254555775e-01
1.377500000000000000e+03 2.804881861845537894e-01 7.195118138155601750e-01
1.380000000000000000e+03 3.764648048001331126e-01 6.235351951999805742e-01
1.382500000000000000e+03 5.338188262075006518e-01 4.661811737926157551e-01
1.385000000000000000e+03 6.653256865571012257e-01 3.346743134430109068e-01
1.387500000000000000e+03 7.084078267839175602e-01 2.915921732161948499e-01
1.390000000000000000e+03 6.480149955870529999e-01 3.519850044130661271e-01
1.392500000000000000e+03 5.209081774792522213e-01 4.790918225208603554e-01
1.395000000000000000e+03 3.955049357547332223e-01 6.044950642453847944e-01
1.397500000000000000e+03 3.309760620942466258e-01 6.690239379058702252e-01
1.400000000000000000e+03 3.566548299290084323e-01 6.433451700711100285e-01
1.402500000000000000e+03 4.563786901702227561e-01 5.436213098298978696e-01
1.405000000000000000e+03 5.760752024030524332e-01 4.239247975970679150e-01
1.407500000000000000e+03 6.559068782700145928e-01 3.440931217301068656e-01
1.410000000000000000e+03 6.553102475553973516e-01 3.446897524447234407e-01
1.412500000000000000e+03 5.783468498105320821e-01 4.216531501895910972e-01
1.415000000000000000e+03 4.702492143963833415e-01 5.297507856037408924e-01
1.417500000000000000e+03 3.872178670002691114e-01 6.127821329998558442e-01
1.420000000000000000e+03 3.701580529724697866e-01 6.298419470276547250e-01
1.422500000000000000e+03 4.205747654881099029e-01 5.794252345120146641e-01
1.425000000000000000e+03 5.059400485091031241e-01 4.940599514910202217e-01
1.427500000000000000e+03 5.836093876522161494e-01 4.163906123479068633e-01
1.430000000000000000e+03 6.187127128009821675e-01 3.812872871991410118e-01
1.432500000000000000e+03 6.013424051469440368e-01 3.986575948531810853e-01
1.435000000000000000e+03 5.440286032923129511e-01 4.559713967078129482e-01
1.437500000000000000e+03 4.727981725212249686e-01 5.272018274789004311e-01
1.440000000000000000e+03 4.196703726555106595e-01 5.803296273446184594e-01
1.442500000000000000e+03 4.068015480570199016e-01 5.931984519431077185e-01
1.445000000000000000e+03 4.398583918623059641e-01 5.601416081378209899e-01
1.447500000000000000e+03 5.034867452995563930e-01 4.965132547005720043e-01
1.450000000000000000e+03 5.660496212157442031e-01 4.339503787843895233e-01
1.452500000000000000e+03 5.988141191242387640e-01 4.011858808758942407e-01
1.455000000000000000e+03 5.875213886955226172e-01 4.124786113046083336e-01
1.457500000000000000e+03 5.401113457429689291e-01 4.598886542571629654e-01
1.460000000000000000e+03 4.807265485782818981e-01 5.192734514218471098e-01
1.462500000000000000e+03 4.340746864270572103e-01 5.659253135730700768e-01
1.465000000000000000e+03 4.186806475165472663e-01 5.813193524835835735e-01
1.467500000000000000e+03 4.397772286763274030e-01 5.602227713238027151e-01
1.470000000000000000e+03 4.900862829778603325e-01 5.099137170222711735e-01
1.472500000000000000e+03 5.521683302001005877e-01 4.478316698000289753e-01
1.475000000000000000e+03 5.987402409218572918e-01 4.012597590782699397e-01
1.477500000000000000e+03 6.058213373202148144e-01 3.941786626799111404e-01
1.480000000000000000e+03 5.637743157965406926e-01 4.362256842035862614e-01
1.482500000000000000e+03 4.872769599015236430e-01 5.127230400986038106e-01
1.485000000000000000e+03 4.142850579502644903e-01 5.857149420498605208e-01
1.487500000000000000e+03 3.830279062884920371e-01 6.169720937116353054e-01
1.490000000000000000e+03 4.135086700455633535e-01 5.864913299545648773e-01
1.492500000000000000e+03 4.936063467526241588e-01 5.063936532475071806e-01
1.495000000000000000e+03 5.831757439213443028e-01 4.168242560787869255e-01
1.497500000000000000e+03 6.387909241849535347e-01 3.612090758151735859e-01
1.500000000000000000e+03 6.306774116428361943e-01 3.693225883572895940e-01
1.502500000000000000e+03 5.595803770926918164e-01 4.404196229074364699e-01
1.505000000000000000e+03 4.577337095142702816e-01 5.422662904858596145e-01
1.507500000000000000e+03 3.721974895997447463e-01 6.278025104003852608e-01
1.510000000000000000e+03 3.496093931745541394e-01 6.503906068255782547e-01
1.512500000000000000e+03 4.079733391459906544e-01 5.920266608541442377e-01
1.515000000000000000e+03 5.236026135006790483e-01 4.763973864994530683e-01
1.517500000000000000e+03 6.407501090935501242e-01 3.592498909065847124e-01
1.520000000000000000e+03 6.927002768547175782e-01 3.072997231454154821e-01
1.522500000000000000e+03 6.454605474242374186e-01 3.545394525758942539e-01
1.525000000000000000e+03 5.187944157646648957e-01 4.812055842354673318e-01
1.527500000000000000e+03 3.765563044147478555e-01 6.234436955853864815e-01
1.530000000000000000e+03 2.985498103068107700e-01 7.014501896933199587e-01
1.532500000000000000e+03 3.288524321236985792e-01 6.711475678764319275e-01
1.535000000000000000e+03 4.544158971947918624e-01 5.455841028053379782e-01
1.537500000000000000e+03 6.132143065929653858e-01 3.867856934071657315e-01
1.540000000000000000e+03 7.203839133091627378e-01 2.796160866909728204e-01
1.542500000000000000e+03 7.195881632163997343e-01 2.804118367837354353e-01
1.545000000000000000e+03 6.068120935909393499e-01 3.931879064091908793e-01
1.547500000000000000e+03 4.341735785806513093e-01 5.658264214194841379e-01
1.550000000000000000e+03 2.923436014248605996e-01 7.076563985752762909e-01
1.552500000000000000e+03 2.571658634303489732e-01 7.428341365697883614e-01
1.555000000000000000e+03 3.549795570912279152e-01 6.450204429089072544e-01
1.557500000000000000e+03 5.418354786748820207e-01 4.581645213252492077e-01
1.560000000000000000e+03 7.167764231516844387e-01 2.832235768484466787e-01
1.562500000000000000e+03 7.840902561256469783e-01 2.159097438744811415e-01
1.565000000000000000e+03 6.999954408707518283e-01 3.000045591293790115e-01
1.567500000000000000e+03 5.039126963659135150e-01 4.960873036342198228e-01
1.570000000000000000e+03 3.034792565420224575e-01 6.965207434581126567e-01
1.572500000000000000e+03 2.059338249977643309e-01 7.940661750023744192e-01
1.575000000000000000e+03 2.681484945264175357e-01 7.318515054737222414e-01
1.577500000000000000e+03 4.606761514441372607e-01 5.393238485560003515e-01
1.580000000000000000e+03 6.803524033851086061e-01 3.196475966150294501e-01
1.582500000000000000e+03 8.141450172383007944e-01 1.858549827618367067e-01
1.585000000000000000e+03 7.871648968181892414e-01 2.128351031819546157e-01
1.587500000000000000e+03 6.086397713757800698e-01 3.913602286243596518e-01
1.590000000000000000e+03 3.710235938759087748e-01 6.289764061242296700e-01
1.592500000000000000e+03 1.960079576564291437e-01 8.039920423437106889e-01
1.595000000000000000e+03 1.832532351071368693e-01 8.167467648930073487e-01
1.597500000000000000e+03 3.462626491838321496e-01 6.537373508163111246e-01
1.600000000000000000e+03 6.001993946573419558e-01 3.998006053427973217e-01
1.602500000000000000e+03 8.116716876342298104e-01 1.883283123659102443e-01
1.605000000000000000e+03 8.589058022148221561e-01 1.410941977853157336e-01
1.607500000000000000e+03 7.115551083081395056e-01 2.884448916920050454e-01
1.610000000000000000e+03 4.485543246186279309e-01 5.514456753815146772e-01
1.612500000000000000e+03 2.087445368661156597e-01 7.912554631340229516e-01
1.615000000000000000e+03 1.269332524280309404e-01 8.730667475721073378e-01
1.617500000000000000e+03 2.483319483860027821e-01 7.516680516141361901e-01
1.620000000000000000e+03 5.081786331512364585e-01 4.918213668489050949e-01
1.622500000000000000e+03 7.728075322838303673e-01 2.271924677163044415e-01
1.625000000000000000e+03 8.976382406885957677e-01 1.023617593115376256e-01
1.627500000000000000e+03 8.157531229044844290e-01 1.842468770956523783e-01
1.630000000000000000e+03 5.676910502567671379e-01 4.323089497433705852e-01
1.632500000000000000e+03 2.785110447863014538e-01 7.214889552138360473e-01
1.635000000000000000e+03 1.067327572844292277e-01 8.932672427157057893e-01
1.637500000000000000e+03 1.462290165318315127e-01 8.537709834683011589e-01
1.640000000000000000e+03 3.808300975233063768e-01 6.191699024768314574e-01
1.642500000000000000e+03 6.903494723003689160e-01 3.096505276997650880e-01
1.645000000000000000e+03 9.016460559137489117e-01 9.835394408639211439e-02
1.647500000000000000e+03 8.989398619975008664e-01 1.010601380026402984e-01
1.650000000000000000e+03 6.801303121032976629e-01 3.198696878968401158e-01
1.652500000000000000e+03 3.597040385318115985e-01 6.402959614683284562e-01
1.655000000000000000e+03 1.165509369604929707e-01 8.834490630396486521e-01
1.657500000000000000e+03 8.003163499121879187e-02 9.199683650089230946e-01
1.660000000000000000e+03 2.714414743004157637e-01 7.285585256997268999e-01
1.662500000000000000e+03 5.918327750110082830e-01 4.081672249891286075e-01
1.665000000000000000e+03 8.663826208197850098e-01 1.336173791803598743e-01
1.667500000000000000e+03 9.525130007874160754e-01 4.748699921272736546e-02
1.670000000000000000e+03 8.011843195440097043e-01 1.988156804561271862e-01
1.672500000000000000e+03 4.876015872204231827e-01 5.123984127797150956e-01
1.675000000000000000e+03 1.813220300334051349e-01 8.186779699667343646e-01
1.677500000000000000e+03 4.294805340531192284e-02 9.570519465948241766e-01
1.680000000000000000e+03 1.525825277060103013e-01 8.474174722941236748e-01
1.682500000000000000e+03 4.566857709090593742e-01 5.433142290910696337e-01
1.685000000000000000e+03 7.877701066087067217e-01 2.122298933914259500e-01
1.687500000000000000e+03 9.689526033951796347e-01 3.104739660494708689e-02
1.690000000000000000e+03 8.963423168224959880e-01 1.036576831776377106e-01
1.692500000000000000e+03 6.067856589872385742e-01 3.932143410128857153e-01
1.695000000000000000e+03 2.617985858554915946e-01 7.382014141446320288e-01
1.697500000000000000e+03 4.434353468224148942e-02 9.556564653178829527e-01
1.700000000000000000e+03 7.515820049185237273e-02 9.248417995082622856e-01
1.702500000000000000e+03 3.378507758258522675e-01 6.621492241742658047e-01
1.705000000000000000e+03 6.880707328431520109e-01 3.119292671569677822e-01
1.707500000000000000e+03 9.443145068958204158e-01 5.568549310429484617e-02
1.710000000000000000e+03 9.665658120068809644e-01 3.343418799324043150e-02
1.712500000000000000e+03 7.419906871761712264e-01 2.580093128239464573e-01
1.715000000000000000e+03 3.913269684421031291e-01 6.086730315580171080e-01
1.717500000000000000e+03 9.589660143876035936e-02 9.041033985613629032e-01
1.720000000000000000e+03 1.946766286841961763e-02 9.805323371317050674e-01
1.722500000000000000e+03 2.049961447066034337e-01 7.950038552935234648e-01
1.725000000000000000e+03 5.518593364566546366e-01 4.481406635434730390e-01
1.727500000000000000e+03 8.768394005538651115e-01 1.231605994462594278e-01
1.730000000000000000e+03 9.972073158766141532e-01 2.792684123511197502e-03
1.732500000000000000e+03 8.479638344182840459e-01 1.520361655818381064e-01
1.735000000000000000e+03 5.127301605821217301e-01 4.872698394180018377e-01
1.737500000000000000e+03 1.699766159391778719e-01 8.300233840609436697e-01
1.740000000000000000e+03 1.027758609564969131e-02 9.897224139044781266e-01
1.742500000000000000e+03 1.162964285370990669e-01 8.837035714630195882e-01
1.745000000000000000e+03 4.280188564608191082e-01 5.719811435392971877e-01
1.747500000000000000e+03 7.825524935207623933e-01 2.174475064793604251e-01
1.750000000000000000e+03 9.865870095671861462e-01 1.341299043292194099e-02
1.752500000000000000e+03 9.351117502234912449e-01 6.488824977662542570e-02
1.755000000000000000e+03 6.558839883893989864e-01 3.441160116107093714e-01
1.757500000000000000e+03 2.927346116350532101e-01 7.072653883650585893e-01
1.760000000000000000e+03 4.447423146100851210e-02 9.555257685391043143e-01
1.762500000000000000e+03 4.181500952110345920e-02 9.581849904790047390e-01
1.765000000000000000e+03 2.877164201380165709e-01 7.122835798620988923e-01
1.767500000000000000e+03 6.531278432452733984e-01 3.468721567548523899e-01
1.770000000000000000e+03 9.339179010992009200e-01 6.608209890091873429e-02
1.772500000000000000e+03 9.806451008746269737e-01 1.935489912549065092e-02
1.775000000000000000e+03 7.680648569047993091e-01 2.319351430953200954e-01
1.777500000000000000e+03 4.108295234261944984e-01 5.891704765739236294e-01
1.780000000000000000e+03 1.090005050370178863e-01 8.909994949631024896e-01
1.782500000000000000e+03 2.050632504933336958e-02 9.794936749507869855e-01
1.785000000000000000e+03 1.913317246286098117e-01 8.086682753715127570e-01
1.787500000000000000e+03 5.296485261140543299e-01 4.703514738860659627e-01
1.790000000000000000e+03 8.495312284486428167e-01 1.504687715514800295e-01
1.792500000000000000e+03 9.865589964849760252e-01 1.344100351514583916e-02
1.795000000000000000e+03 8.675551913547566718e-01 1.324448086453603457e-01
1.797500000000000000e+03 5.546868638893536207e-01 4.453131361107657837e-01
1.800000000000000000e+03 2.187361164062590624e-01 7.812638835938552351e-01
1.802500000000000000e+03 3.435264794118193799e-02 9.656473520589363702e-01
1.805000000000000000e+03 1.032945184270731565e-01 8.967054815730413075e-01
1.807500000000000000e+03 3.893128151279051652e-01 6.106871848722168483e-01
1.810000000000000000e+03 7.328074559685514577e-01 2.671925440315547351e-01
1.812500000000000000e+03 9.513414296724367336e-01 4.865857032767759160e-02
1.815000000000000000e+03 9.238962225007660845e-01 7.610377749935065550e-02
1.817500000000000000e+03 6.678978827413449837e-01 3.321021172587699244e-01
1.820000000000000000e+03 3.290292889673830934e-01 6.709707110327336466e-01
1.822500000000000000e+03 8.680153868111636917e-02 9.131984613190057276e-01
1.825000000000000000e+03 7.256043097914188778e-02 9.274395690209809029e-01
1.827500000000000000e+03 2.892479246279228144e-01 7.107520753721981999e-01
1.830000000000000000e+03 6.148524590058567219e-01 3.851475409942595185e-01
1.832500000000000000e+03 8.805354858572151944e-01 1.194645141428997276e-01
1.835000000000000000e+03 9.437629464446242178e-01 5.623705355548939966e-02
1.837500000000000000e+03 7.744104016762796139e-01 2.255895983238359048e-01
1.840000000000000000e+03 4.660292208290592320e-01 5.339707791710555096e-01
1.842500000000000000e+03 1.784682560122325123e-01 8.215317439878857542e-01
1.845000000000000000e+03 6.890038659006622601e-02 9.310996134100555377e-01
1.847500000000000000e+03 1.936972228279690289e-01 8.063027771721522630e-01
1.850000000000000000e+03 4.823364639802403264e-01 5.176635360198900138e-01
1.852500000000000000e+03 7.810276828165931828e-01 2.189723171835367688e-01
1.855000000000000000e+03 9.234509207613170734e-01 7.654907923880512055e-02
1.857500000000000000e+03 8.369546179977388478e-01 1.630453820023933242e-01
1.860000000000000000e+03 5.742933874406490613e-01 4.257066125594857198e-01
1.862500000000000000e+03 2.776237996572583633e-01 7.223762003428731981e-01
1.865000000000000000e+03 1.107830339444775131e-01 8.892169660556539235e-01
1.867500000000000000e+03 1.565204479289875883e-01 8.434795520711448891e-01
1.870000000000000000e+03 3.841271858485064694e-01 6.158728141516259802e-01
1.872500000000000000e+03 6.725588149216309430e-01 3.274411850785031719e-01
1.875000000000000000e+03 8.656890631448910245e-01 1.343109368552481142e-01
1.877500000000000000e+03 8.674239244141344063e-01 1.325760755859995421e-01
1.880000000000000000e+03 6.800275384317853167e-01 3.199724615683527951e-01
1.882500000000000000e+03 4.017112249924985612e-01 5.982887750076358868e-01
1.885000000000000000e+03 1.842251803429567625e-01 8.157748196571824595e-01
1.887500000000000000e+03 1.394081900839203580e-01 8.605918099162140900e-01
1.890000000000000000e+03 2.898397444905925768e-01 7.101602555095486435e-01
1.892500000000000000e+03 5.539097482846938592e-01 4.460902517154503588e-01
1.895000000000000000e+03 7.834096061010802359e-01 2.165903938990628719e-01
1.897500000000000000e+03 8.583571755454884045e-01 1.416428244546588944e-01
1.900000000000000000e+03 7.416770444321826306e-01 2.583229555679633638e-01
1.902500000000000000e+03 5.007639429928831820e-01 4.992360570072610360e-01
1.905000000000000000e+03 2.720705563816592232e-01 7.279294436184851058e-01
1.907500000000000000e+03 1.730753276905525051e-01 8.269246723095905471e-01
1.910000000000000000e+03 2.518650440059509998e-01 7.481349559941927740e-01
1.912500000000000000e+03 4.614644502019894512e-01 5.385355497981517692e-01
1.915000000000000000e+03 6.857395416328484483e-01 3.142604583672958252e-01
1.917500000000000000e+03 8.117837634139419833e-01 1.882162365861991815e-01
1.920000000000000000e+03 7.757200539541715401e-01 2.242799460459733163e-01
1.922500000000000000e+03 5.995706549279283815e-01 4.004293450722142822e-01
1.925000000000000000e+03 3.801901831893170769e-01 6.198098168108228112e-01
1.927500000000000000e+03 2.301927104514436551e-01 7.698072895486988143e-01
1.930000000000000000e+03 2.295634388287837446e-01 7.704365611713555051e-01
1.932500000000000000e+03 3.754449574541904866e-01 6.245550425459499566e-01
1.935000000000000000e+03 5.840658130069849019e-01 4.159341869931492686e-01
1.937500000000000000e+03 7.445277901823381672e-01 2.554722098177950595e-01
1.940000000000000000e+03 7.706318268405278893e-01 2.293681731596127760e-01
1.942500000000000000e+03 6.549691426275676687e-01 3.450308573725696659e-01
1.945000000000000000e+03 4.676857799109553349e-01 5.323142200891820552e-01
1.947500000000000000e+03 3.084932351754043900e-01 6.915067648247295029e-01
1.950000000000000000e+03 2.604079542758814259e-01 7.395920457242572965e-01
1.952500000000000000e+03 3.407320876951553945e-01 6.592679123049809409e-01
1.955000000000000000e+03 5.002498604669824989e-01 4.997501395331561125e-01
1.957500000000000000e+03 6.567296867827638884e-01 3.432703132173728355e-01
1.960000000000000000e+03 7.296812290394982803e-01 2.703187709606375555e-01
1.962500000000000000e+03 6.868393207720504545e-01 3.131606792280854368e-01
1.965000000000000000e+03 5.543654744217375585e-01 4.456345255783986103e-01
1.967500000000000000e+03 4.006223358459650719e-01 5.993776641541713746e-01
1.970000000000000000e+03 3.075935887407106328e-01 6.924064112594248144e-01
1.972500000000000000e+03 3.204926396920445009e-01 6.795073603080886704e-01
1.975000000000000000e+03 4.284382524910655410e-01 5.715617475090718491e-01
1.977500000000000000e+03 5.717826775149859042e-01 4.282173224851523186e-01
1.980000000000000000e+03 6.713167321883722893e-01 3.286832678117649897e-01
1.982500000000000000e+03 6.793847280960868540e-01 3.206152719040493149e-01
1.985000000000000000e+03 5.988377319783977359e-01 4.011622680217379888e-01
1.987500000000000000e+03 4.773094384824940750e-01 5.226905615176413722e-01
1.990000000000000000e+03 3.809532017783372471e-01 6.190467982217984222e-01
1.992500000000000000e+03 3.531314567517730985e-01 6.468685432483625153e-01
1.995000000000000000e+03 4.011038865137803722e-01 5.988961134863521885e-01
1.997500000000000000e+03 4.963509972639113532e-01 5.036490027362228172e-01
2.000000000000000000e+03 5.895605167907553845e-01 4.104394832093762324e-01
