0.000000000000000000e+00 0.000000000000000000e+00
2.500000000000000000e+00 5.140685722858679918e-06
5.000000000000000000e+00 6.726578920818158144e-05
7.500000000000000000e+00 2.517957113324495108e-04
1.000000000000000000e+01 5.109646752578021842e-04
1.250000000000000000e+01 7.001925124214762163e-04
1.500000000000000000e+01 7.053793388561306653e-04
1.750000000000000000e+01 5.716154993494596036e-04
2.000000000000000000e+01 4.585969612099817516e-04
2.250000000000000000e+01 4.786560260360151332e-04
2.500000000000000000e+01 5.979277174348162499e-04
2.750000000000000000e+01 6.915089368199436350e-04
3.000000000000000000e+01 6.811694333121082233e-04
3.250000000000000000e+01 6.098889587615952340e-04
3.500000000000000000e+01 5.688586853597369470e-04
3.750000000000000000e+01 5.799383063963946955e-04
4.000000000000000000e+01 5.916604294584269742e-04
4.250000000000000000e+01 5.887314491735582637e-04
4.500000000000000000e+01 6.588127218059185771e-04
4.750000000000000000e+01 9.062457836877002050e-04
5.000000000000000000e+01 1.293832642328445175e-03
5.250000000000000000e+01 1.643896998564584261e-03
5.500000000000000000e+01 1.769329200456872279e-03
5.750000000000000000e+01 1.659427059891599703e-03
6.000000000000000000e+01 1.472418244977492362e-03
6.250000000000000000e+01 1.379507128789810282e-03
6.500000000000000000e+01 1.431140887799186830e-03
6.750000000000000000e+01 1.555463381889377310e-03
7.000000000000000000e+01 1.670665633505211828e-03
7.250000000000000000e+01 1.772341485697735914e-03
7.500000000000000000e+01 1.887636636373848193e-03
7.750000000000000000e+01 1.998629130558005843e-03
8.000000000000000000e+01 2.035939608784875440e-03
8.250000000000000000e+01 1.992856496107529504e-03
8.500000000000000000e+01 1.990137885912211541e-03
8.750000000000000000e+01 2.183329688290409822e-03
9.000000000000000000e+01 2.581391827414748416e-03
9.250000000000000000e+01 3.007830488032497192e-03
9.500000000000000000e+01 3.221871997458063477e-03
9.750000000000000000e+01 3.145422163643239299e-03
1.000000000000000000e+02 2.903888321163493238e-03
1.025000000000000000e+02 2.694181295456961334e-03
1.050000000000000000e+02 2.632911267127187056e-03
1.075000000000000000e+02 2.705142762374105041e-03
1.100000000000000000e+02 2.851048923046670472e-03
1.125000000000000000e+02 3.046200291066816692e-03
1.150000000000000000e+02 3.272794621668682555e-03
1.175000000000000000e+02 3.469831021434215557e-03
1.200000000000000000e+02 3.530350549956037982e-03
1.225000000000000000e+02 3.427493350523205719e-03
1.250000000000000000e+02 3.292066070975748025e-03
1.275000000000000000e+02 3.325281481616120926e-03
1.300000000000000000e+02 3.606021066756511829e-03
1.325000000000000000e+02 3.994926035125155594e-03
1.350000000000000000e+02 4.232170850181116856e-03
1.375000000000000000e+02 4.178916821804441739e-03
1.400000000000000000e+02 3.908475361372841170e-03
1.425000000000000000e+02 3.608658603529581177e-03
1.450000000000000000e+02 3.429136225123030624e-03
1.475000000000000000e+02 3.396606820464288454e-03
1.500000000000000000e+02 3.483732606503806613e-03
1.525000000000000000e+02 3.672667820242306921e-03
1.550000000000000000e+02 3.933412350131987485e-03
1.575000000000000000e+02 4.178045547047348415e-03
1.600000000000000000e+02 4.259306823883722559e-03
1.625000000000000000e+02 4.107471073127463845e-03
1.650000000000000000e+02 3.832562122556879437e-03
1.675000000000000000e+02 3.659080545155770237e-03
1.700000000000000000e+02 3.738779842813431693e-03
1.725000000000000000e+02 3.995828634106258700e-03
1.750000000000000000e+02 4.190728331086930776e-03
1.775000000000000000e+02 4.147458903206476324e-03
1.800000000000000000e+02 3.885690362470705598e-03
1.825000000000000000e+02 3.558665460158363155e-03
1.850000000000000000e+02 3.311388812840298287e-03
1.875000000000000000e+02 3.183205260200292885e-03
1.900000000000000000e+02 3.170727873152744038e-03
1.925000000000000000e+02 3.278986282110685300e-03
1.950000000000000000e+02 3.499966159462253052e-03
1.975000000000000000e+02 3.749287045572047023e-03
2.000000000000000000e+02 3.855785020442217825e-03
2.025000000000000000e+02 3.699433991988483345e-03
2.050000000000000000e+02 3.341244909953158988e-03
2.075000000000000000e+02 2.996408070674216363e-03
2.100000000000000000e+02 2.869828355080793810e-03
2.125000000000000000e+02 2.957923273836770856e-03
2.150000000000000000e+02 3.073570249998854378e-03
2.175000000000000000e+02 3.036632975860309273e-03
2.200000000000000000e+02 2.828694678948858593e-03
2.225000000000000000e+02 2.559708504440494099e-03
2.250000000000000000e+02 2.339745013870628016e-03
2.275000000000000000e+02 2.188290000320827419e-03
2.300000000000000000e+02 2.101265917852093972e-03
2.325000000000000000e+02 2.106619198782521806e-03
2.350000000000000000e+02 2.241766171377998235e-03
2.375000000000000000e+02 2.460623419289085980e-03
2.400000000000000000e+02 2.599441137151057950e-03
2.425000000000000000e+02 2.499437683668297074e-03
2.450000000000000000e+02 2.156613988389160814e-03
2.475000000000000000e+02 1.744044660645820968e-03
2.500000000000000000e+02 1.483453850598176341e-03
2.525000000000000000e+02 1.432153124007089348e-03
2.550000000000000000e+02 1.470494728653357844e-03
2.575000000000000000e+02 1.445792258235570728e-03
2.600000000000000000e+02 1.327789966511998916e-03
2.625000000000000000e+02 1.192615758881764671e-03
2.650000000000000000e+02 1.102360227201998897e-03
2.675000000000000000e+02 1.031939854820726303e-03
2.700000000000000000e+02 9.447851392119475944e-04
2.725000000000000000e+02 8.753714726012662862e-04
2.750000000000000000e+02 9.114035215346102860e-04
2.775000000000000000e+02 1.072620902198154766e-03
2.800000000000000000e+02 1.239570485397784201e-03
2.825000000000000000e+02 1.241957961498969549e-03
2.850000000000000000e+02 1.012584151176386263e-03
2.875000000000000000e+02 6.594622051710234906e-04
2.900000000000000000e+02 3.800491307773958905e-04
2.925000000000000000e+02 2.651377123440693440e-04
2.950000000000000000e+02 2.567570560059234588e-04
2.975000000000000000e+02 2.490916211679694418e-04
3.000000000000000000e+02 2.271931396868960204e-04
3.025000000000000000e+02 2.561182934829306693e-04
3.050000000000000000e+02 3.581340523291276002e-04
3.075000000000000000e+02 4.552449928524699373e-04
3.100000000000000000e+02 4.513157270688217997e-04
3.125000000000000000e+02 3.603522117163907653e-04
3.150000000000000000e+02 3.056129901273092709e-04
3.175000000000000000e+02 3.837402605328832806e-04
3.200000000000000000e+02 5.504371412865274827e-04
3.225000000000000000e+02 6.577803088563588443e-04
3.250000000000000000e+02 5.945191805961789122e-04
3.275000000000000000e+02 3.973016797270234428e-04
3.300000000000000000e+02 2.068661385310277350e-04
3.325000000000000000e+02 1.131351298886134081e-04
3.350000000000000000e+02 9.612991170152684190e-05
3.375000000000000000e+02 9.783195403726884182e-05
3.400000000000000000e+02 1.368427090839425522e-04
3.425000000000000000e+02 2.937762142873061484e-04
3.450000000000000000e+02 5.770338220881524515e-04
3.475000000000000000e+02 8.667652052467534306e-04
3.500000000000000000e+02 9.956087250530976790e-04
3.525000000000000000e+02 9.294461346151097541e-04
3.550000000000000000e+02 7.985701609767048050e-04
3.575000000000000000e+02 7.673400939464723822e-04
3.600000000000000000e+02 8.813814542332642664e-04
3.625000000000000000e+02 1.044167872050926187e-03
3.650000000000000000e+02 1.130394890631136176e-03
3.675000000000000000e+02 1.116918942931212008e-03
3.700000000000000000e+02 1.074066750937951184e-03
3.725000000000000000e+02 1.060897698559268689e-03
3.750000000000000000e+02 1.062789776340187413e-03
3.775000000000000000e+02 1.052322602436693696e-03
3.800000000000000000e+02 1.084420075499488174e-03
3.825000000000000000e+02 1.275146659632016115e-03
3.850000000000000000e+02 1.653030337042092363e-03
3.875000000000000000e+02 2.083450858917065655e-03
3.900000000000000000e+02 2.337252812395712934e-03
3.925000000000000000e+02 2.314535831020423425e-03
3.950000000000000000e+02 2.120560071874502944e-03
3.975000000000000000e+02 1.960826128608385809e-03
4.000000000000000000e+02 1.964393534619052629e-03
4.025000000000000000e+02 2.100506981215016170e-03
4.050000000000000000e+02 2.260231131445621881e-03
4.075000000000000000e+02 2.385345811420452617e-03
4.100000000000000000e+02 2.484173274318137760e-03
4.125000000000000000e+02 2.569133104277908711e-03
4.150000000000000000e+02 2.601246976263005967e-03
4.175000000000000000e+02 2.555387275846093473e-03
4.200000000000000000e+02 2.508891798318643469e-03
4.225000000000000000e+02 2.618329824639745781e-03
4.250000000000000000e+02 2.961626540469108025e-03
4.275000000000000000e+02 3.423961338931278114e-03
4.300000000000000000e+02 3.743452249332306081e-03
4.325000000000000000e+02 3.754261775724108269e-03
4.350000000000000000e+02 3.511958509978390167e-03
4.375000000000000000e+02 3.227824753431419048e-03
4.400000000000000000e+02 3.088229279067597650e-03
4.425000000000000000e+02 3.123231157462540153e-03
4.450000000000000000e+02 3.260292931723116332e-03
4.475000000000000000e+02 3.434857542409580286e-03
4.500000000000000000e+02 3.619354363019028440e-03
4.525000000000000000e+02 3.783225218914759887e-03
4.550000000000000000e+02 3.847192376516718124e-03
4.575000000000000000e+02 3.760104402444830289e-03
4.600000000000000000e+02 3.595644811688456302e-03
4.625000000000000000e+02 3.538321544173438169e-03
4.650000000000000000e+02 3.728824804084849859e-03
4.675000000000000000e+02 4.103284026608962874e-03
4.700000000000000000e+02 4.407525325825439357e-03
4.725000000000000000e+02 4.428632838033161150e-03
4.750000000000000000e+02 4.163215945542133797e-03
4.775000000000000000e+02 3.795594676675741706e-03
4.800000000000000000e+02 3.531711973603698842e-03
4.825000000000000000e+02 3.440081904523912149e-03
4.850000000000000000e+02 3.486818602965210349e-03
4.875000000000000000e+02 3.623415755325478868e-03
4.900000000000000000e+02 3.819957961009314788e-03
4.925000000000000000e+02 4.024829631781579910e-03
4.950000000000000000e+02 4.122467745143192260e-03
4.975000000000000000e+02 4.018447171180636150e-03
5.000000000000000000e+02 3.753376596500314528e-03
5.025000000000000000e+02 3.513012919626264281e-03
5.050000000000000000e+02 3.492722199039612670e-03
5.075000000000000000e+02 3.697504212417441170e-03
5.100000000000000000e+02 3.920344243409274593e-03
5.125000000000000000e+02 3.933896805945251603e-03
5.150000000000000000e+02 3.684478901186090741e-03
5.175000000000000000e+02 3.309573847851368655e-03
5.200000000000000000e+02 2.997198835057987999e-03
5.225000000000000000e+02 2.822258771740703692e-03
5.250000000000000000e+02 2.772852693584361081e-03
5.275000000000000000e+02 2.824538491163794667e-03
5.300000000000000000e+02 2.973767195638695772e-03
5.325000000000000000e+02 3.180733293780486307e-03
5.350000000000000000e+02 3.316983903702250963e-03
5.375000000000000000e+02 3.245647967204492220e-03
5.400000000000000000e+02 2.951726501659069322e-03
5.425000000000000000e+02 2.589949503586041167e-03
5.450000000000000000e+02 2.382887493609158955e-03
5.475000000000000000e+02 2.403433932809918242e-03
5.500000000000000000e+02 2.517973458078838489e-03
5.525000000000000000e+02 2.520930346102294179e-03
5.550000000000000000e+02 2.331449663709468222e-03
5.575000000000000000e+02 2.038713446924971147e-03
5.600000000000000000e+02 1.787228573435146236e-03
5.625000000000000000e+02 1.627256457176415099e-03
5.650000000000000000e+02 1.539075995839883637e-03
5.675000000000000000e+02 1.513145810118466696e-03
5.700000000000000000e+02 1.586239183683991116e-03
5.725000000000000000e+02 1.763042479585393571e-03
5.750000000000000000e+02 1.937792985854597206e-03
5.775000000000000000e+02 1.950533086836774488e-03
5.800000000000000000e+02 1.723263427715321545e-03
5.825000000000000000e+02 1.352393663013053875e-03
5.850000000000000000e+02 1.049747546637548991e-03
5.875000000000000000e+02 9.364909806390099914e-04
5.900000000000000000e+02 9.575532769585740067e-04
5.925000000000000000e+02 9.572186415865535473e-04
5.950000000000000000e+02 8.568619853052667325e-04
5.975000000000000000e+02 7.132240024526060847e-04
6.000000000000000000e+02 6.211350725492141220e-04
6.025000000000000000e+02 5.863794952302602741e-04
6.050000000000000000e+02 5.493909673792928515e-04
6.075000000000000000e+02 4.926854684149375649e-04
6.100000000000000000e+02 4.882768181249078250e-04
6.125000000000000000e+02 6.065630500546731474e-04
6.150000000000000000e+02 8.007792739769217143e-04
6.175000000000000000e+02 9.196058757068951159e-04
6.200000000000000000e+02 8.331298432308200741e-04
6.225000000000000000e+02 5.660084177755878932e-04
6.250000000000000000e+02 2.833445055081326301e-04
6.275000000000000000e+02 1.224679101630002430e-04
6.300000000000000000e+02 9.009379591673661756e-05
6.325000000000000000e+02 9.142834898315671001e-05
6.350000000000000000e+02 7.563176038783391009e-05
6.375000000000000000e+02 9.293921726631675312e-05
6.400000000000000000e+02 2.024778511404456732e-04
6.425000000000000000e+02 3.632707136984787439e-04
6.450000000000000000e+02 4.539572043254372705e-04
6.475000000000000000e+02 4.212465751020994724e-04
6.500000000000000000e+02 3.507794214142252493e-04
6.525000000000000000e+02 3.808660175923431050e-04
6.550000000000000000e+02 5.488587283850078491e-04
6.575000000000000000e+02 7.456637923699716442e-04
6.600000000000000000e+02 8.160259505007420866e-04
6.625000000000000000e+02 7.173591502646540054e-04
6.650000000000000000e+02 5.455787480148369334e-04
6.675000000000000000e+02 4.198028580051227777e-04
6.700000000000000000e+02 3.764000726960668188e-04
6.725000000000000000e+02 3.725486723218684234e-04
6.750000000000000000e+02 3.981069777396459329e-04
6.775000000000000000e+02 5.220964944648204308e-04
6.800000000000000000e+02 7.957591702950661842e-04
6.825000000000000000e+02 1.147219545546972501e-03
6.850000000000000000e+02 1.390687556776968323e-03
6.875000000000000000e+02 1.414998693506471427e-03
6.900000000000000000e+02 1.289373243243915369e-03
6.925000000000000000e+02 1.202078212140816069e-03
6.950000000000000000e+02 1.280104860467486767e-03
6.975000000000000000e+02 1.480909134130502149e-03
7.000000000000000000e+02 1.657327508573982729e-03
7.025000000000000000e+02 1.719869016682247119e-03
7.050000000000000000e+02 1.692887672190033577e-03
7.075000000000000000e+02 1.651737360389516967e-03
7.100000000000000000e+02 1.626516716682497579e-03
7.125000000000000000e+02 1.601424007443896357e-03
7.150000000000000000e+02 1.602694277305115930e-03
7.175000000000000000e+02 1.732532600208041423e-03
7.200000000000000000e+02 2.064899395131191036e-03
7.225000000000000000e+02 2.525783196504647818e-03
7.250000000000000000e+02 2.884336715163060647e-03
7.275000000000000000e+02 2.964396982362574751e-03
7.300000000000000000e+02 2.791018262598980466e-03
7.325000000000000000e+02 2.570104049445381955e-03
7.350000000000000000e+02 2.502093049264170373e-03
7.375000000000000000e+02 2.618077566597609013e-03
7.400000000000000000e+02 2.807812896681861816e-03
7.425000000000000000e+02 2.963571977008804502e-03
7.450000000000000000e+02 3.055379261582736369e-03
7.475000000000000000e+02 3.106434991998816356e-03
7.500000000000000000e+02 3.113480711244189045e-03
7.525000000000000000e+02 3.056340280628759218e-03
7.550000000000000000e+02 2.977285464553881128e-03
7.575000000000000000e+02 3.009157212820499222e-03
7.600000000000000000e+02 3.270138402554697600e-03
7.625000000000000000e+02 3.716347004650059037e-03
7.650000000000000000e+02 4.108217322185642693e-03
7.675000000000000000e+02 4.216578458014774884e-03
7.700000000000000000e+02 4.006602235382621981e-03
7.725000000000000000e+02 3.665886633825891656e-03
7.750000000000000000e+02 3.435265280216983144e-03
7.775000000000000000e+02 3.407074968556651502e-03
7.800000000000000000e+02 3.521915643882427439e-03
7.825000000000000000e+02 3.680626002597220826e-03
7.850000000000000000e+02 3.828608828928245760e-03
7.875000000000000000e+02 3.948386866443239981e-03
7.900000000000000000e+02 3.994469179682151594e-03
7.925000000000000000e+02 3.916186235623554841e-03
7.950000000000000000e+02 3.742300475307335211e-03
7.975000000000000000e+02 3.617088249343950075e-03
8.000000000000000000e+02 3.706855650178116860e-03
8.025000000000000000e+02 4.023022112598159325e-03
8.050000000000000000e+02 4.359460013839378326e-03
8.075000000000000000e+02 4.462710261868476497e-03
8.100000000000000000e+02 4.239940105577824463e-03
8.125000000000000000e+02 3.832748598961491487e-03
8.150000000000000000e+02 3.482616350486726024e-03
8.175000000000000000e+02 3.315347986350390859e-03
8.200000000000000000e+02 3.316151930048942195e-03
8.225000000000000000e+02 3.410066799376604632e-03
8.250000000000000000e+02 3.549000317438231154e-03
8.275000000000000000e+02 3.702090532850373528e-03
8.300000000000000000e+02 3.793980333483484499e-03
8.325000000000000000e+02 3.732435135847178218e-03
8.350000000000000000e+02 3.504290410608013051e-03
8.375000000000000000e+02 3.235825949738448809e-03
8.400000000000000000e+02 3.125614209906650304e-03
8.425000000000000000e+02 3.250004155479806027e-03
8.450000000000000000e+02 3.470913118625387241e-03
8.475000000000000000e+02 3.547798227945585161e-03
8.500000000000000000e+02 3.348952648629558142e-03
8.525000000000000000e+02 2.959242773625094924e-03
8.550000000000000000e+02 2.586428235497356849e-03
8.575000000000000000e+02 2.355589982832109047e-03
8.600000000000000000e+02 2.272123673212205191e-03
8.625000000000000000e+02 2.284564837411352713e-03
8.650000000000000000e+02 2.372834146183585950e-03
8.675000000000000000e+02 2.526181964928531348e-03
8.700000000000000000e+02 2.668801417815255209e-03
8.725000000000000000e+02 2.675330102018775007e-03
8.750000000000000000e+02 2.473837872197237608e-03
8.775000000000000000e+02 2.143058564574770817e-03
8.800000000000000000e+02 1.883096428967987769e-03
8.825000000000000000e+02 1.825763574360686828e-03
8.850000000000000000e+02 1.917212030329203728e-03
8.875000000000000000e+02 1.964151820860012693e-03
8.900000000000000000e+02 1.826276824513476098e-03
8.925000000000000000e+02 1.540368576078295602e-03
8.950000000000000000e+02 1.261461787717883505e-03
8.975000000000000000e+02 1.084182879040928313e-03
9.000000000000000000e+02 1.000306243393280425e-03
9.025000000000000000e+02 9.655564168333101742e-04
9.050000000000000000e+02 9.925194277252775889e-04
9.075000000000000000e+02 1.118308419145661254e-03
9.100000000000000000e+02 1.303271027584634173e-03
9.125000000000000000e+02 1.414528865118009531e-03
9.150000000000000000e+02 1.323007846786531912e-03
9.175000000000000000e+02 1.040335855879980908e-03
9.200000000000000000e+02 7.326479369004912237e-04
9.225000000000000000e+02 5.612971588990774792e-04
9.250000000000000000e+02 5.498648834277742453e-04
9.275000000000000000e+02 5.731731911884548883e-04
9.300000000000000000e+02 5.138221476314661215e-04
9.325000000000000000e+02 3.838982013017613144e-04
9.350000000000000000e+02 2.866988465170916111e-04
9.375000000000000000e+02 2.703948746899577523e-04
9.400000000000000000e+02 2.825379834803058970e-04
9.425000000000000000e+02 2.604983341243618166e-04
9.450000000000000000e+02 2.362427894675049654e-04
9.475000000000000000e+02 3.066672533601719230e-04
9.500000000000000000e+02 4.998933269539630958e-04
9.525000000000000000e+02 7.100307536171615716e-04
9.550000000000000000e+02 7.715788184361314526e-04
9.575000000000000000e+02 6.260134518919960702e-04
9.600000000000000000e+02 3.769652975807142952e-04
9.625000000000000000e+02 1.810981316266094667e-04
9.650000000000000000e+02 1.128165157752368633e-04
9.675000000000000000e+02 1.161985952955323656e-04
9.700000000000000000e+02 1.189792883502319436e-04
9.725000000000000000e+02 1.368482397286269658e-04
9.750000000000000000e+02 2.401619450988057411e-04
9.775000000000000000e+02 4.330655363148326609e-04
9.800000000000000000e+02 6.033144441946474042e-04
9.825000000000000000e+02 6.449763244469605217e-04
9.850000000000000000e+02 5.834652743400536292e-04
9.875000000000000000e+02 5.669983791375170440e-04
9.900000000000000000e+02 7.076166204483610870e-04
9.925000000000000000e+02 9.584187254194426664e-04
9.950000000000000000e+02 1.151089268292846161e-03
9.975000000000000000e+02 1.171183697505327487e-03
1.000000000000000000e+03 1.047491069786023752e-03
1.002500000000000000e+03 9.005385378425964042e-04
1.005000000000000000e+03 8.188202318818130643e-04
1.007500000000000000e+03 7.974042190269460323e-04
1.010000000000000000e+03 8.145145929998223299e-04
1.012500000000000000e+03 9.113761765058366222e-04
1.015000000000000000e+03 1.153845754844637448e-03
1.017500000000000000e+03 1.521536201773592608e-03
1.020000000000000000e+03 1.848518088615147721e-03
1.022500000000000000e+03 1.971153378508527267e-03
1.025000000000000000e+03 1.879458141802450508e-03
1.027500000000000000e+03 1.746826585126975452e-03
1.030000000000000000e+03 1.764406833456830942e-03
1.032500000000000000e+03 1.963108678224111722e-03
1.035000000000000000e+03 2.207171164471333213e-03
1.037500000000000000e+03 2.352649094030800567e-03
1.040000000000000000e+03 2.360895431595785160e-03
1.042500000000000000e+03 2.297961086621668012e-03
1.045000000000000000e+03 2.232231366369446818e-03
1.047500000000000000e+03 2.178902090903362017e-03
1.050000000000000000e+03 2.153161384225838870e-03
1.052500000000000000e+03 2.228786986169196613e-03
1.055000000000000000e+03 2.493919114843645701e-03
1.057500000000000000e+03 2.933193934676847810e-03
1.060000000000000000e+03 3.353773754903964423e-03
1.062500000000000000e+03 3.537120844311704686e-03
1.065000000000000000e+03 3.416914271476264708e-03
1.067500000000000000e+03 3.156900129069836660e-03
1.070000000000000000e+03 3.002723214136719752e-03
1.072500000000000000e+03 3.062342230179765454e-03
1.075000000000000000e+03 3.257462576837306251e-03
1.077500000000000000e+03 3.444212600230722211e-03
1.080000000000000000e+03 3.540353594348603309e-03
1.082500000000000000e+03 3.558168108398508927e-03
1.085000000000000000e+03 3.525574696446750166e-03
1.087500000000000000e+03 3.445513983507925149e-03
1.090000000000000000e+03 3.342236426470635881e-03
1.092500000000000000e+03 3.311366865730153847e-03
1.095000000000000000e+03 3.477921220048153014e-03
1.097500000000000000e+03 3.860809346737637936e-03
1.100000000000000000e+03 4.279363950924237360e-03
1.102500000000000000e+03 4.481186091972765191e-03
1.105000000000000000e+03 4.338783290333692554e-03
1.107500000000000000e+03 3.974746880772518642e-03
1.110000000000000000e+03 3.652125254419054824e-03
1.112500000000000000e+03 3.535551500515918700e-03
1.115000000000000000e+03 3.609820369911039429e-03
1.117500000000000000e+03 3.754032775432613982e-03
1.120000000000000000e+03 3.873735285207807570e-03
1.122500000000000000e+03 3.946545725079372499e-03
1.125000000000000000e+03 3.959678157794343893e-03
1.127500000000000000e+03 3.881519845645711383e-03
1.130000000000000000e+03 3.712828216683128953e-03
1.132500000000000000e+03 3.546378552582666027e-03
1.135000000000000000e+03 3.540368185955858251e-03
1.137500000000000000e+03 3.766609046179713888e-03
1.140000000000000000e+03 4.095307094865789123e-03
1.142500000000000000e+03 4.274328420543926921e-03
1.145000000000000000e+03 4.129030355161997581e-03
1.147500000000000000e+03 3.723247029519915433e-03
1.150000000000000000e+03 3.298928959532539378e-03
1.152500000000000000e+03 3.043732208855860072e-03
1.155000000000000000e+03 2.989791997081144969e-03
1.157500000000000000e+03 3.048074821018125890e-03
1.160000000000000000e+03 3.139513220685998147e-03
1.162500000000000000e+03 3.237417794175152970e-03
1.165000000000000000e+03 3.307612070719920076e-03
1.167500000000000000e+03 3.279883752700852965e-03
1.170000000000000000e+03 3.106036589678383766e-03
1.172500000000000000e+03 2.846015873316893544e-03
1.175000000000000000e+03 2.669720754463559328e-03
1.177500000000000000e+03 2.703080542372885819e-03
1.180000000000000000e+03 2.893041182703702269e-03
1.182500000000000000e+03 3.025148814359535174e-03
1.185000000000000000e+03 2.906768780234801793e-03
1.187500000000000000e+03 2.544620204595520255e-03
1.190000000000000000e+03 2.130932966338587586e-03
1.192500000000000000e+03 1.840033688016983479e-03
1.195000000000000000e+03 1.719867337749861422e-03
1.197500000000000000e+03 1.705709973901257948e-03
1.200000000000000000e+03 1.748020776360037325e-03
1.202500000000000000e+03 1.846259534576265033e-03
1.205000000000000000e+03 1.976775486071755388e-03
1.207500000000000000e+03 2.046839885365652704e-03
1.210000000000000000e+03 1.950625336502415444e-03
1.212500000000000000e+03 1.690436878613509660e-03
1.215000000000000000e+03 1.415578993022127436e-03
1.217500000000000000e+03 1.288998676292433046e-03
1.220000000000000000e+03 1.339485650322388239e-03
1.222500000000000000e+03 1.419640950503575812e-03
1.225000000000000000e+03 1.354088477954443854e-03
1.227500000000000000e+03 1.111609223648199734e-03
1.230000000000000000e+03 8.238587391791550715e-04
1.232500000000000000e+03 6.240664641205908615e-04
1.235000000000000000e+03 5.400027938076338132e-04
1.237500000000000000e+03 5.104755767506497692e-04
1.240000000000000000e+03 5.115293081981468412e-04
1.242500000000000000e+03 5.881631488558525028e-04
1.245000000000000000e+03 7.608777882701496477e-04
1.247500000000000000e+03 9.455002627467792463e-04
1.250000000000000000e+03 9.907600550429235958e-04
1.252500000000000000e+03 8.302314237020409684e-04
1.255000000000000000e+03 5.605183872906529738e-04
1.257500000000000000e+03 3.515520167128386169e-04
1.260000000000000000e+03 2.974656308222982186e-04
1.262500000000000000e+03 3.301570116165942733e-04
1.265000000000000000e+03 3.214627580509158821e-04
1.267500000000000000e+03 2.310167407835202582e-04
1.270000000000000000e+03 1.387509543081064806e-04
1.272500000000000000e+03 1.258492951694386761e-04
1.275000000000000000e+03 1.724507241816313733e-04
1.277500000000000000e+03 1.947683635113786344e-04
1.280000000000000000e+03 1.744792281309864672e-04
1.282500000000000000e+03 2.033248337240209803e-04
1.285000000000000000e+03 3.699892215785861925e-04
1.287500000000000000e+03 6.344499735627687426e-04
1.290000000000000000e+03 8.298492357057483384e-04
1.292500000000000000e+03 8.274920965271926904e-04
1.295000000000000000e+03 6.504970218864974865e-04
1.297500000000000000e+03 4.426889041727132099e-04
1.300000000000000000e+03 3.316776254579781639e-04
1.302500000000000000e+03 3.200822498760535670e-04
1.305000000000000000e+03 3.417354911447325976e-04
1.307500000000000000e+03 3.744638756894733090e-04
1.310000000000000000e+03 4.703463972989190911e-04
1.312500000000000000e+03 6.668554492252565464e-04
1.315000000000000000e+03 8.875200864649922163e-04
1.317500000000000000e+03 1.004484070490668356e-03
1.320000000000000000e+03 9.770992090932628226e-04
1.322500000000000000e+03 9.263672533641775005e-04
1.325000000000000000e+03 1.015404472520632130e-03
1.327500000000000000e+03 1.276225200472351148e-03
1.330000000000000000e+03 1.564336731230498182e-03
1.332500000000000000e+03 1.710785947313369932e-03
1.335000000000000000e+03 1.662968206740147266e-03
1.337500000000000000e+03 1.513424283781784289e-03
1.340000000000000000e+03 1.386935883977770271e-03
1.342500000000000000e+03 1.330633329190616942e-03
1.345000000000000000e+03 1.335038211505855561e-03
1.347500000000000000e+03 1.411907248004820679e-03
1.350000000000000000e+03 1.614580480013415092e-03
1.352500000000000000e+03 1.960375731662890742e-03
1.355000000000000000e+03 2.329113569426794622e-03
1.357500000000000000e+03 2.540899894750124795e-03
1.360000000000000000e+03 2.507865996186112514e-03
1.362500000000000000e+03 2.350363271491286762e-03
1.365000000000000000e+03 2.291831248992588083e-03
1.367500000000000000e+03 2.446710732978011997e-03
1.370000000000000000e+03 2.726229747173472551e-03
1.372500000000000000e+03 2.951707731802835806e-03
1.375000000000000000e+03 3.011789077450137842e-03
1.377500000000000000e+03 2.938682283079772483e-03
1.380000000000000000e+03 2.825437237438939257e-03
1.382500000000000000e+03 2.729035344749641042e-03
1.385000000000000000e+03 2.673141595519655696e-03
1.387500000000000000e+03 2.701882075560539664e-03
1.390000000000000000e+03 2.892671998571482318e-03
1.392500000000000000e+03 3.272347961844009490e-03
1.395000000000000000e+03 3.707567067948098257e-03
1.397500000000000000e+03 3.976601917368054531e-03
1.400000000000000000e+03 3.932691319730924340e-03
1.402500000000000000e+03 3.663861451759709530e-03
1.405000000000000000e+03 3.423228596490172308e-03
1.407500000000000000e+03 3.396582823819473997e-03
1.410000000000000000e+03 3.568273717056221969e-03
1.412500000000000000e+03 3.779251618562775618e-03
1.415000000000000000e+03 3.889409612237360123e-03
1.417500000000000000e+03 3.880271119334347766e-03
1.420000000000000000e+03 3.800559826540416200e-03
1.422500000000000000e+03 3.686165218865397088e-03
1.425000000000000000e+03 3.560253532484576166e-03
1.427500000000000000e+03 3.481036159655120574e-03
1.430000000000000000e+03 3.557275228040235934e-03
1.432500000000000000e+03 3.850146245187172685e-03
1.435000000000000000e+03 4.251106296029915146e-03
1.437500000000000000e+03 4.523635877510557950e-03
1.440000000000000000e+03 4.469242920352313464e-03
1.442500000000000000e+03 4.121345381045477506e-03
1.445000000000000000e+03 3.724599285201741876e-03
1.447500000000000000e+03 3.506789103656785152e-03
1.450000000000000000e+03 3.520852962162523362e-03
1.452500000000000000e+03 3.646339759627540301e-03
1.455000000000000000e+03 3.746645289976940300e-03
1.457500000000000000e+03 3.776970880845979643e-03
1.460000000000000000e+03 3.748713153385317774e-03
1.462500000000000000e+03 3.660392270521102640e-03
1.465000000000000000e+03 3.502693688413975864e-03
1.467500000000000000e+03 3.319343694877703761e-03
1.470000000000000000e+03 3.238634952063669439e-03
1.472500000000000000e+03 3.366995102885572255e-03
1.475000000000000000e+03 3.653523925726343338e-03
1.477500000000000000e+03 3.883552564441816821e-03
1.480000000000000000e+03 3.831881321841818042e-03
1.482500000000000000e+03 3.472067870984174229e-03
1.485000000000000000e+03 3.006132925240108389e-03
1.487500000000000000e+03 2.665409865800848644e-03
1.490000000000000000e+03 2.546499419638809623e-03
1.492500000000000000e+03 2.570345933452860502e-03
1.495000000000000000e+03 2.626967215478906870e-03
1.497500000000000000e+03 2.675244903367639607e-03
1.500000000000000000e+03 2.712681828828548969e-03
1.502500000000000000e+03 2.704640056772167605e-03
1.505000000000000000e+03 2.590395198620816953e-03
1.507500000000000000e+03 2.370284294714593287e-03
1.510000000000000000e+03 2.164811180772498525e-03
1.512500000000000000e+03 2.118587860726846902e-03
1.515000000000000000e+03 2.255536826676218191e-03
1.517500000000000000e+03 2.418100368062681745e-03
1.520000000000000000e+03 2.389986269821552448e-03
1.522500000000000000e+03 2.098148060293610149e-03
1.525000000000000000e+03 1.681932596109863643e-03
1.527500000000000000e+03 1.340640703595694441e-03
1.530000000000000000e+03 1.177740453345542566e-03
1.532500000000000000e+03 1.141776662666060859e-03
1.535000000000000000e+03 1.155577296136737391e-03
1.537500000000000000e+03 1.206435297392493503e-03
1.540000000000000000e+03 1.309398420946541108e-03
1.542500000000000000e+03 1.419911212728558556e-03
1.545000000000000000e+03 1.427068322852395512e-03
1.547500000000000000e+03 1.268650808104548411e-03
1.550000000000000000e+03 1.024097579549511534e-03
1.552500000000000000e+03 8.533679520964657442e-04
1.555000000000000000e+03 8.516163517718036615e-04
1.557500000000000000e+03 9.411552212327009385e-04
1.560000000000000000e+03 9.497142819777973886e-04
1.562500000000000000e+03 7.843394035944349987e-04
1.565000000000000000e+03 5.212813368711730587e-04
1.567500000000000000e+03 3.056948672002478815e-04
1.570000000000000000e+03 2.117603332411461495e-04
1.572500000000000000e+03 1.904515373716632906e-04
1.575000000000000000e+03 1.853095914378555156e-04
1.577500000000000000e+03 2.226429270504806798e-04
1.580000000000000000e+03 3.635284731603679893e-04
1.582500000000000000e+03 5.874681490794236719e-04
1.585000000000000000e+03 7.550701180783118234e-04
1.587500000000000000e+03 7.390042422583706187e-04
1.590000000000000000e+03 5.504721226974421426e-04
1.592500000000000000e+03 3.338059869113367312e-04
1.595000000000000000e+03 2.328240136605903106e-04
1.597500000000000000e+03 2.526070985824543902e-04
1.600000000000000000e+03 2.883848391590917515e-04
1.602500000000000000e+03 2.577412433436128631e-04
1.605000000000000000e+03 1.918254796832838036e-04
1.607500000000000000e+03 1.787223750216523780e-04
1.610000000000000000e+03 2.399559520521595771e-04
1.612500000000000000e+03 3.016990947480069113e-04
1.615000000000000000e+03 3.033385641773480700e-04
1.617500000000000000e+03 3.029967481634387918e-04
1.620000000000000000e+03 4.232966299401667962e-04
1.622500000000000000e+03 7.003082656012927674e-04
1.625000000000000000e+03 1.001609313305158819e-03
1.627500000000000000e+03 1.150279041253364802e-03
1.630000000000000000e+03 1.078306118164501851e-03
1.632500000000000000e+03 8.856390513893120991e-04
1.635000000000000000e+03 7.310531399099337449e-04
1.637500000000000000e+03 6.846034329270437062e-04
1.640000000000000000e+03 7.134515484086988071e-04
1.642500000000000000e+03 7.690643547585171262e-04
1.645000000000000000e+03 8.662748910345790133e-04
1.647500000000000000e+03 1.051472424496764039e-03
1.650000000000000000e+03 1.290581006960494961e-03
1.652500000000000000e+03 1.466124487704525709e-03
1.655000000000000000e+03 1.485963997337474193e-03
1.657500000000000000e+03 1.417782843394799338e-03
1.660000000000000000e+03 1.442438219138501496e-03
1.662500000000000000e+03 1.671857507692939672e-03
1.665000000000000000e+03 2.018266383288034888e-03
1.667500000000000000e+03 2.284333934438551646e-03
1.670000000000000000e+03 2.332373754417638601e-03
1.672500000000000000e+03 2.200916391646154120e-03
1.675000000000000000e+03 2.029971676670448179e-03
1.677500000000000000e+03 1.922305943395954692e-03
1.680000000000000000e+03 1.901205831543176759e-03
1.682500000000000000e+03 1.960017289954974189e-03
1.685000000000000000e+03 2.125354521098689244e-03
1.687500000000000000e+03 2.428669709592534958e-03
1.690000000000000000e+03 2.798387630234203637e-03
1.692500000000000000e+03 3.070926590978443563e-03
1.695000000000000000e+03 3.103957955380196032e-03
1.697500000000000000e+03 2.945585173541957844e-03
1.700000000000000000e+03 2.813010972736232611e-03
1.702500000000000000e+03 2.892911883486730135e-03
1.705000000000000000e+03 3.169535381654108724e-03
1.707500000000000000e+03 3.459073580371605384e-03
1.710000000000000000e+03 3.581111878416258672e-03
1.712500000000000000e+03 3.512879979813798240e-03
1.715000000000000000e+03 3.352596789413244197e-03
1.717500000000000000e+03 3.200247863239909923e-03
1.720000000000000000e+03 3.104628721792510645e-03
1.722500000000000000e+03 3.090758313663225475e-03
1.725000000000000000e+03 3.213214986802509759e-03
1.727500000000000000e+03 3.516306843449566559e-03
1.730000000000000000e+03 3.923637353901353320e-03
1.732500000000000000e+03 4.242089884012060705e-03
1.735000000000000000e+03 4.277296742629317292e-03
1.737500000000000000e+03 4.032410075982714205e-03
1.740000000000000000e+03 3.726929025665341733e-03
1.742500000000000000e+03 3.600599778748542115e-03
1.745000000000000000e+03 3.717467645015386929e-03
1.747500000000000000e+03 3.935367648514305136e-03
1.750000000000000000e+03 4.066161001095178196e-03
1.752500000000000000e+03 4.042598862073070592e-03
1.755000000000000000e+03 3.915648312001790594e-03
1.757500000000000000e+03 3.756093363204640254e-03
1.760000000000000000e+03 3.603099141758307582e-03
1.762500000000000000e+03 3.488420666299973851e-03
1.765000000000000000e+03 3.492076448899817699e-03
1.767500000000000000e+03 3.689873425349206575e-03
1.770000000000000000e+03 4.036620253878832332e-03
1.772500000000000000e+03 4.341293824948125844e-03
1.775000000000000000e+03 4.374633051567173442e-03
1.777500000000000000e+03 4.082612323762962840e-03
1.780000000000000000e+03 3.651409630009447814e-03
1.782500000000000000e+03 3.338290546815731417e-03
1.785000000000000000e+03 3.272386919991593281e-03
1.787500000000000000e+03 3.366686282232510610e-03
1.790000000000000000e+03 3.456315872196414653e-03
1.792500000000000000e+03 3.456961083182687883e-03
1.795000000000000000e+03 3.385330373103354398e-03
1.797500000000000000e+03 3.274593435040304683e-03
1.800000000000000000e+03 3.126427236951237910e-03
1.802500000000000000e+03 2.948267451295077338e-03
1.805000000000000000e+03 2.824631878157052474e-03
1.807500000000000000e+03 2.865664312862089939e-03
1.810000000000000000e+03 3.084628899483460220e-03
1.812500000000000000e+03 3.329781142897059610e-03
1.815000000000000000e+03 3.368687030005013214e-03
1.817500000000000000e+03 3.095837595856586015e-03
1.820000000000000000e+03 2.638174636203480163e-03
1.822500000000000000e+03 2.232115102721665603e-03
1.825000000000000000e+03 2.039224747501881645e-03
1.827500000000000000e+03 2.022475156491449714e-03
1.830000000000000000e+03 2.056938311504660950e-03
1.832500000000000000e+03 2.069577391166072585e-03
1.835000000000000000e+03 2.069002916377390543e-03
1.837500000000000000e+03 2.062719460754204072e-03
1.840000000000000000e+03 2.003831851047297059e-03
1.842500000000000000e+03 1.849152167384129301e-03
1.845000000000000000e+03 1.655735300471130591e-03
1.847500000000000000e+03 1.554028830409241854e-03
1.850000000000000000e+03 1.625278200162084139e-03
1.852500000000000000e+03 1.787869899510840903e-03
1.855000000000000000e+03 1.843060666455792994e-03
1.857500000000000000e+03 1.655934961001473025e-03
1.860000000000000000e+03 1.286042521313645291e-03
1.862500000000000000e+03 9.192727291304207031e-04
1.865000000000000000e+03 7.095373841160125365e-04
1.867500000000000000e+03 6.481117330493824146e-04
1.870000000000000000e+03 6.475753660992345385e-04
1.872500000000000000e+03 6.655651000357788293e-04
1.875000000000000000e+03 7.322469879636724424e-04
1.877500000000000000e+03 8.567580274625618457e-04
1.880000000000000000e+03 9.533811207982886881e-04
1.882500000000000000e+03 9.162394842228130040e-04
1.885000000000000000e+03 7.437495362513324394e-04
1.887500000000000000e+03 5.604576929380350675e-04
1.890000000000000000e+03 5.045362107388702382e-04
1.892500000000000000e+03 5.789062885677974954e-04
1.895000000000000000e+03 6.492699035940724568e-04
1.897500000000000000e+03 5.823964021205518078e-04
1.900000000000000000e+03 3.819641698366704882e-04
1.902500000000000000e+03 1.704691950009096224e-04
1.905000000000000000e+03 5.960448055688629732e-05
1.907500000000000000e+03 3.861791956245703658e-05
1.910000000000000000e+03 3.831053886702529904e-05
1.912500000000000000e+03 5.076625180122319784e-05
1.915000000000000000e+03 1.500173110260588681e-04
1.917500000000000000e+03 3.790199123391633346e-04
1.920000000000000000e+03 6.410230471801492240e-04
1.922500000000000000e+03 7.745285751530321021e-04
1.925000000000000000e+03 7.007374646114418720e-04
1.927500000000000000e+03 5.087134089376168893e-04
1.930000000000000000e+03 3.659707552575070552e-04
1.932500000000000000e+03 3.532361281168332136e-04
1.935000000000000000e+03 4.159024524503069872e-04
1.937500000000000000e+03 4.518618668883685597e-04
1.940000000000000000e+03 4.350710901236754316e-04
1.942500000000000000e+03 4.308449581552154851e-04
1.945000000000000000e+03 4.906586291006404411e-04
1.947500000000000000e+03 5.737853561577985076e-04
1.950000000000000000e+03 6.014056456453245906e-04
1.952500000000000000e+03 5.870976473494018055e-04
1.955000000000000000e+03 6.553826666452010992e-04
1.957500000000000000e+03 9.080560321933761874e-04
1.960000000000000000e+03 1.274258818422148096e-03
1.962500000000000000e+03 1.561647593287862840e-03
1.965000000000000000e+03 1.615623457598363774e-03
1.967500000000000000e+03 1.466761904389023109e-03
1.970000000000000000e+03 1.277241747312050923e-03
1.972500000000000000e+03 1.180233733781386931e-03
1.975000000000000000e+03 1.195997639962525106e-03
1.977500000000000000e+03 1.271076742685780386e-03
1.980000000000000000e+03 1.380171515962125154e-03
1.982500000000000000e+03 1.552709893427024193e-03
1.985000000000000000e+03 1.783901876010762473e-03
1.987500000000000000e+03 1.987950451892758937e-03
1.990000000000000000e+03 2.051202039149675922e-03
1.992500000000000000e+03 1.983995642276715002e-03
1.995000000000000000e+03 1.949298463591057386e-03
1.997500000000000000e+03 2.116232802769275542e-03
2.000000000000000000e+03 2.473658006705128313e-03
