0.000000000000000000e+00 0.000000000000000000e+00 1.000000000000000000e+00
2.500000000000000000e+00 1.373930617506198271e-01 8.626069382493674054e-01
5.000000000000000000e+00 4.697369283699118769e-01 5.302630716300698044e-01
7.500000000000000000e+00 8.203752046962496935e-01 1.796247953037324319e-01
1.000000000000000000e+01 9.952334417174744097e-01 4.766558282505118857e-03
1.250000000000000000e+01 9.049927864091721341e-01 9.500721359080981088e-02
1.500000000000000000e+01 6.023098228492520523e-01 3.976901771507306282e-01
1.750000000000000000e+01 2.465018859969851373e-01 7.534981140029988200e-01
2.000000000000000000e+01 3.236951445189004128e-02 9.676304855481012712e-01
2.250000000000000000e+01 7.048172039680064560e-02 9.295182796031999928e-01
2.500000000000000000e+01 3.399416437810303671e-01 6.600583562189688003e-01
2.750000000000000000e+01 7.006301145392072049e-01 2.993698854607925175e-01
3.000000000000000000e+01 9.533645123339755667e-01 4.663548766602065854e-02
3.250000000000000000e+01 9.640345074730851671e-01 3.596549252691533943e-02
3.500000000000000000e+01 7.254350285863702119e-01 2.745649714136250696e-01
3.750000000000000000e+01 3.634720164869707504e-01 6.365279835130265296e-01
4.000000000000000000e+01 8.022093907019058057e-02 9.197790609298065467e-01
4.250000000000000000e+01 2.499249846219519025e-02 9.750075015378047993e-01
4.500000000000000000e+01 2.262620763944121760e-01 7.737379236055752507e-01
4.750000000000000000e+01 5.755286269835795387e-01 4.244713730164034748e-01
5.000000000000000000e+01 8.793917846716168274e-01 1.206082153283647290e-01
5.250000000000000000e+01 9.815658656939847404e-01 1.843413430599624009e-02
5.500000000000000000e+01 8.296185643543260158e-01 1.703814356456601897e-01
5.750000000000000000e+01 5.047591657599611592e-01 4.952408342400245189e-01
6.000000000000000000e+01 1.845658619234408493e-01 8.154341380765456337e-01
6.250000000000000000e+01 3.397431357452666834e-02 9.660256864254640474e-01
6.500000000000000000e+01 1.347720616759150725e-01 8.652279383240748523e-01
6.750000000000000000e+01 4.344262191620963387e-01 5.655737808378922260e-01
7.000000000000000000e+01 7.677580199433065022e-01 2.322419800566815073e-01
7.250000000000000000e+01 9.594454889494808958e-01 4.055451105050739136e-02
7.500000000000000000e+01 9.033597515764908437e-01 9.664024842349908107e-02
7.750000000000000000e+01 6.303461231567860645e-01 3.696538768431985589e-01
8.000000000000000000e+01 2.935126749096390597e-01 7.064873250903427326e-01
8.250000000000000000e+01 7.004750000588119696e-02 9.299524999941011227e-01
8.500000000000000000e+01 8.079997193363114283e-02 9.192000280663559231e-01
8.750000000000000000e+01 3.164026547583280724e-01 6.835973452416548302e-01
9.000000000000000000e+01 6.456689476495858226e-01 3.543310523503960807e-01
9.250000000000000000e+01 8.990998241341100483e-01 1.009001758658784054e-01
9.500000000000000000e+01 9.415654033223312958e-01 5.843459667765227294e-02
9.750000000000000000e+01 7.533406865037959310e-01 2.466593134961880818e-01
1.000000000000000000e+02 4.368449667597484876e-01 5.631550332402357473e-01
1.025000000000000000e+02 1.543638778794647892e-01 8.456361221205207501e-01
1.050000000000000000e+02 5.931036626399890238e-02 9.406896337359897942e-01
1.075000000000000000e+02 2.009706904427075724e-01 7.990293095572751358e-01
1.100000000000000000e+02 5.014250439959290206e-01 4.985749560040597661e-01
1.125000000000000000e+02 8.032538776836103400e-01 1.967461223163781414e-01
1.150000000000000000e+02 9.402873626693054598e-01 5.971263733068103707e-02
1.175000000000000000e+02 8.427306952265803952e-01 1.572693047734026739e-01
1.200000000000000000e+02 5.671924720035634859e-01 4.328075279964188060e-01
1.225000000000000000e+02 2.589188072842735222e-01 7.410811927157077150e-01
1.250000000000000000e+02 8.540889218990102560e-02 9.145911078100741332e-01
1.275000000000000000e+02 1.332120856119257679e-01 8.667879143880475867e-01
1.300000000000000000e+02 3.739694935626017291e-01 6.260305064373755668e-01
1.325000000000000000e+02 6.840973881617959940e-01 3.159026118381771386e-01
1.350000000000000000e+02 8.974601774149844058e-01 1.025398225849931400e-01
1.375000000000000000e+02 9.055535659822531169e-01 9.444643401772426228e-02
1.400000000000000000e+02 7.029587382055265676e-01 2.970412617944553357e-01
1.425000000000000000e+02 3.921062997556720164e-01 6.078937002443103310e-01
1.450000000000000000e+02 1.414035634709637779e-01 8.585964365290142952e-01
1.475000000000000000e+02 8.113631909619520299e-02 9.188636809037824538e-01
1.500000000000000000e+02 2.447938991213887139e-01 7.552061008785917462e-01
1.525000000000000000e+02 5.469531732103639632e-01 4.530468267896172740e-01
1.550000000000000000e+02 8.215959553015173000e-01 1.784040446984620221e-01
1.575000000000000000e+02 9.270839734027052081e-01 7.291602659727548785e-02
1.600000000000000000e+02 8.082885614903498883e-01 1.917114385096309603e-01
1.625000000000000000e+02 5.287844722713898049e-01 4.712155277285925981e-01
1.650000000000000000e+02 2.404466325461176723e-01 7.595533674538681446e-01
1.675000000000000000e+02 8.965663840821457009e-02 9.103433615917705390e-01
1.700000000000000000e+02 1.567956778291627051e-01 8.432043221708273029e-01
1.725000000000000000e+02 4.083849322252898206e-01 5.916150677746948583e-01
1.750000000000000000e+02 7.103492315184456452e-01 2.896507684815350370e-01
1.775000000000000000e+02 9.081628578987925859e-01 9.183714210118687493e-02
1.800000000000000000e+02 8.922510463801383018e-01 1.077489536198435738e-01
1.825000000000000000e+02 6.674749269285881192e-01 3.325250730713906755e-01
1.850000000000000000e+02 3.546293103628641585e-01 6.453706896371209645e-01
1.875000000000000000e+02 1.164426926056238848e-01 8.835573073943611133e-01
1.900000000000000000e+02 8.467826898770203226e-02 9.153217310122800932e-01
1.925000000000000000e+02 2.764000276580955151e-01 7.235999723418795604e-01
1.950000000000000000e+02 5.864324063094182860e-01 4.135675936905565120e-01
1.975000000000000000e+02 8.543764183524419353e-01 1.456235816475328626e-01
2.000000000000000000e+02 9.354952022171403314e-01 6.450479778283255139e-02
2.025000000000000000e+02 7.891389211723562891e-01 2.108610788276157333e-01
2.050000000000000000e+02 4.943209681483063944e-01 5.056790318516688476e-01
2.075000000000000000e+02 2.009513836797683084e-01 7.990486163202047409e-01
2.100000000000000000e+02 6.748747386688416783e-02 9.325125261330797777e-01
2.125000000000000000e+02 1.645656834555879744e-01 8.354343165443814945e-01
2.150000000000000000e+02 4.427125439377235794e-01 5.572874560622387285e-01
2.175000000000000000e+02 7.598237290004122846e-01 2.401762709995512723e-01
2.200000000000000000e+02 9.408510291498183298e-01 5.914897085014639289e-02
2.225000000000000000e+02 8.879056442570441021e-01 1.120943557429206483e-01
2.250000000000000000e+02 6.272958336931760970e-01 3.727041663067890975e-01
2.275000000000000000e+02 2.947596504744383616e-01 7.052403495255303856e-01
2.300000000000000000e+02 7.450722907290663333e-02 9.254927709270640568e-01
2.325000000000000000e+02 8.244087057798475671e-02 9.175591294219848093e-01
2.350000000000000000e+02 3.143826765352549790e-01 6.856173234647158221e-01
2.375000000000000000e+02 6.501036618989963767e-01 3.498963381009717599e-01
2.400000000000000000e+02 9.070368058139137712e-01 9.296319418605666907e-02
2.425000000000000000e+02 9.527454076348872425e-01 4.725459236508349620e-02
2.450000000000000000e+02 7.610831999278782067e-01 2.389168000720875706e-01
2.475000000000000000e+02 4.285554460896087714e-01 5.714445539103588656e-01
2.500000000000000000e+02 1.350940789997153446e-01 8.649059210002485454e-01
2.525000000000000000e+02 3.434739808019936919e-02 9.656526019197615440e-01
2.550000000000000000e+02 1.851365198799376222e-01 8.148634801200150823e-01
2.575000000000000000e+02 5.116075252544498575e-01 4.883924747455023474e-01
2.600000000000000000e+02 8.335853113359298350e-01 1.664146886640276435e-01
2.625000000000000000e+02 9.797079451487398227e-01 2.029205485121512997e-02
2.650000000000000000e+02 8.669937114719872273e-01 1.330062885279675866e-01
2.675000000000000000e+02 5.544650778852220352e-01 4.455349221147291150e-01
2.700000000000000000e+02 2.160323604709017131e-01 7.839676395290504640e-01
2.725000000000000000e+02 2.978474551336536547e-02 9.702152544865870754e-01
2.750000000000000000e+02 9.816036064748782930e-02 9.018396393524629184e-01
2.775000000000000000e+02 3.854615183780784049e-01 6.145384816218755208e-01
2.800000000000000000e+02 7.348780845164770703e-01 2.651219154834744685e-01
2.825000000000000000e+02 9.654579472340235613e-01 3.454205276593174528e-02
2.850000000000000000e+02 9.498746604773464774e-01 5.012533952260463110e-02
2.875000000000000000e+02 6.934303625476647692e-01 3.065696374522866585e-01
2.900000000000000000e+02 3.344822853429449960e-01 6.655177146570041558e-01
2.925000000000000000e+02 6.056683319121650144e-02 9.394331668087413378e-01
2.950000000000000000e+02 2.523526472496975814e-02 9.747647352749847505e-01
2.975000000000000000e+02 2.494218441040890466e-01 7.505781558958728450e-01
3.000000000000000000e+02 6.091035168738180294e-01 3.908964831261366180e-01
3.025000000000000000e+02 9.132930370595340186e-01 8.670696294041950469e-02
3.050000000000000000e+02 9.923019238304741085e-01 7.698076169478216060e-03
3.075000000000000000e+02 8.056336373526513661e-01 1.943663626473037809e-01
3.100000000000000000e+02 4.587685346746819826e-01 5.412314653252678909e-01
3.125000000000000000e+02 1.347778562283218906e-01 8.652221437716233199e-01
3.150000000000000000e+02 1.167980344882180513e-02 9.883201965511280163e-01
3.175000000000000000e+02 1.527393194010482069e-01 8.472606805988960321e-01
3.200000000000000000e+02 4.804548737510971335e-01 5.195451262488492983e-01
3.225000000000000000e+02 8.247253272408520131e-01 1.752746727590940024e-01
3.250000000000000000e+02 9.961378440012487179e-01 3.862155998695633932e-03
3.275000000000000000e+02 9.032613361809926911e-01 9.673866381895129818e-02
3.300000000000000000e+02 5.950465344704325421e-01 4.049534655295105035e-01
3.325000000000000000e+02 2.324982101908385779e-01 7.675017898091018864e-01
3.350000000000000000e+02 1.750535424405293139e-02 9.824946457558898505e-01
3.375000000000000000e+02 6.440339741595509093e-02 9.355966025839919098e-01
3.400000000000000000e+02 3.465055675377535227e-01 6.534944324621880796e-01
3.425000000000000000e+02 7.132856775438480845e-01 2.867143224560947945e-01
3.450000000000000000e+02 9.607606167186104607e-01 3.923938328133091957e-02
3.475000000000000000e+02 9.609606554745933060e-01 3.903934452535678945e-02
3.500000000000000000e+02 7.173468218432889065e-01 2.826531781566550827e-01
3.525000000000000000e+02 3.597297844571847314e-01 6.402702155427578701e-01
3.550000000000000000e+02 8.453289070456160292e-02 9.154671092953844402e-01
3.575000000000000000e+02 3.345584019904321305e-02 9.665441598009010260e-01
3.600000000000000000e+02 2.334507642811814165e-01 7.665492357187678740e-01
3.625000000000000000e+02 5.804404187438645391e-01 4.195595812560821702e-01
3.650000000000000000e+02 8.838519880841669840e-01 1.161480119157863033e-01
3.675000000000000000e+02 9.842604644911383538e-01 1.573953550881225863e-02
3.700000000000000000e+02 8.250220568253840980e-01 1.749779431745698832e-01
3.725000000000000000e+02 4.895272084078058361e-01 5.104727915921489778e-01
3.750000000000000000e+02 1.645337570902357660e-01 8.354662429097197140e-01
3.775000000000000000e+02 2.151668477431640386e-02 9.784833152256317002e-01
3.800000000000000000e+02 1.380959297508827233e-01 8.619040702490586847e-01
3.825000000000000000e+02 4.500380874907121687e-01 5.499619125092278793e-01
3.850000000000000000e+02 7.834723582312995704e-01 2.165276417686397836e-01
3.875000000000000000e+02 9.657812941200192292e-01 3.421870587992222740e-02
3.900000000000000000e+02 9.008411703752636779e-01 9.915882962466926465e-02
3.925000000000000000e+02 6.258073270524473486e-01 3.741926729474869817e-01
3.950000000000000000e+02 2.917236886937901730e-01 7.082763113061441018e-01
3.975000000000000000e+02 7.025029017228123784e-02 9.297497098276561456e-01
4.000000000000000000e+02 8.092771779337712412e-02 9.190722822065717779e-01
4.025000000000000000e+02 3.178124147944969002e-01 6.821875852054463119e-01
4.050000000000000000e+02 6.511087926929287617e-01 3.488912073070119524e-01
4.075000000000000000e+02 9.066076461023986344e-01 9.339235389754092787e-02
4.100000000000000000e+02 9.430788193238537342e-01 5.692118067608807619e-02
4.125000000000000000e+02 7.419962349112393385e-01 2.580037650887054834e-01
4.150000000000000000e+02 4.160838947053991932e-01 5.839161052945436303e-01
4.175000000000000000e+02 1.371807879062135471e-01 8.628192120937273613e-01
4.200000000000000000e+02 5.761343440199338112e-02 9.423865655979412059e-01
4.225000000000000000e+02 2.154211988775044384e-01 7.845788011224313907e-01
4.250000000000000000e+02 5.212824314666205661e-01 4.787175685333213138e-01
4.275000000000000000e+02 8.168767074235603332e-01 1.831232925763827957e-01
4.300000000000000000e+02 9.440435860427658366e-01 5.595641395717669553e-02
4.325000000000000000e+02 8.401406089299563451e-01 1.598593910699868670e-01
4.350000000000000000e+02 5.622486966026893906e-01 4.377513033972526557e-01
4.375000000000000000e+02 2.522019418073416230e-01 7.477980581926004788e-01
4.400000000000000000e+02 7.738487782028360962e-02 9.226151221796605739e-01
4.425000000000000000e+02 1.280935294295945104e-01 8.719064705703537532e-01
4.450000000000000000e+02 3.770766954138115579e-01 6.229233045861358731e-01
4.475000000000000000e+02 6.947939009593109283e-01 3.052060990406347818e-01
4.500000000000000000e+02 9.063820692476967089e-01 9.361793075224725258e-02
4.525000000000000000e+02 9.021054852192313955e-01 9.789451478071362067e-02
4.550000000000000000e+02 6.863953329026968309e-01 3.136046670972432171e-01
4.575000000000000000e+02 3.735960356184430120e-01 6.264039643814973690e-01
4.600000000000000000e+02 1.348139797236304893e-01 8.651860202763104191e-01
4.625000000000000000e+02 9.117644932287333193e-02 9.088235506770649952e-01
4.650000000000000000e+02 2.638423056074947204e-01 7.361576943924430516e-01
4.675000000000000000e+02 5.636283498075731480e-01 4.363716501923647351e-01
4.700000000000000000e+02 8.299796350159726055e-01 1.700203649839627240e-01
4.725000000000000000e+02 9.278545123044572573e-01 7.214548769547447782e-02
4.750000000000000000e+02 8.035703531748892292e-01 1.964296468250407712e-01
4.775000000000000000e+02 5.185871921877414081e-01 4.814128078121926446e-01
4.800000000000000000e+02 2.259870463527513251e-01 7.740129536471787031e-01
4.825000000000000000e+02 7.718703147267841347e-02 9.228129685272539184e-01
4.850000000000000000e+02 1.548284736655162475e-01 8.451715263344214968e-01
4.875000000000000000e+02 4.193262031351705499e-01 5.806737968647637249e-01
4.900000000000000000e+02 7.254846117850682896e-01 2.745153882148624880e-01
4.925000000000000000e+02 9.142345701408522984e-01 8.576542985907684158e-02
4.950000000000000000e+02 8.837131640485280659e-01 1.162868359514009353e-01
4.975000000000000000e+02 6.516776658324372473e-01 3.483223341674933082e-01
5.000000000000000000e+02 3.451167830891402333e-01 6.548832169107923207e-01
5.025000000000000000e+02 1.207075034818447523e-01 8.792924965180874963e-01
5.050000000000000000e+02 9.877115658862019310e-02 9.012288434113122637e-01
5.075000000000000000e+02 2.911374994426688678e-01 7.088625005572649629e-01
5.100000000000000000e+02 5.959140567526297616e-01 4.040859432473001278e-01
5.125000000000000000e+02 8.579737490924370658e-01 1.420262509074898538e-01
5.150000000000000000e+02 9.335137231428104476e-01 6.648627685711974711e-02
5.175000000000000000e+02 7.797342334774927108e-01 2.202657665224342642e-01
5.200000000000000000e+02 4.773962364682046156e-01 5.226037635317239971e-01
5.225000000000000000e+02 1.829371077304174087e-01 8.170628922695089003e-01
5.250000000000000000e+02 5.938778558769005483e-02 9.406122144122395223e-01
5.275000000000000000e+02 1.726359001461775233e-01 8.273640998537452607e-01
5.300000000000000000e+02 4.608838999919169788e-01 5.391161000080118004e-01
5.325000000000000000e+02 7.741894742315752476e-01 2.258105257683477585e-01
5.350000000000000000e+02 9.418335696478692398e-01 5.816643035205494583e-02
5.375000000000000000e+02 8.781272477912085428e-01 1.218727522087139914e-01
5.400000000000000000e+02 6.178939721663563311e-01 3.821060278335646210e-01
5.425000000000000000e+02 2.940496587608966150e-01 7.059503412390244481e-01
5.450000000000000000e+02 8.154046811485142487e-02 9.184595318850683476e-01
5.475000000000000000e+02 9.109219912153340704e-02 9.089078008783856300e-01
5.500000000000000000e+02 3.207161947743313313e-01 6.792838052255898429e-01
5.525000000000000000e+02 6.542117684975155001e-01 3.457882315024074504e-01
5.550000000000000000e+02 9.085569038830385580e-01 9.144309611688572481e-02
5.575000000000000000e+02 9.477894933518838938e-01 5.221050664803798119e-02
5.600000000000000000e+02 7.466360322551777173e-01 2.533639677447405147e-01
5.625000000000000000e+02 4.089478872540452947e-01 5.910521127458756574e-01
5.650000000000000000e+02 1.219895230932266095e-01 8.780104769066929826e-01
5.675000000000000000e+02 3.742960380551511868e-02 9.625703961944055420e-01
5.700000000000000000e+02 2.023451442794000354e-01 7.976548557205265233e-01
5.725000000000000000e+02 5.306783027812081999e-01 4.693216972187151947e-01
5.750000000000000000e+02 8.427850783646307908e-01 1.572149216352924372e-01
5.775000000000000000e+02 9.773578396322527562e-01 2.264216036766691920e-02
5.800000000000000000e+02 8.606117507238172371e-01 1.393882492761093772e-01
5.825000000000000000e+02 5.512344479725934665e-01 4.487655520273330922e-01
5.850000000000000000e+02 2.164406208227276085e-01 7.835593791771993111e-01
5.875000000000000000e+02 3.034880391559025004e-02 9.696511960843304800e-01
5.900000000000000000e+02 9.784993162583099924e-02 9.021500683740930615e-01
5.925000000000000000e+02 3.868655919270522214e-01 6.131344080728694523e-01
5.950000000000000000e+02 7.387642475941930131e-01 2.612357524057233871e-01
5.975000000000000000e+02 9.668443215814751523e-01 3.315567841843893027e-02
6.000000000000000000e+02 9.422413513537977181e-01 5.775864864611646166e-02
6.025000000000000000e+02 6.770908480122287409e-01 3.229091519876875482e-01
6.050000000000000000e+02 3.193928246779069724e-01 6.806071753220104270e-01
6.075000000000000000e+02 5.831163898471461438e-02 9.416883610152054773e-01
6.100000000000000000e+02 3.803901571058234538e-02 9.619609842893344087e-01
6.125000000000000000e+02 2.684788260133432192e-01 7.315211739865757901e-01
6.150000000000000000e+02 6.228659880813451899e-01 3.771340119185783712e-01
6.175000000000000000e+02 9.173500059545370844e-01 8.264999404538556083e-02
6.200000000000000000e+02 9.905773763421776845e-01 9.422623657741987374e-03
6.225000000000000000e+02 8.029169142858842978e-01 1.970830857140388470e-01
6.250000000000000000e+02 4.551584997520163323e-01 5.448415002479050084e-01
6.275000000000000000e+02 1.279908226723977527e-01 8.720091773275208125e-01
6.300000000000000000e+02 3.238936981016234378e-03 9.967610630188996623e-01
6.325000000000000000e+02 1.485950843343717964e-01 8.514049156655356665e-01
6.350000000000000000e+02 4.842519269114220481e-01 5.157480730884826947e-01
6.375000000000000000e+02 8.321034846197448154e-01 1.678965153801567634e-01
6.400000000000000000e+02 9.977008047997104612e-01 2.299195200187805974e-03
6.425000000000000000e+02 8.944025774288067998e-01 1.055974225710955977e-01
6.450000000000000000e+02 5.819019270251806208e-01 4.180980729747285074e-01
6.475000000000000000e+02 2.264180553816810548e-01 7.735819446182258252e-01
6.500000000000000000e+02 2.411457404809214805e-02 9.758854259518122687e-01
6.525000000000000000e+02 7.912625745729920390e-02 9.208737425426062329e-01
6.550000000000000000e+02 3.600165235180406986e-01 6.399834764818562727e-01
6.575000000000000000e+02 7.205894319327694753e-01 2.794105680671287173e-01
6.600000000000000000e+02 9.633878763722565353e-01 3.661212362764574429e-02
6.625000000000000000e+02 9.611611458370142858e-01 3.883885416288079817e-02
6.650000000000000000e+02 7.134416080420534767e-01 2.865583919578523764e-01
6.675000000000000000e+02 3.487599639525975070e-01 6.512400360473074024e-01
6.700000000000000000e+02 6.909062328607304404e-02 9.309093767138250097e-01
6.725000000000000000e+02 2.246430597764785195e-02 9.775356940222527102e-01
6.750000000000000000e+02 2.344423606820337791e-01 7.655576393178669115e-01
6.775000000000000000e+02 5.915175489409965071e-01 4.084824510589081248e-01
6.800000000000000000e+02 8.943643499175482070e-01 1.056356500823567579e-01
6.825000000000000000e+02 9.851000932035547386e-01 1.489990679634607858e-02
6.850000000000000000e+02 8.173360861303886615e-01 1.826639138695048681e-01
6.875000000000000000e+02 4.823884792778156405e-01 5.176115207220867154e-01
6.900000000000000000e+02 1.652475362347333998e-01 8.347524637651636548e-01
6.925000000000000000e+02 2.927993870854124492e-02 9.707200612913573501e-01
6.950000000000000000e+02 1.469127746553096081e-01 8.530872253445898057e-01
6.975000000000000000e+02 4.563206265817406071e-01 5.436793734181617488e-01
7.000000000000000000e+02 7.882626836046866536e-01 2.117373163952175619e-01
7.025000000000000000e+02 9.697696060225411419e-01 3.023039397736097464e-02
7.050000000000000000e+02 9.001290870014370116e-01 9.987091299847225545e-02
7.075000000000000000e+02 6.151743501201055730e-01 3.848256498797965053e-01
7.100000000000000000e+02 2.727579234933886765e-01 7.272420765065170656e-01
7.125000000000000000e+02 5.329666706569196472e-02 9.467033329342180448e-01
7.150000000000000000e+02 7.725882109146248178e-02 9.227411789084463134e-01
7.175000000000000000e+02 3.292886475276271541e-01 6.707113524722820852e-01
7.200000000000000000e+02 6.678918086772747120e-01 3.321081913226340276e-01
7.225000000000000000e+02 9.166820061019109733e-01 8.331799389799665612e-02
7.250000000000000000e+02 9.427372978750611088e-01 5.726270212484794314e-02
7.275000000000000000e+02 7.367355016164326420e-01 2.632644983834766528e-01
7.300000000000000000e+02 4.129473986146093845e-01 5.870526013852906955e-01
7.325000000000000000e+02 1.377077306332272211e-01 8.622922693666791316e-01
7.350000000000000000e+02 5.903718451974702963e-02 9.409628154801555899e-01
7.375000000000000000e+02 2.167359871141308070e-01 7.832640128857669692e-01
7.400000000000000000e+02 5.249363017584265378e-01 4.750636982414706555e-01
7.425000000000000000e+02 8.237091454468046248e-01 1.762908545530924853e-01
7.450000000000000000e+02 9.485984176182949978e-01 5.140158238160619231e-02
7.475000000000000000e+02 8.342322239368458181e-01 1.657677760630583697e-01
7.500000000000000000e+02 5.445318574888683427e-01 4.554681425110300164e-01
7.525000000000000000e+02 2.322208033295480867e-01 7.677791966703485516e-01
7.550000000000000000e+02 6.883388819129235281e-02 9.311661118086034250e-01
7.575000000000000000e+02 1.368739862961394493e-01 8.631260137037556346e-01
7.600000000000000000e+02 3.959853580986438804e-01 6.040146419012506485e-01
7.625000000000000000e+02 7.111399217836691378e-01 2.888600782162276115e-01
7.650000000000000000e+02 9.129564457751354611e-01 8.704355422476059423e-02
7.675000000000000000e+02 9.006714379595093245e-01 9.932856204038628678e-02
7.700000000000000000e+02 6.822529401709707120e-01 3.177470598289232617e-01
7.725000000000000000e+02 3.688080147067006598e-01 6.311919852931930919e-01
7.750000000000000000e+02 1.286725072705408035e-01 8.713274927293516159e-01
7.775000000000000000e+02 8.524324265155260039e-02 9.147567573483346148e-01
7.800000000000000000e+02 2.631515017461499850e-01 7.368484982537404360e-01
7.825000000000000000e+02 5.709551166495620000e-01 4.290448833503307524e-01
7.850000000000000000e+02 8.398354582185553197e-01 1.601645417813319927e-01
7.875000000000000000e+02 9.295381275033659518e-01 7.046187249652099971e-02
7.900000000000000000e+02 7.916854168207028142e-01 2.083145831791914371e-01
7.925000000000000000e+02 4.996988383877641327e-01 5.003011616121225691e-01
7.950000000000000000e+02 2.141156151164533838e-01 7.858843848834323742e-01
7.975000000000000000e+02 8.143505082037638676e-02 9.185649491795110366e-01
8.000000000000000000e+02 1.716233480465268746e-01 8.283766519533561912e-01
8.025000000000000000e+02 4.374422761819892203e-01 5.625577238178929296e-01
8.050000000000000000e+02 7.363053206392329297e-01 2.636946793606517181e-01
8.075000000000000000e+02 9.167890423445015369e-01 8.321095765537886435e-02
8.100000000000000000e+02 8.810459468400403393e-01 1.189540531598408252e-01
8.125000000000000000e+02 6.448554953106486742e-01 3.551445046892321988e-01
8.150000000000000000e+02 3.337312819419346321e-01 6.662687180579499602e-01
8.175000000000000000e+02 1.077168094539112941e-01 8.922831905459758239e-01
8.200000000000000000e+02 9.181492654770062600e-02 9.081850734521843549e-01
8.225000000000000000e+02 2.961233594489560694e-01 7.038766405509204738e-01
8.250000000000000000e+02 6.091721339917794964e-01 3.908278660080959366e-01
8.275000000000000000e+02 8.677529654647022639e-01 1.322470345351715038e-01
8.300000000000000000e+02 9.304394705526639608e-01 6.956052944721378972e-02
8.325000000000000000e+02 7.659518513365012327e-01 2.340481486633727848e-01
8.350000000000000000e+02 4.650323693937983283e-01 5.349676306060772157e-01
8.375000000000000000e+02 1.826073868470127204e-01 8.173926131528586048e-01
8.400000000000000000e+02 7.103396933507766242e-02 9.289660306647944399e-01
8.425000000000000000e+02 1.878855602549142911e-01 8.121144397449615582e-01
8.450000000000000000e+02 4.718578665220008461e-01 5.281421334778759746e-01
8.475000000000000000e+02 7.789729460686132256e-01 2.210270539312618743e-01
8.500000000000000000e+02 9.418242298268804102e-01 5.817577017299870729e-02
8.525000000000000000e+02 8.727139251220902283e-01 1.272860748777817907e-01
8.550000000000000000e+02 6.052661279566291519e-01 3.947338720432452819e-01
8.575000000000000000e+02 2.766561284054971370e-01 7.233438715943771857e-01
8.600000000000000000e+02 6.845075799267723304e-02 9.315492420071980195e-01
8.625000000000000000e+02 9.150248793193827002e-02 9.084975120679344984e-01
8.650000000000000000e+02 3.343066827079695380e-01 6.656933172919096142e-01
8.675000000000000000e+02 6.701788473284981951e-01 3.298211526713787922e-01
8.700000000000000000e+02 9.147833507602238790e-01 8.521664923964911154e-02
8.725000000000000000e+02 9.417361400914951997e-01 5.826385990838154477e-02
8.750000000000000000e+02 7.368799177539927525e-01 2.631200822458847899e-01
8.775000000000000000e+02 4.056378307420617224e-01 5.943621692578133775e-01
8.800000000000000000e+02 1.274611839820289083e-01 8.725388160178566554e-01
8.825000000000000000e+02 4.643042741698001630e-02 9.535695725829009817e-01
8.850000000000000000e+02 2.092582896948051718e-01 7.907417103050702334e-01
8.875000000000000000e+02 5.346012474220294131e-01 4.653987525778490175e-01
8.900000000000000000e+02 8.449390549514496085e-01 1.550609450484344842e-01
8.925000000000000000e+02 9.758172733899534990e-01 2.418272660993148540e-02
8.950000000000000000e+02 8.511154013279248476e-01 1.488845986719568026e-01
8.975000000000000000e+02 5.337471305797671928e-01 4.662528694201176771e-01
9.000000000000000000e+02 1.994725319400761920e-01 8.005274680598010173e-01
9.025000000000000000e+02 2.541059941564250552e-02 9.745894005842428154e-01
9.050000000000000000e+02 1.086518445334874600e-01 8.913481554663936768e-01
9.075000000000000000e+02 4.054227646894518200e-01 5.945772353104292751e-01
9.100000000000000000e+02 7.522057809292962416e-01 2.477942190705794967e-01
9.125000000000000000e+02 9.689050967851786655e-01 3.109490321470101057e-02
9.150000000000000000e+02 9.373475472936280140e-01 6.265245270625086071e-02
9.175000000000000000e+02 6.732991645097862188e-01 3.267008354900899914e-01
9.200000000000000000e+02 3.197596148556914319e-01 6.802403851441793936e-01
9.225000000000000000e+02 5.988131655599529535e-02 9.401186834438757245e-01
9.250000000000000000e+02 3.792308841423401577e-02 9.620769115856353526e-01
9.275000000000000000e+02 2.682314678954920151e-01 7.317685321043820856e-01
9.300000000000000000e+02 6.252921989578179573e-01 3.747078010420427097e-01
9.325000000000000000e+02 9.204444404569674942e-01 7.955555954289925125e-02
9.350000000000000000e+02 9.875886446926928075e-01 1.241135530717255193e-02
9.375000000000000000e+02 7.899648864109106716e-01 2.100351135889563237e-01
9.400000000000000000e+02 4.380458729089610204e-01 5.619541270909045316e-01
9.425000000000000000e+02 1.187269426342573708e-01 8.812730573656171185e-01
9.450000000000000000e+02 9.150678615659336643e-03 9.908493213842082259e-01
9.475000000000000000e+02 1.656625328162156796e-01 8.343374671836515377e-01
9.500000000000000000e+02 5.009548539513578591e-01 4.990451460485038626e-01
9.525000000000000000e+02 8.402874720194561942e-01 1.597125279804071929e-01
9.550000000000000000e+02 9.982326780864021476e-01 1.767321913463820943e-03
9.575000000000000000e+02 8.924931013712317229e-01 1.075068986286283335e-01
9.600000000000000000e+02 5.797290803502621603e-01 4.202709196496007826e-01
9.625000000000000000e+02 2.218068575516193575e-01 7.781931424482394499e-01
9.650000000000000000e+02 1.623154329492403070e-02 9.837684567049271855e-01
9.675000000000000000e+02 7.240898527743261370e-02 9.275910147224233349e-01
9.700000000000000000e+02 3.602292624665514587e-01 6.397707375333130386e-01
9.725000000000000000e+02 7.272792724900072336e-01 2.727207275098520456e-01
9.750000000000000000e+02 9.682937569934850774e-01 3.170624300637794879e-02
9.775000000000000000e+02 9.562786478225807629e-01 4.372135217727508849e-02
9.800000000000000000e+02 7.002540650231945385e-01 2.997459349766697367e-01
9.825000000000000000e+02 3.376776575648158252e-01 6.623223424350429545e-01
9.850000000000000000e+02 6.967733766358308323e-02 9.303226623362761405e-01
9.875000000000000000e+02 3.475002414999181499e-02 9.652499758498572779e-01
9.900000000000000000e+02 2.498326056401439510e-01 7.501673943597123584e-01
9.925000000000000000e+02 6.020721959045510774e-01 3.979278040953013740e-01
9.950000000000000000e+02 8.989234500035284681e-01 1.010765499963208192e-01
9.975000000000000000e+02 9.863606742737978106e-01 1.363932572604768974e-02
1.000000000000000000e+03 8.156503762760192178e-01 1.843496237238317348e-01
1.002500000000000000e+03 4.747566013134161267e-01 5.252433986864325499e-01
1.005000000000000000e+03 1.513667299265277211e-01 8.486332700733207890e-01
1.007500000000000000e+03 1.571625049755044981e-02 9.842837495022939143e-01
1.010000000000000000e+03 1.428447518162783703e-01 8.571552481835628123e-01
1.012500000000000000e+03 4.642796689010152411e-01 5.357203310988281064e-01
1.015000000000000000e+03 8.001482229016996239e-01 1.998517770981436126e-01
1.017500000000000000e+03 9.743520621499501821e-01 2.564793784989095188e-02
1.020000000000000000e+03 8.940003938947223006e-01 1.059996061051147187e-01
1.022500000000000000e+03 6.054112542415701625e-01 3.945887457582739621e-01
1.025000000000000000e+03 2.692671720563838411e-01 7.307328279434607277e-01
1.027500000000000000e+03 5.921543128529037359e-02 9.407845687145540703e-01
1.030000000000000000e+03 8.752283279705794228e-02 9.124771672027884861e-01
1.032500000000000000e+03 3.378706798251012167e-01 6.621293201747449064e-01
1.035000000000000000e+03 6.735273161679281584e-01 3.264726838319123581e-01
1.037500000000000000e+03 9.208156440144064092e-01 7.918435598542969411e-02
1.040000000000000000e+03 9.439289134497917955e-01 5.607108655004990061e-02
1.042500000000000000e+03 7.300655944951791598e-01 2.699344055046636326e-01
1.045000000000000000e+03 3.968233032061855292e-01 6.031766967936529333e-01
1.047500000000000000e+03 1.191209284644837996e-01 8.808790715353528311e-01
1.050000000000000000e+03 4.990095769122294272e-02 9.500990423086109748e-01
1.052500000000000000e+03 2.232763860527776367e-01 7.767236139470511391e-01
1.055000000000000000e+03 5.410140261648955784e-01 4.589859738349337248e-01
1.057500000000000000e+03 8.366492655404097478e-01 1.633507344594136157e-01
1.060000000000000000e+03 9.507277527913380322e-01 4.927224720848463746e-02
1.062500000000000000e+03 8.284499433047719519e-01 1.715500566950488581e-01
1.065000000000000000e+03 5.393035862073525255e-01 4.606964137924722813e-01
1.067500000000000000e+03 2.321978176489462309e-01 7.678021823508779375e-01
1.070000000000000000e+03 7.200817191444408571e-02 9.279918280853839407e-01
1.072500000000000000e+03 1.399075773674445800e-01 8.600924226323879429e-01
1.075000000000000000e+03 3.991547024342407268e-01 6.008452975655895756e-01
1.077500000000000000e+03 7.163568007995930742e-01 2.836431992002338420e-01
1.080000000000000000e+03 9.179780493988310974e-01 8.202195060099992663e-02
1.082500000000000000e+03 8.984743119747641282e-01 1.015256880250664517e-01
1.085000000000000000e+03 6.684763238709512390e-01 3.315236761288739009e-01
1.087500000000000000e+03 3.487690527749205960e-01 6.512309472249062647e-01
1.090000000000000000e+03 1.153751061219549373e-01 8.846248938778743520e-01
1.092500000000000000e+03 8.831658215866471096e-02 9.116834178411653555e-01
1.095000000000000000e+03 2.797483390049026464e-01 7.202516609949234372e-01
1.097500000000000000e+03 5.890382374031370993e-01 4.109617625966896504e-01
1.100000000000000000e+03 8.490740761372068679e-01 1.509259238626169120e-01
1.102500000000000000e+03 9.289470780486527302e-01 7.105292195117329790e-02
1.105000000000000000e+03 7.871978114495212786e-01 2.128021885503048050e-01
1.107500000000000000e+03 4.958135102119559101e-01 5.041864897878698404e-01
1.110000000000000000e+03 2.105698580094093608e-01 7.894301419904121708e-01
1.112500000000000000e+03 7.723121872483221240e-02 9.227687812749882923e-01
1.115000000000000000e+03 1.693862292802533753e-01 8.306137707195714315e-01
1.117500000000000000e+03 4.411052874551896208e-01 5.588947125446249720e-01
1.120000000000000000e+03 7.444108888942079227e-01 2.555891111056067255e-01
1.122500000000000000e+03 9.210149833576162237e-01 7.898501664220074214e-02
1.125000000000000000e+03 8.736447425557161139e-01 1.263552574441007548e-01
1.127500000000000000e+03 6.276543679820062449e-01 3.723456320178104018e-01
1.130000000000000000e+03 3.187009210758950384e-01 6.812990789239242728e-01
1.132500000000000000e+03 1.066403648091641954e-01 8.933596351906527566e-01
1.135000000000000000e+03 1.055595731327593628e-01 8.944404268670513858e-01
1.137500000000000000e+03 3.150265324491444696e-01 6.849734675506670145e-01
1.140000000000000000e+03 6.223296087072149874e-01 3.776703912925976625e-01
1.142500000000000000e+03 8.716159380702629411e-01 1.283840619295494034e-01
1.145000000000000000e+03 9.283504868421885714e-01 7.164951315762484174e-02
1.147500000000000000e+03 7.610887164362554191e-01 2.389112835635568977e-01
1.150000000000000000e+03 4.572266642712734530e-01 5.427733357285412508e-01
1.152500000000000000e+03 1.718957281511603596e-01 8.281042718486535392e-01
1.155000000000000000e+03 6.208346393774139688e-02 9.379165360620654868e-01
1.157500000000000000e+03 1.874753418559030049e-01 8.125246581438979598e-01
1.160000000000000000e+03 4.809394112184602332e-01 5.190605887813429797e-01
1.162500000000000000e+03 7.894648739595436782e-01 2.105351260402571756e-01
1.165000000000000000e+03 9.430627931840213085e-01 5.693720681577708193e-02
1.167500000000000000e+03 8.620867267729401817e-01 1.379132732268651407e-01
1.170000000000000000e+03 5.917399198980701769e-01 4.082600801017308711e-01
1.172500000000000000e+03 2.723146456673022908e-01 7.276853543324972584e-01
1.175000000000000000e+03 7.726427714686809334e-02 9.227357228529378119e-01
1.177500000000000000e+03 1.070736956676027751e-01 8.929263043322055449e-01
1.180000000000000000e+03 3.470936852327111688e-01 6.529063147670972622e-01
1.182500000000000000e+03 6.759821549096254323e-01 3.240178450901827212e-01
1.185000000000000000e+03 9.153110857064123973e-01 8.468891429338576415e-02
1.187500000000000000e+03 9.385492125683490006e-01 6.145078743145300504e-02
1.190000000000000000e+03 7.284988045948288526e-01 2.715011954049724729e-01
1.192500000000000000e+03 3.913488466592822679e-01 6.086511533405152274e-01
1.195000000000000000e+03 1.126511836766287411e-01 8.873488163231717518e-01
1.197500000000000000e+03 4.049607587419955940e-02 9.595039241256031470e-01
1.200000000000000000e+03 2.166444746300636992e-01 7.833555253697357390e-01
1.202500000000000000e+03 5.492422946691193353e-01 4.507577053306799364e-01
1.205000000000000000e+03 8.546849741157533931e-01 1.453150258840512632e-01
1.207500000000000000e+03 9.738257081554191341e-01 2.617429184438348905e-02
1.210000000000000000e+03 8.421097414902574130e-01 1.578902585095424416e-01
1.212500000000000000e+03 5.282082580029155983e-01 4.717917419968857828e-01
1.215000000000000000e+03 2.030600575068851055e-01 7.969399424929166642e-01
1.217500000000000000e+03 3.484174271392169453e-02 9.651582572858814491e-01
1.220000000000000000e+03 1.169795233019380598e-01 8.830204766978664299e-01
1.222500000000000000e+03 4.096748159338675643e-01 5.903251840659305971e-01
1.225000000000000000e+03 7.540557561169640710e-01 2.459442438828413624e-01
1.227500000000000000e+03 9.689374541585169531e-01 3.106254584128073648e-02
1.230000000000000000e+03 9.320992573657383984e-01 6.790074263405740385e-02
1.232500000000000000e+03 6.596724408576952747e-01 3.403275591421019985e-01
1.235000000000000000e+03 3.019530853979069396e-01 6.980469146018852822e-01
1.237500000000000000e+03 4.865271987312946161e-02 9.513472801266638079e-01
1.240000000000000000e+03 4.135620109268734607e-02 9.586437989071141530e-01
1.242500000000000000e+03 2.837090843976128873e-01 7.162909156021933788e-01
1.245000000000000000e+03 6.411248685242242340e-01 3.588751314755820876e-01
1.247500000000000000e+03 9.268475873129004006e-01 7.315241268690549081e-02
1.250000000000000000e+03 9.848821593269374564e-01 1.511784067286385709e-02
1.252500000000000000e+03 7.856556759181173577e-01 2.143443240816899631e-01
1.255000000000000000e+03 4.377718287787972784e-01 5.622281712210053239e-01
1.257500000000000000e+03 1.212816748899404329e-01 8.787183251098618086e-01
1.260000000000000000e+03 1.038820047290795606e-02 9.896117995268887135e-01
1.262500000000000000e+03 1.650613081856974473e-01 8.349386918141010749e-01
1.265000000000000000e+03 5.018063806897288259e-01 4.981936193100687249e-01
1.267500000000000000e+03 8.435209490569868240e-01 1.564790509428116705e-01
1.270000000000000000e+03 9.986973579721647454e-01 1.302642027626249067e-03
1.272500000000000000e+03 8.837958703888282308e-01 1.162041296109612154e-01
1.275000000000000000e+03 5.630071406500863906e-01 4.369928593497073299e-01
1.277500000000000000e+03 2.072539084045487146e-01 7.927460915952462273e-01
1.280000000000000000e+03 1.468286541567931716e-02 9.853171345841125195e-01
1.282500000000000000e+03 8.531916554739649161e-02 9.146808344523927881e-01
1.285000000000000000e+03 3.782270596601480239e-01 6.217729403396424770e-01
1.287500000000000000e+03 7.395863928625657779e-01 2.604136071372183947e-01
1.290000000000000000e+03 9.717625501387404663e-01 2.823744986104886889e-02
1.292500000000000000e+03 9.550257101219102873e-01 4.497428987787158855e-02
1.295000000000000000e+03 6.984871003429153902e-01 3.015128996568773867e-01
1.297500000000000000e+03 3.347725196067590780e-01 6.652274803930344760e-01
1.300000000000000000e+03 6.347096771144383753e-02 9.365290322883468299e-01
1.302500000000000000e+03 2.733224221527170289e-02 9.726677577845219691e-01
1.305000000000000000e+03 2.472103702394961855e-01 7.527896297602957310e-01
1.307500000000000000e+03 6.070378283816869613e-01 3.929621716181022073e-01
1.310000000000000000e+03 9.058092871711505012e-01 9.419071282863832051e-02
1.312500000000000000e+03 9.856153443166204564e-01 1.438465568317131953e-02
1.315000000000000000e+03 8.041187332497765627e-01 1.958812667500106353e-01
1.317500000000000000e+03 4.600550993914281905e-01 5.399449006083620883e-01
1.320000000000000000e+03 1.454056421540452226e-01 8.545943578457478873e-01
1.322500000000000000e+03 2.363234208758425645e-02 9.763676579122068100e-01
1.325000000000000000e+03 1.587861900669923498e-01 8.412138099328029250e-01
1.327500000000000000e+03 4.784735839171446736e-01 5.215264160826503792e-01
1.330000000000000000e+03 8.076945047410921674e-01 1.923054952587002486e-01
1.332500000000000000e+03 9.766332251901865824e-01 2.336677480960713468e-02
1.335000000000000000e+03 8.931726171838668682e-01 1.068273828159249789e-01
1.337500000000000000e+03 6.000396663954420395e-01 3.999603336043552337e-01
1.340000000000000000e+03 2.576548057537633718e-01 7.423451942460335129e-01
1.342500000000000000e+03 4.510576941952137986e-02 9.548942305802692321e-01
1.345000000000000000e+03 7.975976954061508861e-02 9.202402304591797977e-01
1.347500000000000000e+03 3.422695465253006164e-01 6.577304534744951026e-01
1.350000000000000000e+03 6.855543069762157771e-01 3.144456930235820513e-01
1.352500000000000000e+03 9.289208451495405416e-01 7.107915485025871616e-02
1.355000000000000000e+03 9.404799390073712573e-01 5.952006099242312942e-02
1.357500000000000000e+03 7.186205826090865667e-01 2.813794173907085971e-01
1.360000000000000000e+03 3.884085545295914432e-01 6.115914454702053860e-01
1.362500000000000000e+03 1.212815302617334945e-01 8.787184697380616694e-01
1.365000000000000000e+03 6.050571830998272699e-02 9.394942816898088633e-01
1.367500000000000000e+03 2.350012127735184309e-01 7.649987872262727917e-01
1.370000000000000000e+03 5.491449272856758768e-01 4.508550727141140690e-01
1.372500000000000000e+03 8.413266937691545877e-01 1.586733062306332209e-01
1.375000000000000000e+03 9.524262862694163889e-01 4.757371373036913681e-02
1.377500000000000000e+03 8.241356527042897895e-01 1.758643472954982689e-01
1.380000000000000000e+03 5.260820732723981985e-01 4.739179267273877505e-01
1.382500000000000000e+03 2.137095524903735999e-01 7.862904475094090184e-01
1.385000000000000000e+03 5.897916602018681703e-02 9.410208339795993471e-01
1.387500000000000000e+03 1.415238861779696822e-01 8.584761138218131027e-01
1.390000000000000000e+03 4.135767956958831260e-01 5.864232043039057096e-01
1.392500000000000000e+03 7.318557303907777811e-01 2.681442696089999522e-01
1.395000000000000000e+03 9.233837937469130397e-01 7.661620625286318098e-02
1.397500000000000000e+03 8.928040015096375681e-01 1.071959984901402763e-01
1.400000000000000000e+03 6.602396833447484736e-01 3.397603166550260401e-01
1.402500000000000000e+03 3.461812525425531639e-01 6.538187474572191293e-01
1.405000000000000000e+03 1.192151319341221011e-01 8.807848680656514828e-01
1.407500000000000000e+03 9.418194762046276647e-02 9.058180523793106786e-01
1.410000000000000000e+03 2.846473001319758112e-01 7.153526998678001458e-01
1.412500000000000000e+03 5.936743960362153016e-01 4.063256039635537165e-01
1.415000000000000000e+03 8.534606622390128461e-01 1.465393377607579761e-01
1.417500000000000000e+03 9.285617606676989100e-01 7.143823933207117671e-02
1.420000000000000000e+03 7.767434201667127169e-01 2.232565798330585494e-01
1.422500000000000000e+03 4.768608502773774571e-01 5.231391497223950582e-01
1.425000000000000000e+03 1.939430396045289662e-01 8.060569603952401074e-01
1.427500000000000000e+03 7.481645539225188768e-02 9.251835446075152847e-01
1.430000000000000000e+03 1.829541917557336306e-01 8.170458082440387182e-01
1.432500000000000000e+03 4.606546234319568445e-01 5.393453765678117851e-01
1.435000000000000000e+03 7.570320635457585823e-01 2.429679364540189845e-01
1.437500000000000000e+03 9.218624328484777974e-01 7.813756715129409336e-02
1.440000000000000000e+03 8.679177123461474519e-01 1.320822876536197066e-01
1.442500000000000000e+03 6.226079249800477999e-01 3.773920750197224949e-01
1.445000000000000000e+03 3.165199200746858788e-01 6.834800799250879688e-01
1.447500000000000000e+03 1.052484901577190601e-01 8.947515098420569801e-01
1.450000000000000000e+03 1.043205150002621540e-01 8.956794849995113328e-01
1.452500000000000000e+03 3.166866330302910981e-01 6.833133669694890777e-01
1.455000000000000000e+03 6.280775410490440080e-01 3.719224589507285628e-01
1.457500000000000000e+03 8.764445990443341383e-01 1.235554009554356292e-01
1.460000000000000000e+03 9.242705413782640322e-01 7.572945862150842755e-02
1.462500000000000000e+03 7.460845132903046739e-01 2.539154867094725598e-01
1.465000000000000000e+03 4.401205494205857605e-01 5.598794505791846454e-01
1.467500000000000000e+03 1.657035512975366109e-01 8.342964487022415110e-01
1.470000000000000000e+03 7.211387065398239260e-02 9.278861293457889570e-01
1.472500000000000000e+03 2.068600632016582563e-01 7.931399367981201154e-01
1.475000000000000000e+03 4.971597665650320241e-01 5.028402334347484848e-01
1.477500000000000000e+03 7.954510141229771403e-01 2.045489858768019253e-01
1.480000000000000000e+03 9.409912857323030622e-01 5.900871426747761328e-02
1.482500000000000000e+03 8.572646950644131625e-01 1.427353049353621839e-01
1.485000000000000000e+03 5.860990791323716920e-01 4.139009208674060414e-01
1.487500000000000000e+03 2.646882629959507738e-01 7.353117370038297906e-01
1.490000000000000000e+03 6.889103876387364656e-02 9.311089612359124690e-01
1.492500000000000000e+03 1.033561093775398343e-01 8.966438906222335969e-01
1.495000000000000000e+03 3.518681295761765804e-01 6.481318704235957684e-01
1.497500000000000000e+03 6.853437798689401284e-01 3.146562201308312767e-01
1.500000000000000000e+03 9.193549508841070139e-01 8.064504911566408585e-02
1.502500000000000000e+03 9.311161243596111081e-01 6.888387564016087983e-02
1.505000000000000000e+03 7.146154780005151697e-01 2.853845219992559024e-01
1.507500000000000000e+03 3.831141172755734847e-01 6.168858827241963105e-01
1.510000000000000000e+03 1.178453979312457101e-01 8.821546020685292477e-01
1.512500000000000000e+03 5.587768407880199656e-02 9.441223159209715110e-01
1.515000000000000000e+03 2.319225125970813539e-01 7.680774874026944365e-01
1.517500000000000000e+03 5.572096997229036841e-01 4.427903002768701635e-01
1.520000000000000000e+03 8.557509588222661501e-01 1.442490411775065873e-01
1.522500000000000000e+03 9.713206689539458649e-01 2.867933104583572645e-02
1.525000000000000000e+03 8.364807605291525450e-01 1.635192394706211361e-01
1.527500000000000000e+03 5.174741855620201836e-01 4.825258144377474467e-01
1.530000000000000000e+03 1.888969708322902064e-01 8.111030291674818926e-01
1.532500000000000000e+03 2.479834025400538475e-02 9.752016597457670022e-01
1.535000000000000000e+03 1.183084215010191814e-01 8.816915784987542359e-01
1.537500000000000000e+03 4.212204266473336123e-01 5.787795733524390140e-01
1.540000000000000000e+03 7.656215676227824396e-01 2.343784323769844136e-01
1.542500000000000000e+03 9.708174167310752445e-01 2.918258326869567140e-02
1.545000000000000000e+03 9.245796160716273082e-01 7.542038392814044701e-02
1.547500000000000000e+03 6.520221211833948649e-01 3.479778788163710446e-01
1.550000000000000000e+03 3.027057024099035765e-01 6.972942975898644979e-01
1.552500000000000000e+03 5.767091564571313889e-02 9.423290843540510497e-01
1.555000000000000000e+03 5.158719511836314109e-02 9.484128048813954548e-01
1.557500000000000000e+03 2.896792439606518110e-01 7.103207560391071596e-01
1.560000000000000000e+03 6.432578712888795680e-01 3.567421287108692995e-01
1.562500000000000000e+03 9.274174974240014802e-01 7.258250257575535325e-02
1.565000000000000000e+03 9.824802446796949695e-01 1.751975532006343553e-02
1.567500000000000000e+03 7.760714520856705212e-01 2.239285479140788737e-01
1.570000000000000000e+03 4.212060634469868559e-01 5.787939365527661195e-01
1.572500000000000000e+03 1.059133727330940217e-01 8.940866272666599945e-01
1.575000000000000000e+03 6.628538374580001356e-03 9.933714616251783092e-01
1.577500000000000000e+03 1.756374873214939236e-01 8.243625126782618828e-01
1.580000000000000000e+03 5.181828927132183793e-01 4.818171072865309323e-01
1.582500000000000000e+03 8.540164442109156040e-01 1.459835557888364277e-01
1.585000000000000000e+03 9.990595810598223991e-01 9.404189399289852782e-04
1.587500000000000000e+03 8.792873675370835862e-01 1.207126324626667524e-01
1.590000000000000000e+03 5.611188406998622868e-01 4.388811592998894118e-01
1.592500000000000000e+03 2.096431230380915722e-01 7.903568769616622358e-01
1.595000000000000000e+03 1.744887048106606720e-02 9.825511295186806215e-01
1.597500000000000000e+03 8.577347254804013055e-02 9.142265274517160645e-01
1.600000000000000000e+03 3.784897270847812911e-01 6.215102729149759586e-01
1.602500000000000000e+03 7.424051660986431544e-01 2.575948339011178145e-01
1.605000000000000000e+03 9.744982700044666490e-01 2.550172999529010109e-02
1.607500000000000000e+03 9.506499056978469087e-01 4.935009430191293622e-02
1.610000000000000000e+03 6.839922867457843836e-01 3.160077132539670930e-01
1.612500000000000000e+03 3.169054224142499043e-01 6.830945775855041813e-01
1.615000000000000000e+03 5.452155221322407819e-02 9.454784477865271208e-01
1.617500000000000000e+03 3.410012128507104029e-02 9.658998787146736431e-01
1.620000000000000000e+03 2.644602604011200286e-01 7.355397395986265074e-01
1.622500000000000000e+03 6.231720947748832229e-01 3.768279052248618699e-01
1.625000000000000000e+03 9.133381224585728209e-01 8.666187754117721243e-02
1.627500000000000000e+03 9.857417482661884334e-01 1.425825173356092858e-02
1.630000000000000000e+03 8.020250082318686191e-01 1.979749917678783611e-01
1.632500000000000000e+03 4.575812923319111380e-01 5.424187076678410602e-01
1.635000000000000000e+03 1.407078471129335207e-01 8.592921528868144865e-01
1.637500000000000000e+03 1.670523300853116178e-02 9.832947669912203148e-01
1.640000000000000000e+03 1.544226555490992303e-01 8.455773444506541336e-01
1.642500000000000000e+03 4.814701647176126142e-01 5.185298352821331447e-01
1.645000000000000000e+03 8.155896794632749858e-01 1.844103205364692466e-01
1.647500000000000000e+03 9.800599314138058737e-01 1.994006858593960416e-02
1.650000000000000000e+03 8.849734972713542147e-01 1.150265027283900454e-01
1.652500000000000000e+03 5.835750271947114376e-01 4.164249728050356536e-01
1.655000000000000000e+03 2.451337978884190194e-01 7.548662021113259346e-01
1.657500000000000000e+03 4.651801783570210652e-02 9.534819821640431181e-01
1.660000000000000000e+03 9.395546689378365957e-02 9.060445331059479024e-01
1.662500000000000000e+03 3.596449200076408670e-01 6.403550799920906256e-01
1.665000000000000000e+03 6.973872063012565015e-01 3.026127936984737699e-01
1.667500000000000000e+03 9.334468728182018227e-01 6.655312718153370832e-02
1.670000000000000000e+03 9.402651610263094151e-01 5.973483897342363180e-02
1.672500000000000000e+03 7.143567030631168269e-01 2.856432969366213825e-01
1.675000000000000000e+03 3.786325630236733741e-01 6.213674369760611160e-01
1.677500000000000000e+03 1.074689969328065375e-01 8.925310030669307837e-01
1.680000000000000000e+03 5.001064768602463129e-02 9.499893523137088458e-01
1.682500000000000000e+03 2.356814533033528003e-01 7.643185466963736685e-01
1.685000000000000000e+03 5.604057375425135490e-01 4.395942624572160007e-01
1.687500000000000000e+03 8.528875395575522544e-01 1.471124604421747972e-01
1.690000000000000000e+03 9.531913971487053772e-01 4.680860285102436680e-02
1.692500000000000000e+03 8.128732747251857793e-01 1.871267252745445198e-01
1.695000000000000000e+03 5.128661160106573469e-01 4.871338839890728689e-01
1.697500000000000000e+03 2.100034453015719449e-01 7.899965546981611020e-01
1.700000000000000000e+03 6.739989312278982236e-02 9.326001068769398383e-01
1.702500000000000000e+03 1.556400767729637646e-01 8.443599232267653409e-01
1.705000000000000000e+03 4.255105628253175176e-01 5.744894371744199146e-01
1.707500000000000000e+03 7.387425895319719160e-01 2.612574104677600206e-01
1.710000000000000000e+03 9.259242862461047885e-01 7.407571375362453914e-02
1.712500000000000000e+03 8.899838334827488984e-01 1.100161665169822611e-01
1.715000000000000000e+03 6.493552101657392717e-01 3.506447898339951075e-01
1.717500000000000000e+03 3.283161038225573258e-01 6.716838961771810501e-01
1.720000000000000000e+03 1.030558773485058255e-01 8.969441226512332443e-01
1.722500000000000000e+03 9.065113074738664900e-02 9.093488692523532535e-01
1.725000000000000000e+03 2.963630131073045071e-01 7.036369868924317039e-01
1.727500000000000000e+03 6.113613358770227935e-01 3.886386641227175254e-01
1.730000000000000000e+03 8.634352759901519070e-01 1.365647240095807236e-01
1.732500000000000000e+03 9.249584878149228473e-01 7.504151218481047714e-02
1.735000000000000000e+03 7.659985202867198861e-01 2.340014797130205160e-01
1.737500000000000000e+03 4.699015076163208238e-01 5.300984923834166640e-01
1.740000000000000000e+03 1.958577983301623138e-01 8.041422016695775055e-01
1.742500000000000000e+03 8.244904854477273781e-02 9.175509514549609058e-01
1.745000000000000000e+03 1.907450143133284093e-01 8.092549856864182933e-01
1.747500000000000000e+03 4.666338095759633431e-01 5.333661904237830820e-01
1.750000000000000000e+03 7.615788659712188213e-01 2.384211340285224967e-01
1.752500000000000000e+03 9.227067315273334014e-01 7.729326847240450271e-02
1.755000000000000000e+03 8.601735279780551302e-01 1.398264720216872981e-01
1.757500000000000000e+03 6.050853579375269353e-01 3.949146420622099973e-01
1.760000000000000000e+03 2.972360692187681064e-01 7.027639307809723235e-01
1.762500000000000000e+03 9.706212738874381296e-02 9.029378726109950071e-01
1.765000000000000000e+03 1.135362741747398263e-01 8.864637258249942198e-01
1.767500000000000000e+03 3.368152867681162843e-01 6.631847132316202043e-01
1.770000000000000000e+03 6.449466937503048891e-01 3.550533062494302117e-01
1.772500000000000000e+03 8.807258618133588790e-01 1.192741381863788031e-01
1.775000000000000000e+03 9.183058601275908561e-01 8.169413987215110029e-02
1.777500000000000000e+03 7.386232144014930334e-01 2.613767855982415678e-01
1.780000000000000000e+03 4.369108882991667997e-01 5.630891117005707436e-01
1.782500000000000000e+03 1.658987570687056046e-01 8.341012429310312726e-01
1.785000000000000000e+03 7.285700419517737725e-02 9.271429958045569464e-01
1.787500000000000000e+03 2.084934602067194942e-01 7.915065397930147739e-01
1.790000000000000000e+03 5.015346894474534967e-01 4.984653105522823813e-01
1.792500000000000000e+03 8.003826797317221686e-01 1.996173202680056880e-01
1.795000000000000000e+03 9.395392465723971798e-01 6.046075342733365360e-02
1.797500000000000000e+03 8.447425455293776642e-01 1.552574544703570480e-01
1.800000000000000000e+03 5.676928585495567559e-01 4.323071414501765686e-01
1.802500000000000000e+03 2.531975124763178875e-01 7.468024875234171578e-01
1.805000000000000000e+03 7.366900104292617435e-02 9.263309989568017100e-01
1.807500000000000000e+03 1.217489219401998723e-01 8.782510780595282895e-01
1.810000000000000000e+03 3.714193279283818372e-01 6.285806720713440487e-01
1.812500000000000000e+03 6.953011902020515000e-01 3.046988097976703336e-01
1.815000000000000000e+03 9.187175780352976329e-01 8.128242196442063416e-02
1.817500000000000000e+03 9.257330958949233635e-01 7.426690410479935833e-02
1.820000000000000000e+03 7.092002964027135370e-01 2.907997035970036892e-01
1.822500000000000000e+03 3.774601370609715900e-01 6.225398629387480787e-01
1.825000000000000000e+03 1.109725959010660901e-01 8.890274040986506643e-01
1.827500000000000000e+03 5.076738112879614073e-02 9.492326188709184764e-01
1.830000000000000000e+03 2.332930023040900025e-01 7.667069976956204513e-01
1.832500000000000000e+03 5.647442602692421820e-01 4.352557397304728237e-01
1.835000000000000000e+03 8.616556016810561491e-01 1.383443983186558035e-01
1.837500000000000000e+03 9.672927628341932982e-01 3.270723716552387944e-02
1.840000000000000000e+03 8.232472789262803570e-01 1.767527210734318732e-01
1.842500000000000000e+03 5.054993718496478827e-01 4.945006281500642364e-01
1.845000000000000000e+03 1.889829796866386025e-01 8.110170203130724342e-01
1.847500000000000000e+03 3.809651797500849396e-02 9.619034820247052142e-01
1.850000000000000000e+03 1.357069625207465990e-01 8.642930374789635772e-01
1.852500000000000000e+03 4.328146586900433190e-01 5.671853413096690222e-01
1.855000000000000000e+03 7.687832355603332335e-01 2.312167644393787747e-01
1.857500000000000000e+03 9.689291515672675548e-01 3.107084843244535544e-02
1.860000000000000000e+03 9.203338845594942752e-01 7.966611544021869051e-02
1.862500000000000000e+03 6.440895373599084817e-01 3.559104626398099103e-01
1.865000000000000000e+03 2.902519817868700058e-01 7.097480182128460546e-01
1.867500000000000000e+03 4.541253991904621590e-02 9.545874600806678600e-01
1.870000000000000000e+03 4.756884378654938766e-02 9.524311562131717590e-01
1.872500000000000000e+03 2.970318263281865878e-01 7.029681736715278628e-01
1.875000000000000000e+03 6.552131765809485753e-01 3.447868234187660419e-01
1.877500000000000000e+03 9.331118144152983351e-01 6.688818558441525508e-02
1.880000000000000000e+03 9.776345725869570735e-01 2.236542741276335844e-02
1.882500000000000000e+03 7.669805164160726774e-01 2.330194835836427170e-01
1.885000000000000000e+03 4.180595501310112594e-01 5.819404498687029692e-01
1.887500000000000000e+03 1.125817413371037468e-01 8.874182586626142566e-01
1.890000000000000000e+03 1.790641251195107531e-02 9.820935874877620986e-01
1.892500000000000000e+03 1.842492876942394830e-01 8.157507123054813514e-01
1.895000000000000000e+03 5.219686321293149911e-01 4.780313678703996816e-01
1.897500000000000000e+03 8.553096886994444592e-01 1.446903113002740715e-01
1.900000000000000000e+03 9.985970526510250522e-01 1.402947348688577669e-03
1.902500000000000000e+03 8.734154393735747979e-01 1.265845606261417622e-01
1.905000000000000000e+03 5.471476284950173019e-01 4.528523715047027554e-01
1.907500000000000000e+03 1.921762168533783233e-01 8.078237831463377372e-01
1.910000000000000000e+03 7.137724176593663108e-03 9.928622758231276935e-01
1.912500000000000000e+03 8.995431289807946651e-02 9.100456871016419091e-01
1.915000000000000000e+03 3.933226553904454192e-01 6.066773446092768030e-01
1.917500000000000000e+03 7.563711230399250418e-01 2.436288769597958481e-01
1.920000000000000000e+03 9.790595641908425018e-01 2.094043580888532707e-02
1.922500000000000000e+03 9.471491755851768612e-01 5.285082441454934388e-02
1.925000000000000000e+03 6.801654374876986431e-01 3.198345625120229685e-01
1.927500000000000000e+03 3.175930500960056357e-01 6.824069499037199726e-01
1.930000000000000000e+03 5.779121144407729088e-02 9.422087885556484910e-01
1.932500000000000000e+03 3.603306853506421659e-02 9.639669314646620579e-01
1.935000000000000000e+03 2.651061389346942576e-01 7.348938610650325165e-01
1.937500000000000000e+03 6.256850502648343415e-01 3.743149497349006483e-01
1.940000000000000000e+03 9.175878380979995974e-01 8.241216190173124290e-02
1.942500000000000000e+03 9.855799765795834055e-01 1.442002342014785110e-02
1.945000000000000000e+03 7.913797742986502515e-01 2.086202257010830452e-01
1.947500000000000000e+03 4.387684739422627045e-01 5.612315260574703979e-01
1.950000000000000000e+03 1.252351104555939620e-01 8.747648895441427763e-01
1.952500000000000000e+03 1.568900925697803636e-02 9.843109907427600724e-01
1.955000000000000000e+03 1.681992810695397966e-01 8.318007189301916959e-01
1.957500000000000000e+03 5.000106379881077423e-01 4.999893620116242499e-01
1.960000000000000000e+03 8.279295388052339000e-01 1.720704611945020335e-01
1.962500000000000000e+03 9.831315003992689983e-01 1.686849960046749031e-02
1.965000000000000000e+03 8.830617149835103818e-01 1.169382850162189735e-01
1.967500000000000000e+03 5.807107116287875126e-01 4.192892883709408713e-01
1.970000000000000000e+03 2.411144987871578493e-01 7.588855012125752530e-01
1.972500000000000000e+03 4.024841202080788050e-02 9.597515879789267901e-01
1.975000000000000000e+03 8.845210723499621897e-02 9.115478927647464591e-01
1.977500000000000000e+03 3.604929990001417561e-01 6.395070009996012272e-01
1.980000000000000000e+03 7.053008928644537434e-01 2.946991071352892400e-01
1.982500000000000000e+03 9.407510931312768054e-01 5.924890686846286808e-02
1.985000000000000000e+03 9.370416874220284242e-01 6.295831257771017375e-02
1.987500000000000000e+03 6.988734040912576440e-01 3.011265959084794552e-01
1.990000000000000000e+03 3.609842662694903170e-01 6.390157337302532214e-01
1.992500000000000000e+03 1.009943769667153712e-01 8.990056230330261133e-01
1.995000000000000000e+03 5.936290919415886103e-02 9.406370908055878832e-01
1.997500000000000000e+03 2.540127795182126058e-01 7.459872204815367613e-01
2.000000000000000000e+03 5.766606457331779900e-01 4.233393542665713216e-01
