0.000000000000000000e+00 0.000000000000000000e+00
2.500000000000000000e+00 4.843018200679285696e-06
5.000000000000000000e+00 6.418604302436653854e-05
7.500000000000000000e+00 2.456624343097941359e-04
1.000000000000000000e+01 5.149609480678138873e-04
1.250000000000000000e+01 7.384457009943598983e-04
1.500000000000000000e+01 7.893626760703106784e-04
1.750000000000000000e+01 6.854461544532801723e-04
2.000000000000000000e+01 5.753365314106867988e-04
2.250000000000000000e+01 5.981559909496968197e-04
2.500000000000000000e+01 7.558542230172699385e-04
2.750000000000000000e+01 9.197014039382979400e-04
3.000000000000000000e+01 9.540772430899046577e-04
3.250000000000000000e+01 8.478504550800802092e-04
3.500000000000000000e+01 7.059650322935944692e-04
3.750000000000000000e+01 6.259515592730916216e-04
4.000000000000000000e+01 6.129772055545134159e-04
4.250000000000000000e+01 6.129760061162167935e-04
4.500000000000000000e+01 6.273304814634416511e-04
4.750000000000000000e+01 7.434705075281280127e-04
5.000000000000000000e+01 1.027207366891806032e-03
5.250000000000000000e+01 1.420429226158658820e-03
5.500000000000000000e+01 1.741952601219163817e-03
5.750000000000000000e+01 1.860436237941706736e-03
6.000000000000000000e+01 1.799799994912572179e-03
6.250000000000000000e+01 1.724493881177926536e-03
6.500000000000000000e+01 1.785839177397945511e-03
6.750000000000000000e+01 1.992168348982642587e-03
7.000000000000000000e+01 2.216743131158132284e-03
7.250000000000000000e+01 2.340536811200573560e-03
7.500000000000000000e+01 2.348601105407862200e-03
7.750000000000000000e+01 2.320952556759607426e-03
8.000000000000000000e+01 2.320243482126622091e-03
8.250000000000000000e+01 2.330892856691891245e-03
8.500000000000000000e+01 2.320937534261412801e-03
8.750000000000000000e+01 2.339444723312599905e-03
9.000000000000000000e+01 2.504832293501225732e-03
9.250000000000000000e+01 2.882098519795833584e-03
9.500000000000000000e+01 3.365212260933973451e-03
9.750000000000000000e+01 3.756315106634864655e-03
1.000000000000000000e+02 3.905229321526854265e-03
1.025000000000000000e+02 3.857506359487782987e-03
1.050000000000000000e+02 3.796645064283530723e-03
1.075000000000000000e+02 3.882100104565013206e-03
1.100000000000000000e+02 4.120791778734169547e-03
1.125000000000000000e+02 4.398102199363826750e-03
1.150000000000000000e+02 4.593861516519341485e-03
1.175000000000000000e+02 4.695113993399692258e-03
1.200000000000000000e+02 4.752861857794962383e-03
1.225000000000000000e+02 4.796940514609033743e-03
1.250000000000000000e+02 4.800278518887744240e-03
1.275000000000000000e+02 4.758797933425602811e-03
1.300000000000000000e+02 4.766352019351710080e-03
1.325000000000000000e+02 4.966392176151926408e-03
1.350000000000000000e+02 5.400260891225311909e-03
1.375000000000000000e+02 5.940715570346928598e-03
1.400000000000000000e+02 6.347016688920595513e-03
1.425000000000000000e+02 6.485321532890107529e-03
1.450000000000000000e+02 6.415941702752600562e-03
1.475000000000000000e+02 6.341774470377747712e-03
1.500000000000000000e+02 6.427965793692874338e-03
1.525000000000000000e+02 6.682274742938247580e-03
1.550000000000000000e+02 6.983496929182924674e-03
1.575000000000000000e+02 7.227157888848127591e-03
1.600000000000000000e+02 7.385900907419661911e-03
1.625000000000000000e+02 7.490778223323476918e-03
1.650000000000000000e+02 7.539109132723913025e-03
1.675000000000000000e+02 7.502092214245344691e-03
1.700000000000000000e+02 7.406843427029207762e-03
1.725000000000000000e+02 7.384388787599432263e-03
1.750000000000000000e+02 7.588822993577208631e-03
1.775000000000000000e+02 8.048391096356534088e-03
1.800000000000000000e+02 8.586434829933885932e-03
1.825000000000000000e+02 8.964067811863334415e-03
1.850000000000000000e+02 9.044337434206262474e-03
1.875000000000000000e+02 8.918202168594832613e-03
1.900000000000000000e+02 8.806710827775721812e-03
1.925000000000000000e+02 8.872585918413090911e-03
1.950000000000000000e+02 9.112730445559753464e-03
1.975000000000000000e+02 9.414185486898946770e-03
2.000000000000000000e+02 9.667060057249980687e-03
2.025000000000000000e+02 9.847997187931415916e-03
2.050000000000000000e+02 9.957534695349348070e-03
2.075000000000000000e+02 9.973768445175263883e-03
2.100000000000000000e+02 9.869511361483916667e-03
2.125000000000000000e+02 9.699662652199847468e-03
2.150000000000000000e+02 9.628576680811518074e-03
2.175000000000000000e+02 9.813051011657154127e-03
2.200000000000000000e+02 1.024850029251486543e-02
2.225000000000000000e+02 1.074542585621337219e-02
2.250000000000000000e+02 1.104026951079671581e-02
2.275000000000000000e+02 1.102720935181975177e-02
2.300000000000000000e+02 1.082178976435938487e-02
2.325000000000000000e+02 1.065326954602780277e-02
2.350000000000000000e+02 1.067953916011628659e-02
2.375000000000000000e+02 1.088682470750564416e-02
2.400000000000000000e+02 1.115409840195367118e-02
2.425000000000000000e+02 1.138851024543358938e-02
2.450000000000000000e+02 1.155361738956630496e-02
2.475000000000000000e+02 1.163665796312634074e-02
2.500000000000000000e+02 1.159430118084447785e-02
2.525000000000000000e+02 1.140443525130701782e-02
2.550000000000000000e+02 1.115318085865372490e-02
2.575000000000000000e+02 1.101917227496842198e-02
2.600000000000000000e+02 1.115613521425723453e-02
2.625000000000000000e+02 1.154036756599151337e-02
2.650000000000000000e+02 1.194705107169705995e-02
2.675000000000000000e+02 1.213047725735212981e-02
2.700000000000000000e+02 1.200275380240150083e-02
2.725000000000000000e+02 1.170479307986597994e-02
2.750000000000000000e+02 1.147726255415203352e-02
2.775000000000000000e+02 1.145533304577325134e-02
2.800000000000000000e+02 1.160953374294002374e-02
2.825000000000000000e+02 1.182575597438867594e-02
2.850000000000000000e+02 1.201297720045814074e-02
2.875000000000000000e+02 1.214209666565983607e-02
2.900000000000000000e+02 1.217838011408811996e-02
2.925000000000000000e+02 1.206644875860183458e-02
2.950000000000000000e+02 1.179386092964435431e-02
2.975000000000000000e+02 1.145896249107041832e-02
3.000000000000000000e+02 1.126124685475688586e-02
3.025000000000000000e+02 1.133908090784275374e-02
3.050000000000000000e+02 1.164146176829402093e-02
3.075000000000000000e+02 1.194111851446519150e-02
3.100000000000000000e+02 1.199429241565431667e-02
3.125000000000000000e+02 1.174833083337686011e-02
3.150000000000000000e+02 1.137239965704238062e-02
3.175000000000000000e+02 1.109123509351185241e-02
3.200000000000000000e+02 1.102388783665200073e-02
3.225000000000000000e+02 1.112151423558881483e-02
3.250000000000000000e+02 1.127156139563999758e-02
3.275000000000000000e+02 1.140433674323173066e-02
3.300000000000000000e+02 1.148758282810172920e-02
3.325000000000000000e+02 1.147715049099996484e-02
3.350000000000000000e+02 1.130637931616507684e-02
3.375000000000000000e+02 1.096141634968031756e-02
3.400000000000000000e+02 1.056494920601705120e-02
3.425000000000000000e+02 1.030835594735878338e-02
3.450000000000000000e+02 1.032390145808872485e-02
3.475000000000000000e+02 1.054191245150552098e-02
3.500000000000000000e+02 1.072334088775315532e-02
3.525000000000000000e+02 1.065324020680764178e-02
3.550000000000000000e+02 1.031360089302280937e-02
3.575000000000000000e+02 9.879871953036982804e-03
3.600000000000000000e+02 9.573820998089717024e-03
3.625000000000000000e+02 9.472829941683946417e-03
3.650000000000000000e+02 9.516501300349040904e-03
3.675000000000000000e+02 9.604908695933885715e-03
3.700000000000000000e+02 9.684742755618926460e-03
3.725000000000000000e+02 9.733561665421854719e-03
3.750000000000000000e+02 9.694106195638787365e-03
3.775000000000000000e+02 9.486433922046143274e-03
3.800000000000000000e+02 9.105138253261592721e-03
3.825000000000000000e+02 8.666702122947142137e-03
3.850000000000000000e+02 8.375346509797666414e-03
3.875000000000000000e+02 8.339601008195226053e-03
3.900000000000000000e+02 8.476483743617124408e-03
3.925000000000000000e+02 8.555828450202359464e-03
3.950000000000000000e+02 8.389708803925866043e-03
3.975000000000000000e+02 7.988391617988420054e-03
4.000000000000000000e+02 7.546076553964987249e-03
4.025000000000000000e+02 7.242257488879761534e-03
4.050000000000000000e+02 7.130587606356065915e-03
4.075000000000000000e+02 7.134322629794047008e-03
4.100000000000000000e+02 7.172291254943553157e-03
4.125000000000000000e+02 7.218555089351463491e-03
4.150000000000000000e+02 7.256339033187146279e-03
4.175000000000000000e+02 7.218479696732183967e-03
4.200000000000000000e+02 7.014721660121328931e-03
4.225000000000000000e+02 6.627756270979119624e-03
4.250000000000000000e+02 6.189468899537604180e-03
4.275000000000000000e+02 5.884392237518399488e-03
4.300000000000000000e+02 5.818277597686959991e-03
4.325000000000000000e+02 5.896025147489853714e-03
4.350000000000000000e+02 5.899535303451332660e-03
4.375000000000000000e+02 5.675184440974516235e-03
4.400000000000000000e+02 5.269679817222251879e-03
4.425000000000000000e+02 4.858230501690061730e-03
4.450000000000000000e+02 4.598465606960289685e-03
4.475000000000000000e+02 4.497384585168541331e-03
4.500000000000000000e+02 4.479256199437920208e-03
4.525000000000000000e+02 4.488104812725886295e-03
4.550000000000000000e+02 4.526506735796104186e-03
4.575000000000000000e+02 4.587329070217606268e-03
4.600000000000000000e+02 4.590105593013756730e-03
4.625000000000000000e+02 4.426903824397229563e-03
4.650000000000000000e+02 4.080722035576778671e-03
4.675000000000000000e+02 3.668666462378390464e-03
4.700000000000000000e+02 3.384069345777067535e-03
4.725000000000000000e+02 3.310646765029034034e-03
4.750000000000000000e+02 3.354523753854506043e-03
4.775000000000000000e+02 3.318425128765363236e-03
4.800000000000000000e+02 3.088204736457166293e-03
4.825000000000000000e+02 2.723816829353508610e-03
4.850000000000000000e+02 2.396614335181404803e-03
4.875000000000000000e+02 2.207279957264886208e-03
4.900000000000000000e+02 2.139029304202213957e-03
4.925000000000000000e+02 2.116399620755247263e-03
4.950000000000000000e+02 2.118393905934342833e-03
4.975000000000000000e+02 2.179276325667230119e-03
5.000000000000000000e+02 2.296381487571866244e-03
5.025000000000000000e+02 2.376434800542699156e-03
5.050000000000000000e+02 2.292665189038055763e-03
5.075000000000000000e+02 2.013244180428890116e-03
5.100000000000000000e+02 1.663485593415153958e-03
5.125000000000000000e+02 1.418141445692318488e-03
5.150000000000000000e+02 1.361695463549088443e-03
5.175000000000000000e+02 1.399559569553817610e-03
5.200000000000000000e+02 1.362035678338873942e-03
5.225000000000000000e+02 1.168299816294368935e-03
5.250000000000000000e+02 8.980531680254593254e-04
5.275000000000000000e+02 6.836872727911553213e-04
5.300000000000000000e+02 5.884825122042586969e-04
5.325000000000000000e+02 5.628713023399756991e-04
5.350000000000000000e+02 5.483858403829733634e-04
5.375000000000000000e+02 5.626358097175922614e-04
5.400000000000000000e+02 6.698743205761287841e-04
5.425000000000000000e+02 8.734341378535852903e-04
5.450000000000000000e+02 1.055881905978931033e-03
5.475000000000000000e+02 1.073070733592832718e-03
5.500000000000000000e+02 8.851565596442893596e-04
5.525000000000000000e+02 6.076330238507137230e-04
5.550000000000000000e+02 4.209937949533827835e-04
5.575000000000000000e+02 3.960019781099461105e-04
5.600000000000000000e+02 4.491704009245547696e-04
5.625000000000000000e+02 4.409198223332562970e-04
5.650000000000000000e+02 3.240623435277916234e-04
5.675000000000000000e+02 1.744017953386944528e-04
5.700000000000000000e+02 9.430735020582007601e-05
5.725000000000000000e+02 9.488363927614531829e-05
5.750000000000000000e+02 1.111543892111944287e-04
5.775000000000000000e+02 1.073943756503725928e-04
5.800000000000000000e+02 1.438861981422691642e-04
5.825000000000000000e+02 3.149758207833197273e-04
5.850000000000000000e+02 6.157908686313706735e-04
5.875000000000000000e+02 9.144315133779483884e-04
5.900000000000000000e+02 1.037597951382505457e-03
5.925000000000000000e+02 9.399499919435381958e-04
5.950000000000000000e+02 7.414107715670551109e-04
5.975000000000000000e+02 6.119480111839344918e-04
6.000000000000000000e+02 6.242055265152534520e-04
6.025000000000000000e+02 7.057534720153618452e-04
6.050000000000000000e+02 7.468661539345373187e-04
6.075000000000000000e+02 7.257321673187098685e-04
6.100000000000000000e+02 7.109020503622786018e-04
6.125000000000000000e+02 7.600021116494796655e-04
6.150000000000000000e+02 8.422623039758445843e-04
6.175000000000000000e+02 8.854582473105930031e-04
6.200000000000000000e+02 8.842040869638639325e-04
6.225000000000000000e+02 9.432111342295983625e-04
6.250000000000000000e+02 1.176494904377620252e-03
6.275000000000000000e+02 1.578325793569799063e-03
6.300000000000000000e+02 1.978583498374128762e-03
6.325000000000000000e+02 2.195799951888024581e-03
6.350000000000000000e+02 2.174784455929997234e-03
6.375000000000000000e+02 2.037745629125349567e-03
6.400000000000000000e+02 1.957067155903506953e-03
6.425000000000000000e+02 2.000396314304420369e-03
6.450000000000000000e+02 2.109563576107327705e-03
6.475000000000000000e+02 2.206431443264482862e-03
6.500000000000000000e+02 2.283602287110350713e-03
6.525000000000000000e+02 2.393617895101120188e-03
6.550000000000000000e+02 2.547606842944263005e-03
6.575000000000000000e+02 2.682697407873494474e-03
6.600000000000000000e+02 2.725167908428147504e-03
6.625000000000000000e+02 2.708300877955546228e-03
6.650000000000000000e+02 2.776844721462141431e-03
6.675000000000000000e+02 3.064825301276537760e-03
6.700000000000000000e+02 3.540967986195402151e-03
6.725000000000000000e+02 4.023043334946826803e-03
6.750000000000000000e+02 4.298587939306711819e-03
6.775000000000000000e+02 4.323675688081863103e-03
6.800000000000000000e+02 4.224807704638743749e-03
6.825000000000000000e+02 4.170085939583673476e-03
6.850000000000000000e+02 4.228073425014399270e-03
6.875000000000000000e+02 4.356841515143786321e-03
6.900000000000000000e+02 4.499060372467749390e-03
6.925000000000000000e+02 4.660810277891370978e-03
6.950000000000000000e+02 4.865523065009980976e-03
6.975000000000000000e+02 5.088356067237474745e-03
7.000000000000000000e+02 5.233047164055247037e-03
7.025000000000000000e+02 5.241510511102625940e-03
7.050000000000000000e+02 5.184721373492089461e-03
7.075000000000000000e+02 5.244520795309457958e-03
7.100000000000000000e+02 5.558156106365382508e-03
7.125000000000000000e+02 6.084869793535938910e-03
7.150000000000000000e+02 6.598368319165857226e-03
7.175000000000000000e+02 6.894228600469023971e-03
7.200000000000000000e+02 6.926096420717818732e-03
7.225000000000000000e+02 6.831364285929616281e-03
7.250000000000000000e+02 6.777379252573359839e-03
7.275000000000000000e+02 6.829955891084930203e-03
7.300000000000000000e+02 6.958473734825124969e-03
7.325000000000000000e+02 7.129407482354774110e-03
7.350000000000000000e+02 7.344189503747576737e-03
7.375000000000000000e+02 7.607574757097983024e-03
7.400000000000000000e+02 7.848671872368255531e-03
7.425000000000000000e+02 7.961590238772322387e-03
7.450000000000000000e+02 7.901418980089520289e-03
7.475000000000000000e+02 7.778480297359256952e-03
7.500000000000000000e+02 7.805106692969144763e-03
7.525000000000000000e+02 8.120734891617180373e-03
7.550000000000000000e+02 8.647363592338594765e-03
7.575000000000000000e+02 9.154010936106925234e-03
7.600000000000000000e+02 9.417766182819180959e-03
7.625000000000000000e+02 9.417845972699619844e-03
7.650000000000000000e+02 9.297945342191827126e-03
7.675000000000000000e+02 9.218634450175795803e-03
7.700000000000000000e+02 9.244011672766061505e-03
7.725000000000000000e+02 9.354550530536310735e-03
7.750000000000000000e+02 9.525887183345082415e-03
7.775000000000000000e+02 9.763378432223608974e-03
7.800000000000000000e+02 1.003729641925471712e-02
7.825000000000000000e+02 1.025593925734689937e-02
7.850000000000000000e+02 1.029642521958207095e-02
7.875000000000000000e+02 1.013864342775817884e-02
7.900000000000000000e+02 9.931874304642563170e-03
7.925000000000000000e+02 9.905456159229313745e-03
7.950000000000000000e+02 1.018715284359871659e-02
7.975000000000000000e+02 1.068240697581741144e-02
8.000000000000000000e+02 1.112649394486655945e-02
8.025000000000000000e+02 1.132183483218231722e-02
8.050000000000000000e+02 1.125866095566601180e-02
8.075000000000000000e+02 1.108886740948087334e-02
8.100000000000000000e+02 1.096855393480041484e-02
8.125000000000000000e+02 1.095168705983274107e-02
8.150000000000000000e+02 1.102451170049646538e-02
8.175000000000000000e+02 1.117525183492137746e-02
8.200000000000000000e+02 1.139817238184070644e-02
8.225000000000000000e+02 1.165019796695927236e-02
8.250000000000000000e+02 1.180723388095903346e-02
8.275000000000000000e+02 1.175001343277140217e-02
8.300000000000000000e+02 1.148276030460893514e-02
8.325000000000000000e+02 1.117941757584734255e-02
8.350000000000000000e+02 1.108761906386409625e-02
8.375000000000000000e+02 1.131674908239109663e-02
8.400000000000000000e+02 1.173671385660329455e-02
8.425000000000000000e+02 1.209039090138543278e-02
8.450000000000000000e+02 1.218554958462720467e-02
8.475000000000000000e+02 1.204163555021951770e-02
8.500000000000000000e+02 1.181699901056776185e-02
8.525000000000000000e+02 1.164843731314095174e-02
8.550000000000000000e+02 1.158379616803285363e-02
8.575000000000000000e+02 1.160951527916415094e-02
8.600000000000000000e+02 1.171878059257964837e-02
8.625000000000000000e+02 1.190758609488391795e-02
8.650000000000000000e+02 1.210835092220018464e-02
8.675000000000000000e+02 1.218789948676646945e-02
8.700000000000000000e+02 1.202616740640531472e-02
8.725000000000000000e+02 1.164656410779687026e-02
8.750000000000000000e+02 1.125767475441270642e-02
8.775000000000000000e+02 1.109759371238268170e-02
8.800000000000000000e+02 1.125618835075143168e-02
8.825000000000000000e+02 1.158637722740716615e-02
8.850000000000000000e+02 1.182275970470153884e-02
8.875000000000000000e+02 1.181047884151279100e-02
8.900000000000000000e+02 1.159104472481779780e-02
8.925000000000000000e+02 1.131639985737967376e-02
8.950000000000000000e+02 1.111223242836959640e-02
8.975000000000000000e+02 1.100375402895314644e-02
9.000000000000000000e+02 1.098055153763316007e-02
9.025000000000000000e+02 1.104298937027512958e-02
9.050000000000000000e+02 1.118385387011139147e-02
9.075000000000000000e+02 1.132973720534676855e-02
9.100000000000000000e+02 1.133120286912494418e-02
9.125000000000000000e+02 1.107346841890936677e-02
9.150000000000000000e+02 1.060871680589363722e-02
9.175000000000000000e+02 1.014728853119973954e-02
9.200000000000000000e+02 9.933055955649302410e-03
9.225000000000000000e+02 1.002272816426147406e-02
9.250000000000000000e+02 1.024994561720091180e-02
9.275000000000000000e+02 1.037225024007976289e-02
9.300000000000000000e+02 1.026407106587016657e-02
9.325000000000000000e+02 9.987092314333610721e-03
9.350000000000000000e+02 9.692999455273415207e-03
9.375000000000000000e+02 9.471463232646543801e-03
9.400000000000000000e+02 9.336677355943959894e-03
9.425000000000000000e+02 9.272505528137596487e-03
9.450000000000000000e+02 9.291144199737184570e-03
9.475000000000000000e+02 9.391787185759416928e-03
9.500000000000000000e+02 9.490462709188789148e-03
9.525000000000000000e+02 9.433164363055277640e-03
9.550000000000000000e+02 9.113714628832416884e-03
9.575000000000000000e+02 8.590281668513662788e-03
9.600000000000000000e+02 8.097461503231288479e-03
9.625000000000000000e+02 7.846552270809192473e-03
9.650000000000000000e+02 7.876052699775317259e-03
9.675000000000000000e+02 8.012549305543953740e-03
9.700000000000000000e+02 8.035441806793495664e-03
9.725000000000000000e+02 7.859300350155720011e-03
9.750000000000000000e+02 7.567584526578480068e-03
9.775000000000000000e+02 7.285681970828627139e-03
9.800000000000000000e+02 7.081583185190712393e-03
9.825000000000000000e+02 6.939825258217148345e-03
9.850000000000000000e+02 6.851726469570274848e-03
9.875000000000000000e+02 6.841705159577764206e-03
9.900000000000000000e+02 6.918327076123354305e-03
9.925000000000000000e+02 6.996506408978591871e-03
9.950000000000000000e+02 6.915117522920830040e-03
9.975000000000000000e+02 6.569428918500795807e-03
1.000000000000000000e+03 6.041877557422564889e-03
1.002500000000000000e+03 5.547542990064934475e-03
1.005000000000000000e+03 5.292371222737317880e-03
1.007500000000000000e+03 5.280700748791412706e-03
1.010000000000000000e+03 5.344197564759094708e-03
1.012500000000000000e+03 5.299208776544547979e-03
1.015000000000000000e+03 5.100742983696882754e-03
1.017500000000000000e+03 4.835378432591535061e-03
1.020000000000000000e+03 4.612772707990460755e-03
1.022500000000000000e+03 4.454269943026328317e-03
1.025000000000000000e+03 4.331481960279688105e-03
1.027500000000000000e+03 4.237082901212746444e-03
1.030000000000000000e+03 4.219563857016324186e-03
1.032500000000000000e+03 4.300142863947419535e-03
1.035000000000000000e+03 4.389522698454374067e-03
1.037500000000000000e+03 4.322732141541378581e-03
1.040000000000000000e+03 4.003434824638991800e-03
1.042500000000000000e+03 3.508076010140146264e-03
1.045000000000000000e+03 3.060373106549483125e-03
1.047500000000000000e+03 2.823665168815929927e-03
1.050000000000000000e+03 2.793267166703379285e-03
1.052500000000000000e+03 2.811811973190040705e-03
1.055000000000000000e+03 2.738164885749720494e-03
1.057500000000000000e+03 2.560737731547216463e-03
1.060000000000000000e+03 2.373058492141981186e-03
1.062500000000000000e+03 2.243225563689089496e-03
1.065000000000000000e+03 2.159745196555660444e-03
1.067500000000000000e+03 2.071992954901878854e-03
1.070000000000000000e+03 1.990557013753470588e-03
1.072500000000000000e+03 1.987412551127702535e-03
1.075000000000000000e+03 2.098407168649231349e-03
1.077500000000000000e+03 2.234258590858107917e-03
1.080000000000000000e+03 2.222110431338499004e-03
1.082500000000000000e+03 1.964976596089109719e-03
1.085000000000000000e+03 1.550716235634609424e-03
1.087500000000000000e+03 1.172161427405264732e-03
1.090000000000000000e+03 9.804260458155587658e-04
1.092500000000000000e+03 9.504258797802710634e-04
1.095000000000000000e+03 9.512468192693213217e-04
1.097500000000000000e+03 8.856298116560471423e-04
1.100000000000000000e+03 7.749609880614678151e-04
1.102500000000000000e+03 6.989099877357577133e-04
1.105000000000000000e+03 6.899440287055646787e-04
1.107500000000000000e+03 6.936393509481393821e-04
1.110000000000000000e+03 6.511381140197533817e-04
1.112500000000000000e+03 5.922397137784910035e-04
1.115000000000000000e+03 6.207191685721849018e-04
1.117500000000000000e+03 7.871414216192723634e-04
1.120000000000000000e+03 9.933532369938232083e-04
1.122500000000000000e+03 1.064704989395504845e-03
1.125000000000000000e+03 9.043824349411434468e-04
1.127500000000000000e+03 5.890514564016628230e-04
1.130000000000000000e+03 3.043792327494610557e-04
1.132500000000000000e+03 1.650452990919216425e-04
1.135000000000000000e+03 1.493439709174967066e-04
1.137500000000000000e+03 1.544356380604338828e-04
1.140000000000000000e+03 1.282063046038113975e-04
1.142500000000000000e+03 1.126862541980797522e-04
1.145000000000000000e+03 1.707137301107627991e-04
1.147500000000000000e+03 2.898491065958523258e-04
1.150000000000000000e+03 3.778826357967807409e-04
1.152500000000000000e+03 3.751348353654189319e-04
1.155000000000000000e+03 3.407870252425586419e-04
1.157500000000000000e+03 4.097387984570475357e-04
1.160000000000000000e+03 6.404476040545228075e-04
1.162500000000000000e+03 9.342260169027913645e-04
1.165000000000000000e+03 1.101407098208528326e-03
1.167500000000000000e+03 1.047135553418731884e-03
1.170000000000000000e+03 8.440594166649950181e-04
1.172500000000000000e+03 6.486035004615629080e-04
1.175000000000000000e+03 5.628768807357958405e-04
1.177500000000000000e+03 5.643451849529181660e-04
1.180000000000000000e+03 5.859063569647263029e-04
1.182500000000000000e+03 6.158546518992342360e-04
1.185000000000000000e+03 7.084768908976172728e-04
1.187500000000000000e+03 9.023666327088275367e-04
1.190000000000000000e+03 1.134317617566919182e-03
1.192500000000000000e+03 1.287598561923183589e-03
1.195000000000000000e+03 1.306325469332138148e-03
1.197500000000000000e+03 1.285965246403281484e-03
1.200000000000000000e+03 1.390556496364840329e-03
1.202500000000000000e+03 1.688387786630953045e-03
1.205000000000000000e+03 2.061345855012642302e-03
1.207500000000000000e+03 2.322938105629142672e-03
1.210000000000000000e+03 2.368465027879987535e-03
1.212500000000000000e+03 2.262129925182191151e-03
1.215000000000000000e+03 2.144336074775833687e-03
1.217500000000000000e+03 2.096355276143740520e-03
1.220000000000000000e+03 2.108210502509651630e-03
1.222500000000000000e+03 2.147274382711011551e-03
1.225000000000000000e+03 2.234448139897958225e-03
1.227500000000000000e+03 2.430940699818444004e-03
1.230000000000000000e+03 2.737024085443670162e-03
1.232500000000000000e+03 3.053831198542194744e-03
1.235000000000000000e+03 3.233828374567468845e-03
1.237500000000000000e+03 3.245088752013445578e-03
1.240000000000000000e+03 3.219298601710333246e-03
1.242500000000000000e+03 3.347387185686832509e-03
1.245000000000000000e+03 3.691494599272451566e-03
1.247500000000000000e+03 4.132017506461269606e-03
1.250000000000000000e+03 4.461173427611775551e-03
1.252500000000000000e+03 4.582617182294705140e-03
1.255000000000000000e+03 4.547539456707171829e-03
1.257500000000000000e+03 4.477349899048557215e-03
1.260000000000000000e+03 4.445199427915437831e-03
1.262500000000000000e+03 4.452293146875585875e-03
1.265000000000000000e+03 4.498016590508724030e-03
1.267500000000000000e+03 4.631691753890875354e-03
1.270000000000000000e+03 4.905200233769274089e-03
1.272500000000000000e+03 5.292465400441250141e-03
1.275000000000000000e+03 5.642182771821913599e-03
1.277500000000000000e+03 5.807295087915744641e-03
1.280000000000000000e+03 5.775703176825670512e-03
1.282500000000000000e+03 5.719079208024000979e-03
1.285000000000000000e+03 5.846048144805606264e-03
1.287500000000000000e+03 6.217418835586245758e-03
1.290000000000000000e+03 6.686241047429338120e-03
1.292500000000000000e+03 7.054391598067343179e-03
1.295000000000000000e+03 7.212540427097761594e-03
1.297500000000000000e+03 7.211232323867163702e-03
1.300000000000000000e+03 7.156635646256927046e-03
1.302500000000000000e+03 7.112913971802834606e-03
1.305000000000000000e+03 7.095662256478527628e-03
1.307500000000000000e+03 7.131659426275287900e-03
1.310000000000000000e+03 7.286447334163903729e-03
1.312500000000000000e+03 7.607879516036620236e-03
1.315000000000000000e+03 8.022385826198834974e-03
1.317500000000000000e+03 8.359636388563089840e-03
1.320000000000000000e+03 8.460733936449246068e-03
1.322500000000000000e+03 8.351934436688043459e-03
1.325000000000000000e+03 8.240463167309549850e-03
1.327500000000000000e+03 8.344195059271516945e-03
1.330000000000000000e+03 8.705079363578544990e-03
1.332500000000000000e+03 9.173763435460275187e-03
1.335000000000000000e+03 9.532998304252681201e-03
1.337500000000000000e+03 9.689981562859356634e-03
1.340000000000000000e+03 9.684764841570547844e-03
1.342500000000000000e+03 9.613185391396470575e-03
1.345000000000000000e+03 9.534986920476514957e-03
1.347500000000000000e+03 9.474237766218682189e-03
1.350000000000000000e+03 9.480344547061559171e-03
1.352500000000000000e+03 9.632529174410056627e-03
1.355000000000000000e+03 9.957444653749160032e-03
1.357500000000000000e+03 1.035914800804982674e-02
1.360000000000000000e+03 1.062927842509308815e-02
1.362500000000000000e+03 1.062970761043358428e-02
1.365000000000000000e+03 1.042028318713764633e-02
1.367500000000000000e+03 1.023347442068880779e-02
1.370000000000000000e+03 1.029046377788893525e-02
1.372500000000000000e+03 1.061804006044028519e-02
1.375000000000000000e+03 1.104106805515630597e-02
1.377500000000000000e+03 1.135929238411535064e-02
1.380000000000000000e+03 1.147578449208096728e-02
1.382500000000000000e+03 1.143664274534277915e-02
1.385000000000000000e+03 1.132749278172080244e-02
1.387500000000000000e+03 1.119780172190553563e-02
1.390000000000000000e+03 1.108188544127645600e-02
1.392500000000000000e+03 1.104229601805343207e-02
1.395000000000000000e+03 1.116466990686154626e-02
1.397500000000000000e+03 1.146488652918152204e-02
1.400000000000000000e+03 1.180597130945938364e-02
1.402500000000000000e+03 1.197769815592240189e-02
1.405000000000000000e+03 1.185403043296665709e-02
1.407500000000000000e+03 1.152934880867147009e-02
1.410000000000000000e+03 1.126350657562845241e-02
1.412500000000000000e+03 1.126172651309196270e-02
1.415000000000000000e+03 1.152697419879293930e-02
1.417500000000000000e+03 1.188292483750485497e-02
1.420000000000000000e+03 1.212455484150619378e-02
1.422500000000000000e+03 1.217907952374332713e-02
1.425000000000000000e+03 1.209147140938825887e-02
1.427500000000000000e+03 1.193525125201364522e-02
1.430000000000000000e+03 1.175373527997278927e-02
1.432500000000000000e+03 1.157722327997678241e-02
1.435000000000000000e+03 1.148467161795771983e-02
1.437500000000000000e+03 1.156371361322751368e-02
1.440000000000000000e+03 1.180966332395949961e-02
1.442500000000000000e+03 1.207062699404585354e-02
1.445000000000000000e+03 1.212308486392526218e-02
1.447500000000000000e+03 1.186959668693153905e-02
1.450000000000000000e+03 1.144293557045849424e-02
1.452500000000000000e+03 1.110039041753713498e-02
1.455000000000000000e+03 1.103822235988410026e-02
1.457500000000000000e+03 1.123396781995272646e-02
1.460000000000000000e+03 1.149891151224316857e-02
1.462500000000000000e+03 1.165409300727824303e-02
1.465000000000000000e+03 1.163931786175310262e-02
1.467500000000000000e+03 1.150482830765799623e-02
1.470000000000000000e+03 1.131399957117745769e-02
1.472500000000000000e+03 1.108794252602433861e-02
1.475000000000000000e+03 1.086235206108191777e-02
1.477500000000000000e+03 1.071786366590425296e-02
1.480000000000000000e+03 1.074777974308398568e-02
1.482500000000000000e+03 1.093468900682218262e-02
1.485000000000000000e+03 1.110329458440983616e-02
1.487500000000000000e+03 1.104107950424701098e-02
1.490000000000000000e+03 1.068046349852522399e-02
1.492500000000000000e+03 1.016920538982250648e-02
1.495000000000000000e+03 9.777867365104471811e-03
1.497500000000000000e+03 9.664370876468396376e-03
1.500000000000000000e+03 9.787105434041399113e-03
1.502500000000000000e+03 9.963274772182850042e-03
1.505000000000000000e+03 1.003183613405621809e-02
1.507500000000000000e+03 9.960520821174838682e-03
1.510000000000000000e+03 9.803009164928924365e-03
1.512500000000000000e+03 9.598478546766332428e-03
1.515000000000000000e+03 9.355056886648803471e-03
1.517500000000000000e+03 9.094557327391962140e-03
1.520000000000000000e+03 8.914051161210120866e-03
1.522500000000000000e+03 8.903487737095169482e-03
1.525000000000000000e+03 9.033704403147635106e-03
1.527500000000000000e+03 9.124226412032065622e-03
1.530000000000000000e+03 8.972605268500280853e-03
1.532500000000000000e+03 8.534565436707880828e-03
1.535000000000000000e+03 7.988229133785069297e-03
1.537500000000000000e+03 7.573107491957080037e-03
1.540000000000000000e+03 7.430467297312120731e-03
1.542500000000000000e+03 7.493343383992628025e-03
1.545000000000000000e+03 7.588401164170944027e-03
1.547500000000000000e+03 7.590876845853106181e-03
1.550000000000000000e+03 7.493559460717249404e-03
1.552500000000000000e+03 7.345422016671813992e-03
1.555000000000000000e+03 7.165871109867215892e-03
1.557500000000000000e+03 6.930556652784138419e-03
1.560000000000000000e+03 6.665314303886431951e-03
1.562500000000000000e+03 6.466475899884062406e-03
1.565000000000000000e+03 6.433436864326767986e-03
1.567500000000000000e+03 6.527883221778853044e-03
1.570000000000000000e+03 6.565238022745156603e-03
1.572500000000000000e+03 6.360651851276284859e-03
1.575000000000000000e+03 5.902238939773893009e-03
1.577500000000000000e+03 5.358465591717999875e-03
1.580000000000000000e+03 4.965020146051027719e-03
1.582500000000000000e+03 4.815248944606918130e-03
1.585000000000000000e+03 4.835394444502186598e-03
1.587500000000000000e+03 4.872352165104640830e-03
1.590000000000000000e+03 4.839451013236328522e-03
1.592500000000000000e+03 4.754240901050430304e-03
1.595000000000000000e+03 4.660137150630402209e-03
1.597500000000000000e+03 4.539580804960215328e-03
1.600000000000000000e+03 4.348041692168568527e-03
1.602500000000000000e+03 4.099627955163539193e-03
1.605000000000000000e+03 3.910106450562784129e-03
1.607500000000000000e+03 3.876954093401105590e-03
1.610000000000000000e+03 3.960130520063102899e-03
1.612500000000000000e+03 3.980476546901886778e-03
1.615000000000000000e+03 3.773833935640975596e-03
1.617500000000000000e+03 3.338898895417114019e-03
1.620000000000000000e+03 2.855607029039285757e-03
1.622500000000000000e+03 2.511784150218334712e-03
1.625000000000000000e+03 2.381851493172403456e-03
1.627500000000000000e+03 2.379711369006836871e-03
1.630000000000000000e+03 2.383873175891229861e-03
1.632500000000000000e+03 2.351155293654826322e-03
1.635000000000000000e+03 2.321390754845013317e-03
1.637500000000000000e+03 2.319220035666522996e-03
1.640000000000000000e+03 2.291992415166047448e-03
1.642500000000000000e+03 2.165570774376551939e-03
1.645000000000000000e+03 1.960502790461939211e-03
1.647500000000000000e+03 1.797953029294106558e-03
1.650000000000000000e+03 1.787633263715283829e-03
1.652500000000000000e+03 1.888481964010277217e-03
1.655000000000000000e+03 1.928461907042504277e-03
1.657500000000000000e+03 1.761461196289968410e-03
1.660000000000000000e+03 1.405075204725420197e-03
1.662500000000000000e+03 1.012035746179889900e-03
1.665000000000000000e+03 7.509451234659146168e-04
1.667500000000000000e+03 6.553568372298058334e-04
1.670000000000000000e+03 6.479728130408731477e-04
1.672500000000000000e+03 6.441824498695070773e-04
1.675000000000000000e+03 6.455495584741792643e-04
1.677500000000000000e+03 7.062364504714641186e-04
1.680000000000000000e+03 8.247225200902584671e-04
1.682500000000000000e+03 9.092492451825264031e-04
1.685000000000000000e+03 8.632234704921000175e-04
1.687500000000000000e+03 7.093633204290422049e-04
1.690000000000000000e+03 5.899135191068997875e-04
1.692500000000000000e+03 6.184582632930726810e-04
1.695000000000000000e+03 7.575697748557092557e-04
1.697500000000000000e+03 8.485204327697335293e-04
1.700000000000000000e+03 7.600693966931783502e-04
1.702500000000000000e+03 5.086828556178017539e-04
1.705000000000000000e+03 2.368232265748121271e-04
1.707500000000000000e+03 6.543782563735628431e-05
1.710000000000000000e+03 1.231265797093869258e-05
1.712500000000000000e+03 8.500924975606920141e-06
1.715000000000000000e+03 1.463634131273545657e-05
1.717500000000000000e+03 7.452451170801411662e-05
1.720000000000000000e+03 2.458293272352262554e-04
1.722500000000000000e+03 4.985049932826147783e-04
1.725000000000000000e+03 6.942683888585644359e-04
1.727500000000000000e+03 7.244679110511149890e-04
1.730000000000000000e+03 6.227733511114475016e-04
1.732500000000000000e+03 5.459353184611384245e-04
1.735000000000000000e+03 6.190789203901102744e-04
1.737500000000000000e+03 8.114779766061978308e-04
1.740000000000000000e+03 9.700418572255527401e-04
1.742500000000000000e+03 9.780793759709121432e-04
1.745000000000000000e+03 8.505304635885948704e-04
1.747500000000000000e+03 6.988263536480044833e-04
1.750000000000000000e+03 6.158939928406150129e-04
1.752500000000000000e+03 5.970460259067597586e-04
1.755000000000000000e+03 5.958314858639891321e-04
1.757500000000000000e+03 6.195825052828795882e-04
1.760000000000000000e+03 7.468542052609752381e-04
1.762500000000000000e+03 1.035338701949871073e-03
1.765000000000000000e+03 1.408078388355429953e-03
1.767500000000000000e+03 1.700078760360425713e-03
1.770000000000000000e+03 1.785846463607655959e-03
1.772500000000000000e+03 1.718528721141145696e-03
1.775000000000000000e+03 1.675189870125641566e-03
1.777500000000000000e+03 1.789234709081057766e-03
1.780000000000000000e+03 2.031328426139347547e-03
1.782500000000000000e+03 2.263170169815716289e-03
1.785000000000000000e+03 2.368021452595675449e-03
1.787500000000000000e+03 2.355519568562462231e-03
1.790000000000000000e+03 2.311931150171625711e-03
1.792500000000000000e+03 2.295184582685603353e-03
1.795000000000000000e+03 2.292232880600647473e-03
1.797500000000000000e+03 2.282344150699627209e-03
1.800000000000000000e+03 2.319059899014139659e-03
1.802500000000000000e+03 2.511131409057943981e-03
1.805000000000000000e+03 2.895289642344423854e-03
1.807500000000000000e+03 3.366033741241640162e-03
1.810000000000000000e+03 3.712763247277007031e-03
1.812500000000000000e+03 3.821626648663920597e-03
1.815000000000000000e+03 3.762517022489789056e-03
1.817500000000000000e+03 3.731558199791847833e-03
1.820000000000000000e+03 3.869233356788966995e-03
1.822500000000000000e+03 4.153348922386330792e-03
1.825000000000000000e+03 4.441162695687486152e-03
1.827500000000000000e+03 4.627357902042532160e-03
1.830000000000000000e+03 4.705811833421417664e-03
1.832500000000000000e+03 4.739110981976735540e-03
1.835000000000000000e+03 4.757108740225622460e-03
1.837500000000000000e+03 4.742671971402017371e-03
1.840000000000000000e+03 4.705751102757747828e-03
1.842500000000000000e+03 4.742516858757739838e-03
1.845000000000000000e+03 4.976682735044108546e-03
1.847500000000000000e+03 5.431959371106849337e-03
1.850000000000000000e+03 5.947681626675276577e-03
1.852500000000000000e+03 6.307913934258614977e-03
1.855000000000000000e+03 6.395489924141307611e-03
1.857500000000000000e+03 6.310413401996720593e-03
1.860000000000000000e+03 6.266780146207370436e-03
1.862500000000000000e+03 6.409212755240456180e-03
1.865000000000000000e+03 6.708480888474211042e-03
1.867500000000000000e+03 7.032454994869771249e-03
1.870000000000000000e+03 7.265531288129002847e-03
1.872500000000000000e+03 7.400409490851425631e-03
1.875000000000000000e+03 7.471325344467451106e-03
1.877500000000000000e+03 7.487473879088054653e-03
1.880000000000000000e+03 7.432505054207055352e-03
1.882500000000000000e+03 7.346631373425092232e-03
1.885000000000000000e+03 7.363132833245486161e-03
1.887500000000000000e+03 7.616169772868164323e-03
1.890000000000000000e+03 8.092116018344298195e-03
1.892500000000000000e+03 8.610857391880505016e-03
1.895000000000000000e+03 8.926534672373614976e-03
1.897500000000000000e+03 8.952068337957161046e-03
1.900000000000000000e+03 8.810706601437651164e-03
1.902500000000000000e+03 8.729141914469032773e-03
1.905000000000000000e+03 8.850887908909484125e-03
1.907500000000000000e+03 9.144856540037604731e-03
1.910000000000000000e+03 9.466930816639386459e-03
1.912500000000000000e+03 9.714408163058180570e-03
1.915000000000000000e+03 9.863633812555464009e-03
1.917500000000000000e+03 9.934688544758934689e-03
1.920000000000000000e+03 9.915176608901026326e-03
1.922500000000000000e+03 9.793317063022610736e-03
1.925000000000000000e+03 9.641744259473549253e-03
1.927500000000000000e+03 9.618774135908838077e-03
1.930000000000000000e+03 9.855318997808656944e-03
1.932500000000000000e+03 1.031717476918092048e-02
1.935000000000000000e+03 1.077896750857841590e-02
1.937500000000000000e+03 1.101028610041631696e-02
1.940000000000000000e+03 1.093896467888583364e-02
1.942500000000000000e+03 1.071580592292992011e-02
1.945000000000000000e+03 1.058049527151509392e-02
1.947500000000000000e+03 1.066510207353182395e-02
1.950000000000000000e+03 1.092317494211622435e-02
1.952500000000000000e+03 1.121783593248468734e-02
1.955000000000000000e+03 1.144012133726983980e-02
1.957500000000000000e+03 1.157236960017452888e-02
1.960000000000000000e+03 1.161186924022159991e-02
1.962500000000000000e+03 1.153271315641472491e-02
1.965000000000000000e+03 1.133149299402418965e-02
1.967500000000000000e+03 1.110121257732048922e-02
1.970000000000000000e+03 1.102457316982027521e-02
1.972500000000000000e+03 1.122277364483809277e-02
1.975000000000000000e+03 1.162403790393723955e-02
1.977500000000000000e+03 1.199730851366278758e-02
1.980000000000000000e+03 1.210790251451659798e-02
1.982500000000000000e+03 1.191974859827687507e-02
1.985000000000000000e+03 1.161072632915151510e-02
1.987500000000000000e+03 1.141382839814073825e-02
1.990000000000000000e+03 1.144930053954236124e-02
1.992500000000000000e+03 1.165734846001452787e-02
1.995000000000000000e+03 1.189420363940796657e-02
1.997500000000000000e+03 1.207045253937861183e-02
2.000000000000000000e+03 1.216155155483572212e-02
