0.000000000000000000e+00 0.000000000000000000e+00
2.500000000000000000e+00 1.072371984008548034e-05
5.000000000000000000e+00 1.410313502531427177e-04
7.500000000000000000e+00 5.140737796455111105e-04
1.000000000000000000e+01 1.022102435589454907e-03
1.250000000000000000e+01 1.369061677225283640e-03
1.500000000000000000e+01 1.369948984411569143e-03
1.750000000000000000e+01 1.136628242040971888e-03
2.000000000000000000e+01 9.514610857167349420e-04
2.250000000000000000e+01 9.960900490268225719e-04
2.500000000000000000e+01 1.222749552881636278e-03
2.750000000000000000e+01 1.467990190818539535e-03
3.000000000000000000e+01 1.650568539224555892e-03
3.250000000000000000e+01 1.817989826315780013e-03
3.500000000000000000e+01 2.000796283178855363e-03
3.750000000000000000e+01 2.108580650439232946e-03
4.000000000000000000e+01 2.071299105845755308e-03
4.250000000000000000e+01 2.049029119526611219e-03
4.500000000000000000e+01 2.351351436168670848e-03
4.750000000000000000e+01 3.081309196999690390e-03
5.000000000000000000e+01 3.939998437999302737e-03
5.250000000000000000e+01 4.462977672194972344e-03
5.500000000000000000e+01 4.432991902728731885e-03
5.750000000000000000e+01 4.030462072323889346e-03
6.000000000000000000e+01 3.621674203471319728e-03
6.250000000000000000e+01 3.463734003479857892e-03
6.500000000000000000e+01 3.603280956697465544e-03
6.750000000000000000e+01 3.970661147085070147e-03
7.000000000000000000e+01 4.481872383483663687e-03
7.250000000000000000e+01 5.020165999522620964e-03
7.500000000000000000e+01 5.378530180389012177e-03
7.750000000000000000e+01 5.352167198690470883e-03
8.000000000000000000e+01 4.976752952955477635e-03
8.250000000000000000e+01 4.615330286447567876e-03
8.500000000000000000e+01 4.676460073834202112e-03
8.750000000000000000e+01 5.203470118434602373e-03
9.000000000000000000e+01 5.801182063430030539e-03
9.250000000000000000e+01 6.003057401846643645e-03
9.500000000000000000e+01 5.675050927196258199e-03
9.750000000000000000e+01 5.050887394766492497e-03
1.000000000000000000e+02 4.458549759421281088e-03
1.025000000000000000e+02 4.094728805010019318e-03
1.050000000000000000e+02 4.018661005338985959e-03
1.075000000000000000e+02 4.230351199719110424e-03
1.100000000000000000e+02 4.664667553407998192e-03
1.125000000000000000e+02 5.118775076039228621e-03
1.150000000000000000e+02 5.275380504176425955e-03
1.175000000000000000e+02 4.915738235861909222e-03
1.200000000000000000e+02 4.162901598501636373e-03
1.225000000000000000e+02 3.451633099963178318e-03
1.250000000000000000e+02 3.162446265048394871e-03
1.275000000000000000e+02 3.273179239749532485e-03
1.300000000000000000e+02 3.421607537140603384e-03
1.325000000000000000e+02 3.302047516161915088e-03
1.350000000000000000e+02 2.924096160584853301e-03
1.375000000000000000e+02 2.484110603423024966e-03
1.400000000000000000e+02 2.109701332674232196e-03
1.425000000000000000e+02 1.813959216322845241e-03
1.450000000000000000e+02 1.624388612184745652e-03
1.475000000000000000e+02 1.630083519380230283e-03
1.500000000000000000e+02 1.859299430134024340e-03
1.525000000000000000e+02 2.148940687719448021e-03
1.550000000000000000e+02 2.202173120109166514e-03
1.575000000000000000e+02 1.836188950055436765e-03
1.600000000000000000e+02 1.183880786999160720e-03
1.625000000000000000e+02 5.990403098250486570e-04
1.650000000000000000e+02 3.229609200074652956e-04
1.675000000000000000e+02 2.853378737586090134e-04
1.700000000000000000e+02 2.787566661741905849e-04
1.725000000000000000e+02 2.574095079027541983e-04
1.750000000000000000e+02 3.474508897075814415e-04
1.775000000000000000e+02 5.887680189074752336e-04
1.800000000000000000e+02 8.112208603849880564e-04
1.825000000000000000e+02 8.244954599198361152e-04
1.850000000000000000e+02 6.548263464078072325e-04
1.875000000000000000e+02 5.259416503279005107e-04
1.900000000000000000e+02 6.188956267798017283e-04
1.925000000000000000e+02 8.871995780176267915e-04
1.950000000000000000e+02 1.118165074401146876e-03
1.975000000000000000e+02 1.162143276891138303e-03
2.000000000000000000e+02 1.073558650167785559e-03
2.025000000000000000e+02 1.005387169841324979e-03
2.050000000000000000e+02 1.003323337198888795e-03
2.075000000000000000e+02 9.964541543713378944e-04
2.100000000000000000e+02 1.007956986272912471e-03
2.125000000000000000e+02 1.246739169355213410e-03
2.150000000000000000e+02 1.871425527410324743e-03
2.175000000000000000e+02 2.710391654460183892e-03
2.200000000000000000e+02 3.337745626804043166e-03
2.225000000000000000e+02 3.456800811444031649e-03
2.250000000000000000e+02 3.161810350385023220e-03
2.275000000000000000e+02 2.815780872214573502e-03
2.300000000000000000e+02 2.721104529150481476e-03
2.325000000000000000e+02 2.928194605292668267e-03
2.350000000000000000e+02 3.307394431399583550e-03
2.375000000000000000e+02 3.725084423776484424e-03
2.400000000000000000e+02 4.111044944925166221e-03
2.425000000000000000e+02 4.387063575948309084e-03
2.450000000000000000e+02 4.434295163311744760e-03
2.475000000000000000e+02 4.235919810125094928e-03
2.500000000000000000e+02 4.032369703542499489e-03
2.525000000000000000e+02 4.193333394172883179e-03
2.550000000000000000e+02 4.840740376177096911e-03
2.575000000000000000e+02 5.645654239614523486e-03
2.600000000000000000e+02 6.084071022951993528e-03
2.625000000000000000e+02 5.900713568922921065e-03
2.650000000000000000e+02 5.291082285115637600e-03
2.675000000000000000e+02 4.665502110283068458e-03
2.700000000000000000e+02 4.315744610095770609e-03
2.725000000000000000e+02 4.305997183044245336e-03
2.750000000000000000e+02 4.569479425650996643e-03
2.775000000000000000e+02 5.000402138058318395e-03
2.800000000000000000e+02 5.441250223117457575e-03
2.825000000000000000e+02 5.659022956224306865e-03
2.850000000000000000e+02 5.453978500125867754e-03
2.875000000000000000e+02 4.872852394425975821e-03
2.900000000000000000e+02 4.275270608409769031e-03
2.925000000000000000e+02 4.068388976538885385e-03
2.950000000000000000e+02 4.314579917551828597e-03
2.975000000000000000e+02 4.650330143833960629e-03
3.000000000000000000e+02 4.642542644279108732e-03
3.025000000000000000e+02 4.188365709995539241e-03
3.050000000000000000e+02 3.529327842680856590e-03
3.075000000000000000e+02 2.951573638945704375e-03
3.100000000000000000e+02 2.576928670070478735e-03
3.125000000000000000e+02 2.412809709597804261e-03
3.150000000000000000e+02 2.465215396994366835e-03
3.175000000000000000e+02 2.719036949041950691e-03
3.200000000000000000e+02 3.034199509302437908e-03
3.225000000000000000e+02 3.141637050659397759e-03
3.250000000000000000e+02 2.825949855293202924e-03
3.275000000000000000e+02 2.151930164946945240e-03
3.300000000000000000e+02 1.467064179050977081e-03
3.325000000000000000e+02 1.103036748623640890e-03
3.350000000000000000e+02 1.067924351545086270e-03
3.375000000000000000e+02 1.092471311926500278e-03
3.400000000000000000e+02 9.755585932504525198e-04
3.425000000000000000e+02 7.844273607880750641e-04
3.450000000000000000e+02 6.815382544886238380e-04
3.475000000000000000e+02 6.719874115301466321e-04
3.500000000000000000e+02 6.260490870419479180e-04
3.525000000000000000e+02 5.001068129705992047e-04
3.550000000000000000e+02 4.261549146184269877e-04
3.575000000000000000e+02 5.547634266940910854e-04
3.600000000000000000e+02 8.514302100173609493e-04
3.625000000000000000e+02 1.089363042940356876e-03
3.650000000000000000e+02 1.060576642826587673e-03
3.675000000000000000e+02 7.852182034499585565e-04
3.700000000000000000e+02 4.819894737534698810e-04
3.725000000000000000e+02 3.256508773232170864e-04
3.750000000000000000e+02 2.934834448138126640e-04
3.775000000000000000e+02 3.032559177590962002e-04
3.800000000000000000e+02 4.281126593155982346e-04
3.825000000000000000e+02 8.350323655554373579e-04
3.850000000000000000e+02 1.499314804379098774e-03
3.875000000000000000e+02 2.109639302509651836e-03
3.900000000000000000e+02 2.340109120450731359e-03
3.925000000000000000e+02 2.176747233747409593e-03
3.950000000000000000e+02 1.922276223064449180e-03
3.975000000000000000e+02 1.896710717961801575e-03
4.000000000000000000e+02 2.171017798785637373e-03
4.025000000000000000e+02 2.577814512501548899e-03
4.050000000000000000e+02 2.922158357189199879e-03
4.075000000000000000e+02 3.139319175405664610e-03
4.100000000000000000e+02 3.257194588993203316e-03
4.125000000000000000e+02 3.274858972876854880e-03
4.150000000000000000e+02 3.176781778332422000e-03
4.175000000000000000e+02 3.087622679305245237e-03
4.200000000000000000e+02 3.292633834860544083e-03
4.225000000000000000e+02 3.966955751166119197e-03
4.250000000000000000e+02 4.892116342302516366e-03
4.275000000000000000e+02 5.555502074363287586e-03
4.300000000000000000e+02 5.592193708770223579e-03
4.325000000000000000e+02 5.100690272922145559e-03
4.350000000000000000e+02 4.511884863814163288e-03
4.375000000000000000e+02 4.203779260278621074e-03
4.400000000000000000e+02 4.272759286270693888e-03
4.425000000000000000e+02 4.599339606849182915e-03
4.450000000000000000e+02 5.019542274081234372e-03
4.475000000000000000e+02 5.398140083261044816e-03
4.500000000000000000e+02 5.598099344771131393e-03
4.525000000000000000e+02 5.489326081724208231e-03
4.550000000000000000e+02 5.081902389939793249e-03
4.575000000000000000e+02 4.642080148840042539e-03
4.600000000000000000e+02 4.552048715189685631e-03
4.625000000000000000e+02 4.945709472298543546e-03
4.650000000000000000e+02 5.506492556265876227e-03
4.675000000000000000e+02 5.717959008836600611e-03
4.700000000000000000e+02 5.336449785819796440e-03
4.725000000000000000e+02 4.573788598944350352e-03
4.750000000000000000e+02 3.836898002190098408e-03
4.775000000000000000e+02 3.383010254236733325e-03
4.800000000000000000e+02 3.240798330387980458e-03
4.825000000000000000e+02 3.341036342199369021e-03
4.850000000000000000e+02 3.604730931287658102e-03
4.875000000000000000e+02 3.905737753166768373e-03
4.900000000000000000e+02 4.032538803320467012e-03
4.925000000000000000e+02 3.785730602047867027e-03
4.950000000000000000e+02 3.176247475809143052e-03
4.975000000000000000e+02 2.502035247770320429e-03
5.000000000000000000e+02 2.130785039994307836e-03
5.025000000000000000e+02 2.149335606703723332e-03
5.050000000000000000e+02 2.274817776136569668e-03
5.075000000000000000e+02 2.166264672493276987e-03
5.100000000000000000e+02 1.776476520377369374e-03
5.125000000000000000e+02 1.330719265903119357e-03
5.150000000000000000e+02 1.020895974476842714e-03
5.175000000000000000e+02 8.419769953313477545e-04
5.200000000000000000e+02 7.225350011992152672e-04
5.225000000000000000e+02 6.906266818900301833e-04
5.250000000000000000e+02 8.341588896010040726e-04
5.275000000000000000e+02 1.127719429033321790e-03
5.300000000000000000e+02 1.365160790536977271e-03
5.325000000000000000e+02 1.311860620186282517e-03
5.350000000000000000e+02 9.375961527731428366e-04
5.375000000000000000e+02 4.695046882670240312e-04
5.400000000000000000e+02 1.740694617004904783e-04
5.425000000000000000e+02 1.017906711388117882e-04
5.450000000000000000e+02 1.086587479102892718e-04
5.475000000000000000e+02 1.191086114313081028e-04
5.500000000000000000e+02 2.491490436885181311e-04
5.525000000000000000e+02 6.028819441983520894e-04
5.550000000000000000e+02 1.043983388929308745e-03
5.575000000000000000e+02 1.292716304454497814e-03
5.600000000000000000e+02 1.240913252954064334e-03
5.625000000000000000e+02 1.085314184097543400e-03
5.650000000000000000e+02 1.121717034800132550e-03
5.675000000000000000e+02 1.446631802720070191e-03
5.700000000000000000e+02 1.885974347125314501e-03
5.725000000000000000e+02 2.191275977848325656e-03
5.750000000000000000e+02 2.268531526083610115e-03
5.775000000000000000e+02 2.207787177459987794e-03
5.800000000000000000e+02 2.125418283716339930e-03
5.825000000000000000e+02 2.052389904120883145e-03
5.850000000000000000e+02 2.025258011452945196e-03
5.875000000000000000e+02 2.212774089078414167e-03
5.900000000000000000e+02 2.800652780817260504e-03
5.925000000000000000e+02 3.702887129206248323e-03
5.950000000000000000e+02 4.496987175246929848e-03
5.975000000000000000e+02 4.758521782765085320e-03
6.000000000000000000e+02 4.457370881051916749e-03
6.025000000000000000e+02 3.974330479495372104e-03
6.050000000000000000e+02 3.739964613085639249e-03
6.075000000000000000e+02 3.901192477715558892e-03
6.100000000000000000e+02 4.310005130902607763e-03
6.125000000000000000e+02 4.736410776098498761e-03
6.150000000000000000e+02 5.036758827505685189e-03
6.175000000000000000e+02 5.156948770493475186e-03
6.200000000000000000e+02 5.067634692951005285e-03
6.225000000000000000e+02 4.789640344278009269e-03
6.250000000000000000e+02 4.502438906554719414e-03
6.275000000000000000e+02 4.521857317012886214e-03
6.300000000000000000e+02 5.026961662835172095e-03
6.325000000000000000e+02 5.787094375861162945e-03
6.350000000000000000e+02 6.267701348052071193e-03
6.375000000000000000e+02 6.090929826686502374e-03
6.400000000000000000e+02 5.370607324532574757e-03
6.425000000000000000e+02 4.566716887465102452e-03
6.450000000000000000e+02 4.068107553441581252e-03
6.475000000000000000e+02 3.962238858909118179e-03
6.500000000000000000e+02 4.125575510323970831e-03
6.525000000000000000e+02 4.401678298759934341e-03
6.550000000000000000e+02 4.659148893433506106e-03
6.575000000000000000e+02 4.755654007092785344e-03
6.600000000000000000e+02 4.552525748261563796e-03
6.625000000000000000e+02 4.041909556168314308e-03
6.650000000000000000e+02 3.455657943721370581e-03
6.675000000000000000e+02 3.147413023980880162e-03
6.700000000000000000e+02 3.265112892182255727e-03
6.725000000000000000e+02 3.553644613183057615e-03
6.750000000000000000e+02 3.571645900510686880e-03
6.775000000000000000e+02 3.124947177901216209e-03
6.800000000000000000e+02 2.424016185623083502e-03
6.825000000000000000e+02 1.815285937533797807e-03
6.850000000000000000e+02 1.459628977906604792e-03
6.875000000000000000e+02 1.312513094085204649e-03
6.900000000000000000e+02 1.308806334980237157e-03
6.925000000000000000e+02 1.448062117409415050e-03
6.950000000000000000e+02 1.699112039189229571e-03
6.975000000000000000e+02 1.901254103093372389e-03
7.000000000000000000e+02 1.836249490544808200e-03
7.025000000000000000e+02 1.435022401717390029e-03
7.050000000000000000e+02 8.926545911203146930e-04
7.075000000000000000e+02 5.161234575587317396e-04
7.100000000000000000e+02 4.273735988583702715e-04
7.125000000000000000e+02 4.633117632856349429e-04
7.150000000000000000e+02 4.117907134764877287e-04
7.175000000000000000e+02 2.834669572316497526e-04
7.200000000000000000e+02 2.573026921081635835e-04
7.225000000000000000e+02 3.950584135750110954e-04
7.250000000000000000e+02 5.413358866801353409e-04
7.275000000000000000e+02 5.418577236382185469e-04
7.300000000000000000e+02 4.670642708213308550e-04
7.325000000000000000e+02 5.429445807917242413e-04
7.350000000000000000e+02 8.810850502030414698e-04
7.375000000000000000e+02 1.332089293377477102e-03
7.400000000000000000e+02 1.621716199875635183e-03
7.425000000000000000e+02 1.610720542767925820e-03
7.450000000000000000e+02 1.401966226044105241e-03
7.475000000000000000e+02 1.199177535809370669e-03
7.500000000000000000e+02 1.103128221351741501e-03
7.525000000000000000e+02 1.100525842449824728e-03
7.550000000000000000e+02 1.231690442059369490e-03
7.575000000000000000e+02 1.640347011431207442e-03
7.600000000000000000e+02 2.361439777921583386e-03
7.625000000000000000e+02 3.129343247560711222e-03
7.650000000000000000e+02 3.540067915233462408e-03
7.675000000000000000e+02 3.443796836072855316e-03
7.700000000000000000e+02 3.110775585828867706e-03
7.725000000000000000e+02 2.970811210543372518e-03
7.750000000000000000e+02 3.224461209542880957e-03
7.775000000000000000e+02 3.726653242522665055e-03
7.800000000000000000e+02 4.188948192372457004e-03
7.825000000000000000e+02 4.430275467061930809e-03
7.850000000000000000e+02 4.446527216842194839e-03
7.875000000000000000e+02 4.313191560925088569e-03
7.900000000000000000e+02 4.102430392948728903e-03
7.925000000000000000e+02 3.932059938952396638e-03
7.950000000000000000e+02 4.024861452451873080e-03
7.975000000000000000e+02 4.567269512469340938e-03
8.000000000000000000e+02 5.435063352204217574e-03
8.025000000000000000e+02 6.150986796727698352e-03
8.050000000000000000e+02 6.248931843988690671e-03
8.075000000000000000e+02 5.703599988765841074e-03
8.100000000000000000e+02 4.946614315966563029e-03
8.125000000000000000e+02 4.462732967716173324e-03
8.150000000000000000e+02 4.422848780634662871e-03
8.175000000000000000e+02 4.679291426443800764e-03
8.200000000000000000e+02 4.994074089224876875e-03
8.225000000000000000e+02 5.205285231161631970e-03
8.250000000000000000e+02 5.231726005331331641e-03
8.275000000000000000e+02 5.025242025122813629e-03
8.300000000000000000e+02 4.602205369694885653e-03
8.325000000000000000e+02 4.135900613332029775e-03
8.350000000000000000e+02 3.928765374179330611e-03
8.375000000000000000e+02 4.161648465517798351e-03
8.400000000000000000e+02 4.637769939908272659e-03
8.425000000000000000e+02 4.872835440273544892e-03
8.450000000000000000e+02 4.526886173399600165e-03
8.475000000000000000e+02 3.722268321447912490e-03
8.500000000000000000e+02 2.891665782381873991e-03
8.525000000000000000e+02 2.366988839351250821e-03
8.550000000000000000e+02 2.181686081797358338e-03
8.575000000000000000e+02 2.206065859407862692e-03
8.600000000000000000e+02 2.336972258167451921e-03
8.625000000000000000e+02 2.515098354182127537e-03
8.650000000000000000e+02 2.634728562177829272e-03
8.675000000000000000e+02 2.535868596430063474e-03
8.700000000000000000e+02 2.142989473675718966e-03
8.725000000000000000e+02 1.603611758889820138e-03
8.750000000000000000e+02 1.217061441152258571e-03
8.775000000000000000e+02 1.155348153972974180e-03
8.800000000000000000e+02 1.269159523766755183e-03
8.825000000000000000e+02 1.242896083223458351e-03
8.850000000000000000e+02 9.484621651975849548e-04
8.875000000000000000e+02 5.656133140232384770e-04
8.900000000000000000e+02 3.307178436827943203e-04
8.925000000000000000e+02 2.684732647324984309e-04
8.950000000000000000e+02 2.456116920026538185e-04
8.975000000000000000e+02 2.165129706755307881e-04
9.000000000000000000e+02 3.003905746830972138e-04
9.025000000000000000e+02 5.999978978878185753e-04
9.050000000000000000e+02 1.012991128753008233e-03
9.075000000000000000e+02 1.280206636965575866e-03
9.100000000000000000e+02 1.225975232349210426e-03
9.125000000000000000e+02 9.277914045154916000e-04
9.150000000000000000e+02 6.303116330814942814e-04
9.175000000000000000e+02 5.010013144051280679e-04
9.200000000000000000e+02 5.127113478673808473e-04
9.225000000000000000e+02 5.873078128536099625e-04
9.250000000000000000e+02 7.781376787011006716e-04
9.275000000000000000e+02 1.196044090400095669e-03
9.300000000000000000e+02 1.764619009253751668e-03
9.325000000000000000e+02 2.187795825423251642e-03
9.350000000000000000e+02 2.245943017268017990e-03
9.375000000000000000e+02 2.066912412133263457e-03
9.400000000000000000e+02 2.019170653738391365e-03
9.425000000000000000e+02 2.340726197358145456e-03
9.450000000000000000e+02 2.921241070955826920e-03
9.475000000000000000e+02 3.439865858941792108e-03
9.500000000000000000e+02 3.662043397953005860e-03
9.525000000000000000e+02 3.591446565655107264e-03
9.550000000000000000e+02 3.385526693791995022e-03
9.575000000000000000e+02 3.189415359469033231e-03
9.600000000000000000e+02 3.093125102877260918e-03
9.625000000000000000e+02 3.217997578387039002e-03
9.650000000000000000e+02 3.714023275721523194e-03
9.675000000000000000e+02 4.556560688483922081e-03
9.700000000000000000e+02 5.392499629757045373e-03
9.725000000000000000e+02 5.745567454710078653e-03
9.750000000000000000e+02 5.452733728690747905e-03
9.775000000000000000e+02 4.843820170506315213e-03
9.800000000000000000e+02 4.437895616743268296e-03
9.825000000000000000e+02 4.493965857303718406e-03
9.850000000000000000e+02 4.875916155241093522e-03
9.875000000000000000e+02 5.273433908188575672e-03
9.900000000000000000e+02 5.468483256274316549e-03
9.925000000000000000e+02 5.414983341414381091e-03
9.950000000000000000e+02 5.163000476688856845e-03
9.975000000000000000e+02 4.791275661727423078e-03
1.000000000000000000e+03 4.439106813660723821e-03
1.002500000000000000e+03 4.336809923117518686e-03
1.005000000000000000e+03 4.664131489750032375e-03
1.007500000000000000e+03 5.297974922981747020e-03
1.010000000000000000e+03 5.777266128963795024e-03
1.012500000000000000e+03 5.654785453560251703e-03
1.015000000000000000e+03 4.917109025540668775e-03
1.017500000000000000e+03 3.996747833969470018e-03
1.020000000000000000e+03 3.363041230332687159e-03
1.022500000000000000e+03 3.161690596943306404e-03
1.025000000000000000e+03 3.237538764141273569e-03
1.027500000000000000e+03 3.382947350753447418e-03
1.030000000000000000e+03 3.484453815123441604e-03
1.032500000000000000e+03 3.484058240871740469e-03
1.035000000000000000e+03 3.310376723464851685e-03
1.037500000000000000e+03 2.923339909865384917e-03
1.040000000000000000e+03 2.431295554388176409e-03
1.042500000000000000e+03 2.091592682745230768e-03
1.045000000000000000e+03 2.095621812626868342e-03
1.047500000000000000e+03 2.328044288104394975e-03
1.050000000000000000e+03 2.416731185321155644e-03
1.052500000000000000e+03 2.092018395531837494e-03
1.055000000000000000e+03 1.462403182379891711e-03
1.057500000000000000e+03 8.755174592055519744e-04
1.060000000000000000e+03 5.521614875073529690e-04
1.062500000000000000e+03 4.453469803920407180e-04
1.065000000000000000e+03 4.286497313635336676e-04
1.067500000000000000e+03 4.942611121941994229e-04
1.070000000000000000e+03 7.049947199559284446e-04
1.072500000000000000e+03 1.013001829802146403e-03
1.075000000000000000e+03 1.216936024456465341e-03
1.077500000000000000e+03 1.135553709000934868e-03
1.080000000000000000e+03 8.047183829857332445e-04
1.082500000000000000e+03 4.634128348880981775e-04
1.085000000000000000e+03 3.217884940116563330e-04
1.087500000000000000e+03 3.629927319580331622e-04
1.090000000000000000e+03 4.175412652614603724e-04
1.092500000000000000e+03 4.182619885296077382e-04
1.095000000000000000e+03 4.866681485050765592e-04
1.097500000000000000e+03 7.221386888139221232e-04
1.100000000000000000e+03 1.003946007996094373e-03
1.102500000000000000e+03 1.118261792531372078e-03
1.105000000000000000e+03 1.056387138171413108e-03
1.107500000000000000e+03 1.073954752373934432e-03
1.110000000000000000e+03 1.413048431623643159e-03
1.112500000000000000e+03 2.020660904876216569e-03
1.115000000000000000e+03 2.584573305455170437e-03
1.117500000000000000e+03 2.822526051231106711e-03
1.120000000000000000e+03 2.708708531359698638e-03
1.122500000000000000e+03 2.440936863275114475e-03
1.125000000000000000e+03 2.234062813154034325e-03
1.127500000000000000e+03 2.181010179937688167e-03
1.130000000000000000e+03 2.311764286297821394e-03
1.132500000000000000e+03 2.700511315476245879e-03
1.135000000000000000e+03 3.386859652962049758e-03
1.137500000000000000e+03 4.179367035349809689e-03
1.140000000000000000e+03 4.681227040344333387e-03
1.142500000000000000e+03 4.638295127883583675e-03
1.145000000000000000e+03 4.234892433272571984e-03
1.147500000000000000e+03 3.951169728229906968e-03
1.150000000000000000e+03 4.114771923840744930e-03
1.152500000000000000e+03 4.635846230089903618e-03
1.155000000000000000e+03 5.158178257451743326e-03
1.157500000000000000e+03 5.390822275351170659e-03
1.160000000000000000e+03 5.284804845355785090e-03
1.162500000000000000e+03 4.971522759797218118e-03
1.165000000000000000e+03 4.614378550631596451e-03
1.167500000000000000e+03 4.351003203171376413e-03
1.170000000000000000e+03 4.335902263592961679e-03
1.172500000000000000e+03 4.712325870027949705e-03
1.175000000000000000e+03 5.425747932901616929e-03
1.177500000000000000e+03 6.098617506548056726e-03
1.180000000000000000e+03 6.246343677279290497e-03
1.182500000000000000e+03 5.713584308120420521e-03
1.185000000000000000e+03 4.851582015887151086e-03
1.187500000000000000e+03 4.201830088251088009e-03
1.190000000000000000e+03 4.031039289353213415e-03
1.192500000000000000e+03 4.201382795078834401e-03
1.195000000000000000e+03 4.412928152981127755e-03
1.197500000000000000e+03 4.472232666392106024e-03
1.200000000000000000e+03 4.345174969578005815e-03
1.202500000000000000e+03 4.060686204810994536e-03
1.205000000000000000e+03 3.653855972979246341e-03
1.207500000000000000e+03 3.219522593929278857e-03
1.210000000000000000e+03 2.956312627633137739e-03
1.212500000000000000e+03 3.042663918971363120e-03
1.215000000000000000e+03 3.404350910418896519e-03
1.217500000000000000e+03 3.665297449255193896e-03
1.220000000000000000e+03 3.444326677064262886e-03
1.222500000000000000e+03 2.729661375363021461e-03
1.225000000000000000e+03 1.895551803903902308e-03
1.227500000000000000e+03 1.330833156706673478e-03
1.230000000000000000e+03 1.120140760130780306e-03
1.232500000000000000e+03 1.105195752848740168e-03
1.235000000000000000e+03 1.149299338445801226e-03
1.237500000000000000e+03 1.242952517872868146e-03
1.240000000000000000e+03 1.383748762629884556e-03
1.242500000000000000e+03 1.462076847560099015e-03
1.245000000000000000e+03 1.334796389125100921e-03
1.247500000000000000e+03 1.004010992838664205e-03
1.250000000000000000e+03 6.689348549340540413e-04
1.252500000000000000e+03 5.484988260880623414e-04
1.255000000000000000e+03 6.456887918849456938e-04
1.257500000000000000e+03 7.358912173081974973e-04
1.260000000000000000e+03 6.275219092283389113e-04
1.262500000000000000e+03 3.879224753423317026e-04
1.265000000000000000e+03 2.380187728585276337e-04
1.267500000000000000e+03 2.591332168139202658e-04
1.270000000000000000e+03 3.202248270253554548e-04
1.272500000000000000e+03 3.147913848784245701e-04
1.275000000000000000e+03 3.557850497315645792e-04
1.277500000000000000e+03 6.471210407575364110e-04
1.280000000000000000e+03 1.199468410382335511e-03
1.282500000000000000e+03 1.755370079598762498e-03
1.285000000000000000e+03 2.014334382535913105e-03
1.287500000000000000e+03 1.901708817962809031e-03
1.290000000000000000e+03 1.609160123872494397e-03
1.292500000000000000e+03 1.395828785059445836e-03
1.295000000000000000e+03 1.375318641476232532e-03
1.297500000000000000e+03 1.509711555813537292e-03
1.300000000000000000e+03 1.773643766635691005e-03
1.302500000000000000e+03 2.217508175655550848e-03
1.305000000000000000e+03 2.807442472912406121e-03
1.307500000000000000e+03 3.299733390094992339e-03
1.310000000000000000e+03 3.426893540387389650e-03
1.312500000000000000e+03 3.226449798773269040e-03
1.315000000000000000e+03 3.074519349010198296e-03
1.317500000000000000e+03 3.326219853582707605e-03
1.320000000000000000e+03 3.962141232251895420e-03
1.322500000000000000e+03 4.622700322130424318e-03
1.325000000000000000e+03 4.946628157381647434e-03
1.327500000000000000e+03 4.843419024736119252e-03
1.330000000000000000e+03 4.487837304596749462e-03
1.332500000000000000e+03 4.127146450405385671e-03
1.335000000000000000e+03 3.926661751498233995e-03
1.337500000000000000e+03 3.977338737401875206e-03
1.340000000000000000e+03 4.356104380740153346e-03
1.342500000000000000e+03 5.050235848578392590e-03
1.345000000000000000e+03 5.803109962371695227e-03
1.347500000000000000e+03 6.176491987229664436e-03
1.350000000000000000e+03 5.912563029287730247e-03
1.352500000000000000e+03 5.229020219871462205e-03
1.355000000000000000e+03 4.658672066490807638e-03
1.357500000000000000e+03 4.568621001664475122e-03
1.360000000000000000e+03 4.877347306263566350e-03
1.362500000000000000e+03 5.221296671890273723e-03
1.365000000000000000e+03 5.308521589172794826e-03
1.367500000000000000e+03 5.091246598999440119e-03
1.370000000000000000e+03 4.687178446079890218e-03
1.372500000000000000e+03 4.233588148737201309e-03
1.375000000000000000e+03 3.846012996826130535e-03
1.377500000000000000e+03 3.664907832217469651e-03
1.380000000000000000e+03 3.826400476924815379e-03
1.382500000000000000e+03 4.290448637455644351e-03
1.385000000000000000e+03 4.725157372970826761e-03
1.387500000000000000e+03 4.695417571656353671e-03
1.390000000000000000e+03 4.058045811062043623e-03
1.392500000000000000e+03 3.132194169856390709e-03
1.395000000000000000e+03 2.410576510020719012e-03
1.397500000000000000e+03 2.123817247269581612e-03
1.400000000000000000e+03 2.133089452137134061e-03
1.402500000000000000e+03 2.188142890235237215e-03
1.405000000000000000e+03 2.177588970715220711e-03
1.407500000000000000e+03 2.119172123893551130e-03
1.410000000000000000e+03 2.012078888911585876e-03
1.412500000000000000e+03 1.796504608311391043e-03
1.415000000000000000e+03 1.468119218194717870e-03
1.417500000000000000e+03 1.170628084825355237e-03
1.420000000000000000e+03 1.098004953420499315e-03
1.422500000000000000e+03 1.270141115769327957e-03
1.425000000000000000e+03 1.445151543977162348e-03
1.427500000000000000e+03 1.330121529764646945e-03
1.430000000000000000e+03 8.932673787527379379e-04
1.432500000000000000e+03 4.000759483218243413e-04
1.435000000000000000e+03 1.137030582567933023e-04
1.437500000000000000e+03 4.155465160273442499e-05
1.440000000000000000e+03 3.641216916693927597e-05
1.442500000000000000e+03 6.392688919440132152e-05
1.445000000000000000e+03 2.480230740484734553e-04
1.447500000000000000e+03 6.513764321807210666e-04
1.450000000000000000e+03 1.110818841371836747e-03
1.452500000000000000e+03 1.354418787661929415e-03
1.455000000000000000e+03 1.263853120366011541e-03
1.457500000000000000e+03 9.872825457998809021e-04
1.460000000000000000e+03 7.901738042254962281e-04
1.462500000000000000e+03 8.078944718761523836e-04
1.465000000000000000e+03 9.630721485476135928e-04
1.467500000000000000e+03 1.128908493774380623e-03
1.470000000000000000e+03 1.312661453179981294e-03
1.472500000000000000e+03 1.595150509189072674e-03
1.475000000000000000e+03 1.920966838497985534e-03
1.477500000000000000e+03 2.092502529147104162e-03
1.480000000000000000e+03 2.038562731391829752e-03
1.482500000000000000e+03 1.991068541522716777e-03
1.485000000000000000e+03 2.280037429758986160e-03
1.487500000000000000e+03 2.962322116969303039e-03
1.490000000000000000e+03 3.725007582426003491e-03
1.492500000000000000e+03 4.164269874432228839e-03
1.495000000000000000e+03 4.123164279958534129e-03
1.497500000000000000e+03 3.771235915038458585e-03
1.500000000000000000e+03 3.414776576198406272e-03
1.502500000000000000e+03 3.263125661818731295e-03
1.505000000000000000e+03 3.366869552610385168e-03
1.507500000000000000e+03 3.720377396213916249e-03
1.510000000000000000e+03 4.311370344759864019e-03
1.512500000000000000e+03 5.006928083081307358e-03
1.515000000000000000e+03 5.487891095962691736e-03
1.517500000000000000e+03 5.467113010329539315e-03
1.520000000000000000e+03 5.020152516601220950e-03
1.522500000000000000e+03 4.596803173099363836e-03
1.525000000000000000e+03 4.618123434725069330e-03
1.527500000000000000e+03 5.084676706313717362e-03
1.530000000000000000e+03 5.613879088431790974e-03
1.532500000000000000e+03 5.814637507870264177e-03
1.535000000000000000e+03 5.583084613386793058e-03
1.537500000000000000e+03 5.090396696186336514e-03
1.540000000000000000e+03 4.581547226011309544e-03
1.542500000000000000e+03 4.225708088294149664e-03
1.545000000000000000e+03 4.120822638063590358e-03
1.547500000000000000e+03 4.338681910066456704e-03
1.550000000000000000e+03 4.852176238420054244e-03
1.552500000000000000e+03 5.405262869082192584e-03
1.555000000000000000e+03 5.580191065358008039e-03
1.557500000000000000e+03 5.133407404747471203e-03
1.560000000000000000e+03 4.273718162109893352e-03
1.562500000000000000e+03 3.515202254390330239e-03
1.565000000000000000e+03 3.214507260745408032e-03
1.567500000000000000e+03 3.295928433860193484e-03
1.570000000000000000e+03 3.427574233585692094e-03
1.572500000000000000e+03 3.374890206215946410e-03
1.575000000000000000e+03 3.135952289419448487e-03
1.577500000000000000e+03 2.812782832099247794e-03
1.580000000000000000e+03 2.464749776264561331e-03
1.582500000000000000e+03 2.119925880008224212e-03
1.585000000000000000e+03 1.869444043754236182e-03
1.587500000000000000e+03 1.854833098430395087e-03
1.590000000000000000e+03 2.100301121728170243e-03
1.592500000000000000e+03 2.379681889364171528e-03
1.595000000000000000e+03 2.343505431888018905e-03
1.597500000000000000e+03 1.848745067976287956e-03
1.600000000000000000e+03 1.129557141948583964e-03
1.602500000000000000e+03 5.720406935810766914e-04
1.605000000000000000e+03 3.425760816346339836e-04
1.607500000000000000e+03 3.123246211061441097e-04
1.610000000000000000e+03 3.170851441206849405e-04
1.612500000000000000e+03 3.654442917789010414e-04
1.615000000000000000e+03 5.437092270783855765e-04
1.617500000000000000e+03 8.064302180188813928e-04
1.620000000000000000e+03 9.632432323227894987e-04
1.622500000000000000e+03 8.805340099002468375e-04
1.625000000000000000e+03 6.440012576039559102e-04
1.627500000000000000e+03 4.865290203621502017e-04
1.630000000000000000e+03 5.522846312012758170e-04
1.632500000000000000e+03 7.503257119182571303e-04
1.635000000000000000e+03 8.717891795257777998e-04
1.637500000000000000e+03 8.436804695151944910e-04
1.640000000000000000e+03 7.959846167866835905e-04
1.642500000000000000e+03 8.501784561047704249e-04
1.645000000000000000e+03 9.413611914510589332e-04
1.647500000000000000e+03 9.508198319635767981e-04
1.650000000000000000e+03 9.573211287003729683e-04
1.652500000000000000e+03 1.214654222100005178e-03
1.655000000000000000e+03 1.841617359714826539e-03
1.657500000000000000e+03 2.617045860068194316e-03
1.660000000000000000e+03 3.144182667548481476e-03
1.662500000000000000e+03 3.199620572155518084e-03
1.665000000000000000e+03 2.903288740957111601e-03
1.667500000000000000e+03 2.578362343861813864e-03
1.670000000000000000e+03 2.475729810893959482e-03
1.672500000000000000e+03 2.631304752889359472e-03
1.675000000000000000e+03 2.959023871918596213e-03
1.677500000000000000e+03 3.405052328742922199e-03
1.680000000000000000e+03 3.928739823477515013e-03
1.682500000000000000e+03 4.369616851125217825e-03
1.685000000000000000e+03 4.493611796535852687e-03
1.687500000000000000e+03 4.268234002770588537e-03
1.690000000000000000e+03 4.012262982467216903e-03
1.692500000000000000e+03 4.140611144182099190e-03
1.695000000000000000e+03 4.740870496734462050e-03
1.697500000000000000e+03 5.464319937928232077e-03
1.700000000000000000e+03 5.846169953931329780e-03
1.702500000000000000e+03 5.693990582989084427e-03
1.705000000000000000e+03 5.180306216465277967e-03
1.707500000000000000e+03 4.636870678347089839e-03
1.710000000000000000e+03 4.307574022640973076e-03
1.712500000000000000e+03 4.273938899187082995e-03
1.715000000000000000e+03 4.533980139611838538e-03
1.717500000000000000e+03 5.042203424871144653e-03
1.720000000000000000e+03 5.623939024267937160e-03
1.722500000000000000e+03 5.943662340636608060e-03
1.725000000000000000e+03 5.721253494921049385e-03
1.727500000000000000e+03 5.041714896742171062e-03
1.730000000000000000e+03 4.362917395579021806e-03
1.732500000000000000e+03 4.118503947871314345e-03
1.735000000000000000e+03 4.322596958252419852e-03
1.737500000000000000e+03 4.608118270238155227e-03
1.740000000000000000e+03 4.613528245807684523e-03
1.742500000000000000e+03 4.269818207370242383e-03
1.745000000000000000e+03 3.749425497035383577e-03
1.747500000000000000e+03 3.246656108435347615e-03
1.750000000000000000e+03 2.862804252760632346e-03
1.752500000000000000e+03 2.655752995751967799e-03
1.755000000000000000e+03 2.696806870198744602e-03
1.757500000000000000e+03 2.994000365060371822e-03
1.760000000000000000e+03 3.358201632292120899e-03
1.762500000000000000e+03 3.439353719494435413e-03
1.765000000000000000e+03 3.007389915675552812e-03
1.767500000000000000e+03 2.212699182155551756e-03
1.770000000000000000e+03 1.485489115384484079e-03
1.772500000000000000e+03 1.133355701253628252e-03
1.775000000000000000e+03 1.093556640972711191e-03
1.777500000000000000e+03 1.106861707726554010e-03
1.780000000000000000e+03 1.042240006641247281e-03
1.782500000000000000e+03 9.668203110044698611e-04
1.785000000000000000e+03 9.529439689666928393e-04
1.787500000000000000e+03 9.388145324948255236e-04
1.790000000000000000e+03 8.202618310554425337e-04
1.792500000000000000e+03 6.228735583066766310e-04
1.795000000000000000e+03 5.158092762262601752e-04
1.797500000000000000e+03 6.305409975547868933e-04
1.800000000000000000e+03 8.812763174219479488e-04
1.802500000000000000e+03 1.012022653497638607e-03
1.805000000000000000e+03 8.600848610042584504e-04
1.807500000000000000e+03 5.388246209981211203e-04
1.810000000000000000e+03 2.959793618757053791e-04
1.812500000000000000e+03 2.253481587021325967e-04
1.815000000000000000e+03 2.246490269520661723e-04
1.817500000000000000e+03 2.375580936647835755e-04
1.820000000000000000e+03 4.008515285637935109e-04
1.822500000000000000e+03 8.637545574633146567e-04
1.825000000000000000e+03 1.526114912055641371e-03
1.827500000000000000e+03 2.058902720724094162e-03
1.830000000000000000e+03 2.199972229875674177e-03
1.832500000000000000e+03 1.992771256941371343e-03
1.835000000000000000e+03 1.729947139467311523e-03
1.837500000000000000e+03 1.683644212901888593e-03
1.840000000000000000e+03 1.894883509478143468e-03
1.842500000000000000e+03 2.216303121050768130e-03
1.845000000000000000e+03 2.524561523639269785e-03
1.847500000000000000e+03 2.818691054825724161e-03
1.850000000000000000e+03 3.093500054611097224e-03
1.852500000000000000e+03 3.232995162321947776e-03
1.855000000000000000e+03 3.157355095750798060e-03
1.857500000000000000e+03 3.041416183284190687e-03
1.860000000000000000e+03 3.236001624227516967e-03
1.862500000000000000e+03 3.898665767731149864e-03
1.865000000000000000e+03 4.763232129508506406e-03
1.867500000000000000e+03 5.342047944982562628e-03
1.870000000000000000e+03 5.346482180012550496e-03
1.872500000000000000e+03 4.896318681889622222e-03
1.875000000000000000e+03 4.365473790175357360e-03
1.877500000000000000e+03 4.073093181893482767e-03
1.880000000000000000e+03 4.112545679099190513e-03
1.882500000000000000e+03 4.414867403274978785e-03
1.885000000000000000e+03 4.884783857447913200e-03
1.887500000000000000e+03 5.406844520659768831e-03
1.890000000000000000e+03 5.766570805466963469e-03
1.892500000000000000e+03 5.722690433813900496e-03
1.895000000000000000e+03 5.265384572674691212e-03
1.897500000000000000e+03 4.744840437080502168e-03
1.900000000000000000e+03 4.607521054160273327e-03
1.902500000000000000e+03 4.960630709758518178e-03
1.905000000000000000e+03 5.455648246061892657e-03
1.907500000000000000e+03 5.626318920829914000e-03
1.910000000000000000e+03 5.295925640347582189e-03
1.912500000000000000e+03 4.652263448618227000e-03
1.915000000000000000e+03 4.011552949580973575e-03
1.917500000000000000e+03 3.579592412688231608e-03
1.920000000000000000e+03 3.412345529493707348e-03
1.922500000000000000e+03 3.506206427937870896e-03
1.925000000000000000e+03 3.827448309461340889e-03
1.927500000000000000e+03 4.227189675874544819e-03
1.930000000000000000e+03 4.407213936086407276e-03
1.932500000000000000e+03 4.103589475687673647e-03
1.935000000000000000e+03 3.368354695816764503e-03
1.937500000000000000e+03 2.600617250899802183e-03
1.940000000000000000e+03 2.200139229854667679e-03
1.942500000000000000e+03 2.196964571443742621e-03
1.945000000000000000e+03 2.284048539474257261e-03
1.947500000000000000e+03 2.184199248065479566e-03
1.950000000000000000e+03 1.893993743192536007e-03
1.952500000000000000e+03 1.575290964407095439e-03
1.955000000000000000e+03 1.323274142406988480e-03
1.957500000000000000e+03 1.114417127664028362e-03
1.960000000000000000e+03 9.364258173334465358e-04
1.962500000000000000e+03 8.761169012970109003e-04
1.965000000000000000e+03 1.026851540610948651e-03
1.967500000000000000e+03 1.316822896544236898e-03
1.970000000000000000e+03 1.485011942379845873e-03
1.972500000000000000e+03 1.299492300371319579e-03
1.975000000000000000e+03 8.114914401462639589e-04
1.977500000000000000e+03 3.238162141285818273e-04
1.980000000000000000e+03 7.450376539932660250e-05
1.982500000000000000e+03 2.754974553594336469e-05
1.985000000000000000e+03 2.801775363164089785e-05
1.987500000000000000e+03 6.956374724092278194e-05
1.990000000000000000e+03 2.871313526700790524e-04
1.992500000000000000e+03 7.072715828154559287e-04
1.995000000000000000e+03 1.126643809026598407e-03
1.997500000000000000e+03 1.294508333021157729e-03
2.000000000000000000e+03 1.175649375689637567e-03
