0.000000000000000000e+00 0.000000000000000000e+00 1.000000000000000000e+00
2.500000000000000000e+00 1.373928365774575999e-01 8.626071634225395135e-01
5.000000000000000000e+00 4.735049023505171206e-01 5.264950976494934265e-01
7.500000000000000000e+00 8.231345023996069488e-01 1.768654976004013779e-01
1.000000000000000000e+01 9.955793087509567929e-01 4.420691249046589805e-03
1.250000000000000000e+01 8.991182505021133586e-01 1.008817494978848928e-01
1.500000000000000000e+01 5.887700596380129880e-01 4.112299403619856797e-01
1.750000000000000000e+01 2.339474327430662304e-01 7.660525672569257205e-01
2.000000000000000000e+01 2.625951908778324448e-02 9.737404809122058857e-01
2.250000000000000000e+01 7.719529364638230695e-02 9.228047063536080064e-01
2.500000000000000000e+01 3.587031960527694574e-01 6.412968039472188853e-01
2.750000000000000000e+01 7.177509837470369414e-01 2.822490162529515123e-01
3.000000000000000000e+01 9.585464805142164257e-01 4.145351948576733031e-02
3.250000000000000000e+01 9.495706869404912931e-01 5.042931305948862575e-02
3.500000000000000000e+01 6.965462701538009949e-01 3.034537298461783550e-01
3.750000000000000000e+01 3.392824079744325427e-01 6.607175920255439205e-01
4.000000000000000000e+01 7.338794685360729153e-02 9.266120531463635235e-01
4.250000000000000000e+01 4.184492595648434815e-02 9.581550740434827684e-01
4.500000000000000000e+01 2.582461654958688735e-01 7.417538345040933789e-01
4.750000000000000000e+01 6.028954021842672928e-01 3.971045978156927947e-01
5.000000000000000000e+01 8.902285241354077616e-01 1.097714758645526173e-01
5.250000000000000000e+01 9.683101661159754237e-01 3.168983388398310952e-02
5.500000000000000000e+01 7.977167388294472694e-01 2.022832611705060457e-01
5.750000000000000000e+01 4.706916534260189855e-01 5.293083465739359950e-01
6.000000000000000000e+01 1.620882570091930486e-01 8.379117429907607661e-01
6.250000000000000000e+01 3.696678598208383293e-02 9.630332140178723410e-01
6.500000000000000000e+01 1.621774755338936114e-01 8.378225244660606474e-01
6.750000000000000000e+01 4.695211095003113400e-01 5.304788904996433629e-01
7.000000000000000000e+01 7.923212322451849143e-01 2.076787677547735911e-01
7.250000000000000000e+01 9.565444361422923425e-01 4.345556385766224938e-02
7.500000000000000000e+01 8.756339988447162659e-01 1.243660011552353284e-01
7.750000000000000000e+01 5.959340573108591332e-01 4.040659426890904626e-01
8.000000000000000000e+01 2.689841324348218876e-01 7.310158675651211579e-01
8.250000000000000000e+01 6.874751449492372268e-02 9.312524855050190453e-01
8.500000000000000000e+01 1.000305055921832526e-01 8.999694944077555325e-01
8.750000000000000000e+01 3.452678570213909004e-01 6.547321429785496472e-01
9.000000000000000000e+01 6.747641486308153524e-01 3.252358513691229192e-01
9.250000000000000000e+01 9.140202623171613805e-01 8.597973768277582252e-02
9.500000000000000000e+01 9.347023244085457261e-01 6.529767559138555111e-02
9.750000000000000000e+01 7.234960997369823676e-01 2.765039002629469111e-01
1.000000000000000000e+02 3.916904051259761932e-01 6.083095948739511982e-01
1.025000000000000000e+02 1.173137256772762843e-01 8.826862743226471242e-01
1.050000000000000000e+02 4.894395621426524123e-02 9.510560437856547811e-01
1.075000000000000000e+02 2.241500819815092083e-01 7.758499180184101895e-01
1.100000000000000000e+02 5.488095362243334829e-01 4.511904637755826952e-01
1.125000000000000000e+02 8.487163178509748995e-01 1.512836821489385863e-01
1.150000000000000000e+02 9.637474817151789885e-01 3.625251828473261689e-02
1.175000000000000000e+02 8.327030331344369429e-01 1.672969668654703812e-01
1.200000000000000000e+02 5.247537142132112642e-01 4.752462857866953660e-01
1.225000000000000000e+02 2.029904319783744637e-01 7.970095680215339984e-01
1.250000000000000000e+02 3.942024497653294490e-02 9.605797550233710069e-01
1.275000000000000000e+02 1.240740300347412117e-01 8.759259699651597009e-01
1.300000000000000000e+02 4.148829405883325272e-01 5.851170594115701062e-01
1.325000000000000000e+02 7.567552831922662593e-01 2.432447168076339039e-01
1.350000000000000000e+02 9.633929507476216569e-01 3.660704925227577233e-02
1.375000000000000000e+02 9.196480573329779418e-01 8.035194266691643439e-02
1.400000000000000000e+02 6.470129675251282686e-01 3.529870324747684807e-01
1.425000000000000000e+02 2.933601050157911283e-01 7.066398949841050658e-01
1.450000000000000000e+02 5.166398344787481722e-02 9.483360165520252627e-01
1.475000000000000000e+02 5.388143465626567263e-02 9.461185653436331444e-01
1.500000000000000000e+02 2.994285396999353810e-01 7.005714602999576490e-01
1.525000000000000000e+02 6.563112534035641099e-01 3.436887465963217592e-01
1.550000000000000000e+02 9.323052491875842840e-01 6.769475081229889279e-02
1.575000000000000000e+02 9.775192326486624728e-01 2.248076735121718600e-02
1.600000000000000000e+02 7.650297617155517038e-01 2.349702382843239790e-01
1.625000000000000000e+02 4.073701672988366274e-01 5.926298327010375289e-01
1.650000000000000000e+02 9.821803857387918779e-02 9.017819614259865446e-01
1.675000000000000000e+02 7.752458743922145505e-03 9.922475412559405017e-01
1.700000000000000000e+02 1.876816908887893320e-01 8.123183091110705023e-01
1.725000000000000000e+02 5.402968017330413986e-01 4.597031982668071670e-01
1.750000000000000000e+02 8.716269408105594696e-01 1.283730591892846551e-01
1.775000000000000000e+02 9.996285678524311491e-01 3.714321474149042215e-04
1.800000000000000000e+02 8.552743106785842819e-01 1.447256893212587048e-01
1.825000000000000000e+02 5.192654377970723489e-01 4.807345622027703325e-01
1.850000000000000000e+02 1.756923582506633164e-01 8.243076417491792540e-01
1.875000000000000000e+02 1.085142521377706337e-02 9.891485747860642164e-01
1.900000000000000000e+02 1.132237455528971176e-01 8.867762544469364183e-01
1.925000000000000000e+02 4.269583630301261312e-01 5.730416369697072243e-01
1.950000000000000000e+02 7.820095547331015196e-01 2.179904452667312253e-01
1.975000000000000000e+02 9.851865237456260971e-01 1.481347625420659231e-02
2.000000000000000000e+02 9.249431503508362962e-01 7.505684964899618505e-02
2.025000000000000000e+02 6.335233932728576711e-01 3.664766067269747962e-01
2.050000000000000000e+02 2.705823594501822194e-01 7.294176405496471949e-01
2.075000000000000000e+02 3.521662372133251007e-02 9.647833762784993050e-01
2.100000000000000000e+02 5.526166062944832397e-02 9.447383393703810972e-01
2.125000000000000000e+02 3.171818532112040678e-01 6.828181467886257350e-01
2.150000000000000000e+02 6.759354103414403347e-01 3.240645896583834173e-01
2.175000000000000000e+02 9.368785827998356019e-01 6.312141719998612399e-02
2.200000000000000000e+02 9.617023620800442263e-01 3.829763791977706944e-02
2.225000000000000000e+02 7.405312923634242983e-01 2.594687076363943468e-01
2.250000000000000000e+02 3.942097210473098912e-01 6.057902789525078102e-01
2.275000000000000000e+02 1.085825419929094260e-01 8.914174580069090803e-01
2.300000000000000000e+02 3.602368440583535864e-02 9.639763155939827799e-01
2.325000000000000000e+02 2.146770638086135663e-01 7.853229361912017481e-01
2.350000000000000000e+02 5.475627734419796777e-01 4.524372265578329166e-01
2.375000000000000000e+02 8.542006216204055535e-01 1.457993783794063192e-01
2.400000000000000000e+02 9.686277984133466745e-01 3.137220158646368551e-02
2.425000000000000000e+02 8.302711573300831649e-01 1.697288426697239339e-01
2.450000000000000000e+02 5.163943313283780867e-01 4.836056686714283459e-01
2.475000000000000000e+02 1.980322068938727142e-01 8.019677931059283615e-01
2.500000000000000000e+02 4.564785545753093782e-02 9.543521445422675775e-01
2.525000000000000000e+02 1.381430314806506854e-01 8.618569685191443952e-01
2.550000000000000000e+02 4.236543503007242917e-01 5.763456496990710942e-01
2.575000000000000000e+02 7.496864094108177667e-01 2.503135905889781188e-01
2.600000000000000000e+02 9.439421222468387107e-01 5.605787775295641151e-02
2.625000000000000000e+02 9.037979968579639145e-01 9.620200314183106893e-02
2.650000000000000000e+02 6.498569267519103132e-01 3.501430732478815200e-01
2.675000000000000000e+02 3.163309904412078821e-01 6.836690095585826743e-01
2.700000000000000000e+02 8.132053654976273416e-02 9.186794634500209389e-01
2.725000000000000000e+02 7.160910157784422525e-02 9.283908984219366722e-01
2.750000000000000000e+02 2.930891238638199114e-01 7.069108761359553794e-01
2.775000000000000000e+02 6.265658475042639175e-01 3.734341524955125946e-01
2.800000000000000000e+02 8.925629818542321070e-01 1.074370181455413520e-01
2.825000000000000000e+02 9.489248691731406726e-01 5.107513082663402149e-02
2.850000000000000000e+02 7.667041351500505364e-01 2.332958648497208409e-01
2.875000000000000000e+02 4.438916362310614816e-01 5.561083637687086467e-01
2.900000000000000000e+02 1.521666182981570858e-01 8.478333817016137086e-01
2.925000000000000000e+02 4.656145407446286161e-02 9.534385459253083006e-01
2.950000000000000000e+02 1.845277434245425896e-01 8.154722565752297037e-01
2.975000000000000000e+02 4.948709668488835978e-01 5.051290331508861975e-01
3.000000000000000000e+02 8.130384591597037414e-01 1.869615408400616685e-01
3.025000000000000000e+02 9.669379723923422487e-01 3.306202760741841495e-02
3.050000000000000000e+02 8.701711481547087512e-01 1.298288518450491924e-01
3.075000000000000000e+02 5.718440870371956919e-01 4.281559129625593929e-01
3.100000000000000000e+02 2.325428810859559159e-01 7.674571189137983085e-01
3.125000000000000000e+02 3.716902344249627815e-02 9.628309765572606871e-01
3.150000000000000000e+02 9.298634411874788508e-02 9.070136558810006910e-01
3.175000000000000000e+02 3.706309122649580901e-01 6.293690877347817292e-01
3.200000000000000000e+02 7.206016894259659189e-01 2.793983105737697925e-01
3.225000000000000000e+02 9.545432546715048039e-01 4.545674532822838176e-02
3.250000000000000000e+02 9.461002550784136655e-01 5.389974492131498901e-02
3.275000000000000000e+02 6.981440645396571609e-01 3.018559354600697797e-01
3.300000000000000000e+02 3.421558415564071032e-01 6.578441584433207812e-01
3.325000000000000000e+02 6.973041455425271762e-02 9.302695854454715585e-01
3.350000000000000000e+02 3.031857535452235977e-02 9.696814246452019059e-01
3.375000000000000000e+02 2.485360200536230468e-01 7.514639799461024783e-01
3.400000000000000000e+02 6.074109713051373260e-01 3.925890286945828977e-01
3.425000000000000000e+02 9.103641424076434063e-01 8.963585759207444437e-02
3.450000000000000000e+02 9.899077593816915099e-01 1.009224061802596259e-02
3.475000000000000000e+02 8.016600550335555297e-01 1.983399449661620295e-01
3.500000000000000000e+02 4.492172767763794594e-01 5.507827232233361014e-01
3.525000000000000000e+02 1.259620081597880026e-01 8.740379918399291403e-01
3.550000000000000000e+02 8.063156041771593271e-03 9.919368439579457908e-01
3.575000000000000000e+02 1.589965225764457535e-01 8.410034774232643118e-01
3.600000000000000000e+02 4.966110902745719535e-01 5.033889097251406097e-01
3.625000000000000000e+02 8.381810130004198056e-01 1.618189869992880392e-01
3.650000000000000000e+02 9.983922450114118829e-01 1.607754988294748857e-03
3.675000000000000000e+02 8.890814745065653835e-01 1.109185254931393388e-01
3.700000000000000000e+02 5.682076044165627060e-01 4.317923955831424743e-01
3.725000000000000000e+02 2.102341045380997642e-01 7.897658954616063598e-01
3.750000000000000000e+02 1.140825483130418483e-02 9.885917451683993162e-01
3.775000000000000000e+02 8.090740568635026997e-02 9.190925943133576581e-01
3.800000000000000000e+02 3.796101610853688246e-01 6.203898389143376324e-01
3.825000000000000000e+02 7.424011924454169131e-01 2.575988075542874345e-01
3.850000000000000000e+02 9.710125249924247415e-01 2.898747500727963736e-02
3.875000000000000000e+02 9.433793233422508306e-01 5.662067665744992262e-02
3.900000000000000000e+02 6.781329110482655631e-01 3.218670889514303468e-01
3.925000000000000000e+02 3.211489157762310587e-01 6.788510842234642961e-01
3.950000000000000000e+02 6.500661394168577578e-02 9.349933860580036393e-01
3.975000000000000000e+02 4.619059009486295442e-02 9.538094099048294305e-01
4.000000000000000000e+02 2.734608068072100773e-01 7.265391931924838342e-01
4.025000000000000000e+02 6.235908554169983242e-01 3.764091445826950877e-01
4.050000000000000000e+02 9.070199478568207185e-01 9.298005214287112519e-02
4.075000000000000000e+02 9.700443722587647200e-01 2.995562774092425801e-02
4.100000000000000000e+02 7.789698017172090871e-01 2.210301982824752765e-01
4.125000000000000000e+02 4.389436648698041843e-01 5.610563351298735180e-01
4.150000000000000000e+02 1.356527875284631590e-01 8.643472124712161531e-01
4.175000000000000000e+02 3.259827811716564661e-02 9.674017218825147202e-01
4.200000000000000000e+02 1.824759358340632409e-01 8.175240641656030816e-01
4.225000000000000000e+02 5.014890809856356046e-01 4.985109190140319946e-01
4.250000000000000000e+02 8.176830058737833973e-01 1.823169941258826199e-01
4.275000000000000000e+02 9.637765742082601284e-01 3.622342579140224589e-02
4.300000000000000000e+02 8.642966328205627935e-01 1.357033671790972562e-01
4.325000000000000000e+02 5.733304621975889859e-01 4.266695378020657348e-01
4.350000000000000000e+02 2.455094997229201603e-01 7.544905002767304802e-01
4.375000000000000000e+02 5.521394581737053969e-02 9.447860541822763469e-01
4.400000000000000000e+02 1.043880134991787278e-01 8.956119865004698033e-01
4.425000000000000000e+02 3.670232033587050302e-01 6.329767966409418634e-01
4.450000000000000000e+02 7.017864618255165166e-01 2.982135381741253255e-01
4.475000000000000000e+02 9.281492271956305329e-01 7.185077280401135080e-02
4.500000000000000000e+02 9.247635677663005316e-01 7.523643223333939534e-02
4.525000000000000000e+02 6.949774093731125868e-01 3.050225906265234821e-01
4.550000000000000000e+02 3.633916345496586708e-01 6.366083654499752331e-01
4.575000000000000000e+02 1.073034232748273920e-01 8.926965767248041805e-01
4.600000000000000000e+02 6.224912348196281336e-02 9.377508765176759686e-01
4.625000000000000000e+02 2.517762104825160274e-01 7.482237895171222064e-01
4.650000000000000000e+02 5.760469276018767015e-01 4.239530723977640858e-01
4.675000000000000000e+02 8.636188045272945590e-01 1.363811954723401776e-01
4.700000000000000000e+02 9.604634292400489048e-01 3.953657075958388195e-02
4.725000000000000000e+02 8.119094579897474517e-01 1.880905420098825387e-01
4.750000000000000000e+02 4.945068214093543690e-01 5.054931785902740948e-01
4.775000000000000000e+02 1.779164548379305044e-01 8.220835451616989031e-01
4.800000000000000000e+02 3.408004559356464513e-02 9.659199544060614873e-01
4.825000000000000000e+02 1.425645822335673552e-01 8.574354177660570286e-01
4.850000000000000000e+02 4.458206288696834330e-01 5.541793711299365377e-01
4.875000000000000000e+02 7.803459316757489495e-01 2.196540683238694669e-01
4.900000000000000000e+02 9.659260416272896776e-01 3.407395837232667091e-02
4.925000000000000000e+02 9.027778670248510773e-01 9.722213297476257898e-02
4.950000000000000000e+02 6.242249187444004477e-01 3.757750812552177466e-01
4.975000000000000000e+02 2.785990403090469192e-01 7.214009596905701649e-01
5.000000000000000000e+02 5.111721731804860780e-02 9.488827826815702249e-01
5.025000000000000000e+02 6.588139604361999135e-02 9.341186039560047671e-01
5.050000000000000000e+02 3.181990456320858418e-01 6.818009543675388473e-01
5.075000000000000000e+02 6.739160828270106540e-01 3.260839171726086505e-01
5.100000000000000000e+02 9.394179944891570821e-01 6.058200551046141746e-02
5.125000000000000000e+02 9.673341085221240920e-01 3.266589147749230509e-02
5.150000000000000000e+02 7.397734992508988583e-01 2.602265007487138404e-01
5.175000000000000000e+02 3.802802912665365076e-01 6.197197087330714727e-01
5.200000000000000000e+02 8.592672248899210774e-02 9.140732775106145125e-01
5.225000000000000000e+02 1.800094239405571062e-02 9.819990576055430687e-01
5.250000000000000000e+02 2.135182343075416878e-01 7.864817656920521927e-01
5.275000000000000000e+02 5.661925849669080524e-01 4.338074150326832745e-01
5.300000000000000000e+02 8.851298772379569968e-01 1.148701227616316101e-01
5.325000000000000000e+02 9.977356039911645658e-01 2.264396008420983212e-03
5.350000000000000000e+02 8.421006147159653121e-01 1.578993852836226841e-01
5.375000000000000000e+02 5.009470866480083551e-01 4.990529133515793636e-01
5.400000000000000000e+02 1.587054731540608332e-01 8.412945268455237491e-01
5.425000000000000000e+02 2.524997540905423929e-03 9.974750024586789277e-01
5.450000000000000000e+02 1.191900438869968049e-01 8.808099561125811716e-01
5.475000000000000000e+02 4.453886063801342221e-01 5.546113936194462246e-01
5.500000000000000000e+02 8.015625146072576923e-01 1.984374853923241977e-01
5.525000000000000000e+02 9.919084029110226686e-01 8.091597088559490322e-03
5.550000000000000000e+02 9.134438707701105775e-01 8.655612922947371335e-02
5.575000000000000000e+02 6.117213115546780156e-01 3.882786884449053177e-01
5.600000000000000000e+02 2.531794114451533240e-01 7.468205885544308975e-01
5.625000000000000000e+02 3.242787262894188116e-02 9.675721273706373582e-01
5.650000000000000000e+02 6.723249779285916938e-02 9.327675022067155597e-01
5.675000000000000000e+02 3.370731135728375905e-01 6.629268864267355843e-01
5.700000000000000000e+02 6.955758317381670608e-01 3.044241682614062805e-01
5.725000000000000000e+02 9.489781890709442225e-01 5.102181092862691225e-02
5.750000000000000000e+02 9.599427350822248295e-01 4.005726491734666606e-02
5.775000000000000000e+02 7.223183371435548672e-01 2.776816628560148104e-01
5.800000000000000000e+02 3.655890750515875531e-01 6.344109249479781276e-01
5.825000000000000000e+02 8.445916605564762758e-02 9.155408339439203846e-01
5.850000000000000000e+02 3.143107581201773360e-02 9.685689241875516942e-01
5.875000000000000000e+02 2.329922319299732592e-01 7.670077680695890354e-01
5.900000000000000000e+02 5.769458827960567415e-01 4.230541172035013342e-01
5.925000000000000000e+02 8.764133337487594044e-01 1.235866662508011554e-01
5.950000000000000000e+02 9.722260000543015979e-01 2.777399994525486457e-02
5.975000000000000000e+02 8.166670837577908459e-01 1.833329162417648706e-01
6.000000000000000000e+02 4.956286702559878354e-01 5.043713297435692411e-01
6.025000000000000000e+02 1.809445851803572203e-01 8.190554148191950823e-01
6.050000000000000000e+02 3.963893550742414451e-02 9.603610644921275474e-01
6.075000000000000000e+02 1.464486522755459874e-01 8.535513477240108671e-01
6.100000000000000000e+02 4.439827273458347712e-01 5.560172726537121468e-01
6.125000000000000000e+02 7.722831661621738508e-01 2.277168338373739553e-01
6.150000000000000000e+02 9.542601010414868412e-01 4.573989895806091638e-02
6.175000000000000000e+02 8.919533548814222446e-01 1.080466451181198301e-01
6.200000000000000000e+02 6.201210552801770248e-01 3.798789447193636759e-01
6.225000000000000000e+02 2.865398301054109531e-01 7.134601698941268610e-01
6.250000000000000000e+02 7.051437621788385346e-02 9.294856237816575550e-01
6.275000000000000000e+02 8.614650447743697759e-02 9.138534955220989353e-01
6.300000000000000000e+02 3.232481382317403118e-01 6.767518617677888981e-01
6.325000000000000000e+02 6.551639043387494921e-01 3.448360956607817718e-01
6.350000000000000000e+02 9.063828140274781120e-01 9.361718597205062609e-02
6.375000000000000000e+02 9.438907098826163633e-01 5.610929011691277030e-02
6.400000000000000000e+02 7.464596564384217148e-01 2.535403435611051637e-01
6.425000000000000000e+02 4.171464180913361242e-01 5.828535819081894775e-01
6.450000000000000000e+02 1.310028009841469054e-01 8.689971990153795289e-01
6.475000000000000000e+02 4.257202573987453609e-02 9.574279742596467635e-01
6.500000000000000000e+02 2.014061136449146472e-01 7.985938863546075961e-01
6.525000000000000000e+02 5.231030812374445338e-01 4.768969187620720751e-01
6.550000000000000000e+02 8.341728353334763035e-01 1.658271646660351428e-01
6.575000000000000000e+02 9.666744702030795056e-01 3.332552979643285673e-02
6.600000000000000000e+02 8.494837475344005906e-01 1.505162524651112443e-01
6.625000000000000000e+02 5.458064003156264388e-01 4.541935996838848966e-01
6.650000000000000000e+02 2.181841685208285586e-01 7.818158314786742835e-01
6.675000000000000000e+02 4.179716893219866114e-02 9.582028310672977556e-01
6.700000000000000000e+02 1.121232798811999942e-01 8.878767201182908853e-01
6.725000000000000000e+02 3.939689688053479300e-01 6.060310311941470296e-01
6.750000000000000000e+02 7.380868926075161429e-01 2.619131073919742092e-01
6.775000000000000000e+02 9.586243818025029784e-01 4.137561819698583332e-02
6.800000000000000000e+02 9.330835344788044328e-01 6.691646552068221399e-02
6.825000000000000000e+02 6.714968212388837676e-01 3.285031787606015330e-01
6.850000000000000000e+02 3.142965322563429087e-01 6.857034677431416148e-01
6.875000000000000000e+02 5.667527410360564261e-02 9.433247258958787906e-01
6.900000000000000000e+02 4.054257138156410617e-02 9.594574286179102796e-01
6.925000000000000000e+02 2.755865990762688122e-01 7.244134009231961713e-01
6.950000000000000000e+02 6.342230414720064768e-01 3.657769585274530111e-01
6.975000000000000000e+02 9.220768669273490259e-01 7.792313307210360640e-02
7.000000000000000000e+02 9.835277124861809828e-01 1.647228751327161136e-02
7.025000000000000000e+02 7.849233090490282949e-01 2.150766909504214786e-01
7.050000000000000000e+02 4.324202960136691587e-01 5.675797039857753967e-01
7.075000000000000000e+02 1.159423118927117302e-01 8.840576881067325754e-01
7.100000000000000000e+02 7.934206810911718921e-03 9.920657931885261682e-01
7.125000000000000000e+02 1.693322740176469443e-01 8.306677259817830672e-01
7.150000000000000000e+02 5.138584204793056331e-01 4.861415795201191603e-01
7.175000000000000000e+02 8.529877754190080541e-01 1.470122245804169614e-01
7.200000000000000000e+02 9.995936836203882514e-01 4.063163790407619842e-04
7.225000000000000000e+02 8.727012322957813373e-01 1.272987677036439835e-01
7.250000000000000000e+02 5.428648135443192579e-01 4.571351864551045363e-01
7.275000000000000000e+02 1.919939857374600434e-01 8.080060142619642782e-01
7.300000000000000000e+02 1.170956937070736538e-02 9.882904306287138008e-01
7.325000000000000000e+02 9.864467831099833772e-02 9.013553216884251373e-01
7.350000000000000000e+02 4.039422454946704488e-01 5.960577545047469616e-01
7.375000000000000000e+02 7.617150689688836351e-01 2.382849310305345525e-01
7.400000000000000000e+02 9.787835504692737887e-01 2.121644953014279605e-02
7.425000000000000000e+02 9.378765767539211096e-01 6.212342324549452455e-02
7.450000000000000000e+02 6.607520231856007786e-01 3.392479768138157437e-01
7.475000000000000000e+02 2.975230126688229726e-01 7.024769873305894974e-01
7.500000000000000000e+02 4.601055705626546505e-02 9.539894429431471368e-01
7.525000000000000000e+02 4.332336705222165907e-02 9.566766329471911856e-01
7.550000000000000000e+02 2.897466036992235039e-01 7.102533963001876893e-01
7.575000000000000000e+02 6.488955391387369875e-01 3.511044608606719297e-01
7.600000000000000000e+02 9.244168008152582328e-01 7.558319918414345417e-02
7.625000000000000000e+02 9.686807212613537388e-01 3.131927873804675466e-02
7.650000000000000000e+02 7.617131743062317550e-01 2.382868256931682249e-01
7.675000000000000000e+02 4.184437176936723901e-01 5.815562823057287556e-01
7.700000000000000000e+02 1.240436498572884683e-01 8.759563501421091525e-01
7.725000000000000000e+02 3.479042605215077605e-02 9.652095739472412728e-01
7.750000000000000000e+02 1.966186302797428842e-01 8.033813697196471315e-01
7.775000000000000000e+02 5.219496586970924223e-01 4.780503413022978432e-01
7.800000000000000000e+02 8.360389993394591324e-01 1.639610006599280800e-01
7.825000000000000000e+02 9.697730341362436057e-01 3.022696586314181644e-02
7.850000000000000000e+02 8.509465901023238743e-01 1.490534098970598131e-01
7.875000000000000000e+02 5.442416700478023284e-01 4.557583299515803876e-01
7.900000000000000000e+02 2.162517631412228525e-01 7.837482368581641934e-01
7.925000000000000000e+02 4.399774690270040478e-02 9.560022530966794108e-01
7.950000000000000000e+02 1.184609988292365246e-01 8.815390011701429440e-01
7.975000000000000000e+02 3.970805293886050524e-01 6.029194706107728896e-01
8.000000000000000000e+02 7.295092320559546373e-01 2.704907679434187528e-01
8.025000000000000000e+02 9.394276793673798087e-01 6.057232063199286670e-02
8.050000000000000000e+02 9.170821549321317434e-01 8.291784506724013404e-02
8.075000000000000000e+02 6.751855994128465044e-01 3.248144005865203354e-01
8.100000000000000000e+02 3.415536304759760333e-01 6.584463695233899738e-01
8.125000000000000000e+02 9.291831584325052629e-02 9.070816841561160082e-01
8.150000000000000000e+02 6.248547524486511295e-02 9.375145247545006999e-01
8.175000000000000000e+02 2.681300754174134604e-01 7.318699245819441090e-01
8.200000000000000000e+02 6.005481880748265722e-01 3.994518119245340504e-01
8.225000000000000000e+02 8.806952975384836346e-01 1.193047024608739487e-01
8.250000000000000000e+02 9.569733554047382684e-01 4.302664459461736507e-02
8.275000000000000000e+02 7.882329057588924881e-01 2.117670942404632495e-01
8.300000000000000000e+02 4.658003830789690936e-01 5.341996169203827582e-01
8.325000000000000000e+02 1.630243928622630845e-01 8.369756071370866302e-01
8.350000000000000000e+02 4.175527295192740102e-02 9.582447270474170331e-01
8.375000000000000000e+02 1.668810946727882216e-01 8.331189053265590783e-01
8.400000000000000000e+02 4.728116447475170236e-01 5.271883552518286109e-01
8.425000000000000000e+02 7.976568840180064957e-01 2.023431159813380842e-01
8.450000000000000000e+02 9.674296662774913846e-01 3.257033372184951758e-02
8.475000000000000000e+02 8.882142015681564473e-01 1.117857984311789177e-01
8.500000000000000000e+02 5.987229567605929503e-01 4.012770432387431363e-01
8.525000000000000000e+02 2.530611949930025584e-01 7.469388050063354711e-01
8.550000000000000000e+02 3.914290609445357505e-02 9.608570939048850512e-01
8.575000000000000000e+02 7.538515033712495095e-02 9.246148496622110802e-01
8.600000000000000000e+02 3.438802989139647659e-01 6.561197010853683231e-01
8.625000000000000000e+02 6.992228912810901642e-01 3.007771087182378178e-01
8.650000000000000000e+02 9.484567126302113627e-01 5.154328736911881204e-02
8.675000000000000000e+02 9.566114090122520563e-01 4.338859098707682771e-02
8.700000000000000000e+02 7.192407203318388342e-01 2.807592796674861502e-01
8.725000000000000000e+02 3.639386800294799329e-01 6.360613199698423870e-01
8.750000000000000000e+02 8.193047321364521629e-02 9.180695267856739950e-01
8.775000000000000000e+02 2.630216717432461160e-02 9.736978328249927817e-01
8.800000000000000000e+02 2.294854635622314287e-01 7.705145364370896699e-01
8.825000000000000000e+02 5.835509457235605879e-01 4.164490542757651181e-01
8.850000000000000000e+02 8.960738070706841807e-01 1.039261929286382363e-01
8.875000000000000000e+02 9.944485087424717040e-01 5.551491256849509087e-03
8.900000000000000000e+02 8.224440019938162871e-01 1.775559980055011478e-01
8.925000000000000000e+02 4.734445749943544390e-01 5.265554250049636620e-01
8.950000000000000000e+02 1.393574370367846038e-01 8.606425629625350515e-01
8.975000000000000000e+02 3.630776608494546906e-03 9.963692233908276741e-01
9.000000000000000000e+02 1.397823916593452231e-01 8.602176083399670770e-01
9.025000000000000000e+02 4.724292848661492683e-01 5.275707151331590072e-01
9.050000000000000000e+02 8.203964781615189494e-01 1.796035218377880494e-01
9.075000000000000000e+02 9.956713286012437436e-01 4.328671398061257648e-03
9.100000000000000000e+02 9.040271543109996699e-01 9.597284568830291573e-02
9.125000000000000000e+02 5.949491064510256111e-01 4.050508935482808326e-01
9.150000000000000000e+02 2.354448663742159109e-01 7.645551336250884233e-01
9.175000000000000000e+02 2.078859957987884075e-02 9.792114004194159005e-01
9.200000000000000000e+02 6.839587950747975931e-02 9.316041204918106278e-01
9.225000000000000000e+02 3.523394086471754449e-01 6.476605913521128466e-01
9.250000000000000000e+02 7.164927628516101210e-01 2.835072371476738962e-01
9.275000000000000000e+02 9.609647152753617583e-01 3.903528472392306381e-02
9.300000000000000000e+02 9.533035858987056743e-01 4.669641410057678854e-02
9.325000000000000000e+02 7.007844908342434342e-01 2.992155091650350873e-01
9.350000000000000000e+02 3.436937983727565982e-01 6.563062016265212018e-01
9.375000000000000000e+02 7.611168109035192086e-02 9.238883189089229786e-01
9.400000000000000000e+02 4.051049500105903534e-02 9.594895049982159474e-01
9.425000000000000000e+02 2.533586299970670419e-01 7.466413700022047628e-01
9.450000000000000000e+02 5.988169992372878170e-01 4.011830007619801020e-01
9.475000000000000000e+02 8.912988656875860949e-01 1.087011343116819073e-01
9.500000000000000000e+02 9.738969424389654073e-01 2.610305756030124880e-02
9.525000000000000000e+02 8.021725940373337638e-01 1.978274059619311576e-01
9.550000000000000000e+02 4.689015668527665159e-01 5.310984331464976282e-01
9.575000000000000000e+02 1.546674878359490801e-01 8.453325121633175065e-01
9.600000000000000000e+02 2.945728026506692562e-02 9.705427197341965906e-01
9.625000000000000000e+02 1.594955524576888439e-01 8.405044475415693883e-01
9.650000000000000000e+02 4.720179664535936181e-01 5.279820335456602010e-01
9.675000000000000000e+02 7.971686624004434840e-01 2.028313375988059497e-01
9.700000000000000000e+02 9.615250776837198643e-01 3.847492231552845227e-02
9.725000000000000000e+02 8.802796122167897419e-01 1.197203877824576101e-01
9.750000000000000000e+02 5.994752232291152838e-01 4.005247767701274886e-01
9.775000000000000000e+02 2.691888462519069214e-01 7.308111537473329644e-01
9.800000000000000000e+02 6.421762591021866473e-02 9.357823740890168773e-01
9.825000000000000000e+02 9.313352045824313530e-02 9.068664795409898671e-01
9.850000000000000000e+02 3.411093089452739147e-01 6.588906910539581441e-01
9.875000000000000000e+02 6.762827757692871922e-01 3.237172242299443115e-01
9.900000000000000000e+02 9.186647612255141038e-01 8.133523877371801047e-02
9.925000000000000000e+02 9.369827207668990354e-01 6.301727923233230166e-02
9.950000000000000000e+02 7.208471015930710823e-01 2.791528984061562024e-01
9.975000000000000000e+02 3.870066403037302760e-01 6.129933596954959540e-01
1.000000000000000000e+03 1.154365453730779312e-01 8.845634546261427200e-01
1.002500000000000000e+03 5.147001704201642491e-02 9.485299829572013675e-01
1.005000000000000000e+03 2.285160191508657790e-01 7.714839808483566763e-01
1.007500000000000000e+03 5.519892433968940360e-01 4.480107566023254217e-01
1.010000000000000000e+03 8.503727277258268380e-01 1.496272722733915095e-01
1.012500000000000000e+03 9.651315173300440975e-01 3.486848266917560307e-02
1.015000000000000000e+03 8.335709247775258124e-01 1.664290752216929237e-01
1.017500000000000000e+03 5.230554313779600673e-01 4.769445686212577806e-01
1.020000000000000000e+03 1.979947418585241981e-01 8.020052581406945658e-01
1.022500000000000000e+03 3.389402591217828553e-02 9.661059740870370227e-01
1.025000000000000000e+03 1.219937332194741819e-01 8.780062667797450260e-01
1.027500000000000000e+03 4.170377476832936581e-01 5.829622523159221359e-01
1.030000000000000000e+03 7.597975146842116390e-01 2.402024853150066253e-01
1.032500000000000000e+03 9.638518349811375785e-01 3.614816501807939508e-02
1.035000000000000000e+03 9.181011871812494451e-01 8.189881281796684842e-02
1.037500000000000000e+03 6.472277568211406429e-01 3.527722431780740964e-01
1.040000000000000000e+03 2.974108147224762133e-01 7.025891852767338630e-01
1.042500000000000000e+03 5.705043940682701792e-02 9.429495605923854384e-01
1.045000000000000000e+03 5.619538013452488046e-02 9.438046198646899976e-01
1.047500000000000000e+03 2.972328461649216269e-01 7.027671538342915580e-01
1.050000000000000000e+03 6.523289082037853071e-01 3.476710917954265456e-01
1.052500000000000000e+03 9.298293260320453779e-01 7.017067396716325511e-02
1.055000000000000000e+03 9.768159933761466629e-01 2.318400662305654392e-02
1.057500000000000000e+03 7.640724148226382129e-01 2.359275851765654797e-01
1.060000000000000000e+03 4.053834642826163459e-01 5.946165357165870136e-01
1.062500000000000000e+03 9.697809801848898681e-02 9.030219019807086411e-01
1.065000000000000000e+03 8.911073570447243519e-03 9.910889264287462419e-01
1.067500000000000000e+03 1.900023226958026668e-01 8.099976773033835675e-01
1.070000000000000000e+03 5.409607438936486767e-01 4.590392561055333109e-01
1.072500000000000000e+03 8.701955471431580547e-01 1.298044528560257926e-01
1.075000000000000000e+03 9.993004994012211206e-01 6.995005979567039348e-04
1.077500000000000000e+03 8.591985565112183476e-01 1.408014434879592824e-01
1.080000000000000000e+03 5.260867754798709273e-01 4.739132245193041215e-01
1.082500000000000000e+03 1.800067232784753057e-01 8.199932767206981055e-01
1.085000000000000000e+03 8.548530918199577500e-03 9.914514690809753672e-01
1.087500000000000000e+03 1.057204885864280047e-01 8.942795114127480849e-01
1.090000000000000000e+03 4.195881764993393270e-01 5.804118234998381087e-01
1.092500000000000000e+03 7.787195353048244062e-01 2.212804646943467568e-01
1.095000000000000000e+03 9.856758091631334651e-01 1.432419083603626853e-02
1.097500000000000000e+03 9.268064883699581591e-01 7.319351162921129694e-02
1.100000000000000000e+03 6.357207223828716947e-01 3.642792776162955271e-01
1.102500000000000000e+03 2.736237572404596752e-01 7.263762427587032722e-01
1.105000000000000000e+03 3.857981909673788984e-02 9.614201809024175427e-01
1.107500000000000000e+03 5.654091407259964619e-02 9.434590859265634677e-01
1.110000000000000000e+03 3.148930450069258313e-01 6.851069549922411683e-01
1.112500000000000000e+03 6.723660234287230919e-01 3.276339765704429086e-01
1.115000000000000000e+03 9.365370669498518374e-01 6.346293304931215074e-02
1.117500000000000000e+03 9.662995533118600155e-01 3.370044668730354936e-02
1.120000000000000000e+03 7.463203900030870308e-01 2.536796099960730855e-01
1.122500000000000000e+03 3.953429307540547999e-01 6.046570692451012086e-01
1.125000000000000000e+03 1.030788206614663832e-01 8.969211793376868913e-01
1.127500000000000000e+03 2.770338251331307816e-02 9.722966174858341803e-01
1.130000000000000000e+03 2.091264126213193131e-01 7.908735873778279801e-01
1.132500000000000000e+03 5.470183898377505294e-01 4.529816101613864943e-01
1.135000000000000000e+03 8.569029945288900718e-01 1.430970054702488392e-01
1.137500000000000000e+03 9.722679871445051303e-01 2.773201285463416932e-02
1.140000000000000000e+03 8.344230685980241757e-01 1.655769314011088511e-01
1.142500000000000000e+03 5.211050642148401524e-01 4.788949357842941512e-01
1.145000000000000000e+03 2.014662690696901737e-01 7.985337309294441299e-01
1.147500000000000000e+03 4.499166770108430774e-02 9.550083322980406075e-01
1.150000000000000000e+03 1.332116318969767121e-01 8.667883681021503195e-01
1.152500000000000000e+03 4.183311983671061940e-01 5.816688016320202825e-01
1.155000000000000000e+03 7.484733200942279563e-01 2.515266799049007407e-01
1.157500000000000000e+03 9.471158777384756089e-01 5.288412226065118682e-02
1.160000000000000000e+03 9.069963123868657329e-01 9.300368761226041059e-02
1.162500000000000000e+03 6.489017169437765187e-01 3.510982830553475154e-01
1.165000000000000000e+03 3.117540242813304219e-01 6.882459757177895598e-01
1.167500000000000000e+03 7.742446282223214293e-02 9.225755371768887825e-01
1.170000000000000000e+03 7.152412072512906449e-02 9.284758792739886690e-01
1.172500000000000000e+03 2.958752477936061887e-01 7.041247522055090746e-01
1.175000000000000000e+03 6.293986675544633869e-01 3.706013324446528201e-01
1.177500000000000000e+03 8.945296646815973363e-01 1.054703353175210634e-01
1.180000000000000000e+03 9.513581751444823986e-01 4.864182485463695860e-02
1.182500000000000000e+03 7.700368759158321419e-01 2.299631240832880341e-01
1.185000000000000000e+03 4.457890208440054014e-01 5.542109791551146358e-01
1.187500000000000000e+03 1.499205716184690007e-01 8.500794283806538676e-01
1.190000000000000000e+03 4.084568606192845452e-02 9.591543139371926374e-01
1.192500000000000000e+03 1.794252003593386768e-01 8.205747996397827482e-01
1.195000000000000000e+03 4.936521153139461493e-01 5.063478846851722226e-01
1.197500000000000000e+03 8.147412855899394124e-01 1.852587144091722426e-01
1.200000000000000000e+03 9.680331446159722297e-01 3.196685538313646935e-02
1.202500000000000000e+03 8.692072216126315309e-01 1.307927783864723525e-01
1.205000000000000000e+03 5.711810298465835878e-01 4.288189701525215169e-01
1.207500000000000000e+03 2.350280817419101442e-01 7.649719182571942389e-01
1.210000000000000000e+03 4.207488842152848352e-02 9.579251115775687664e-01
1.212500000000000000e+03 9.647052598632893661e-02 9.035294740127712831e-01
1.215000000000000000e+03 3.701852717020471251e-01 6.298147282970558702e-01
1.217500000000000000e+03 7.178721904414270272e-01 2.821278095576770784e-01
1.220000000000000000e+03 9.530489289625242444e-01 4.695107103657979869e-02
1.222500000000000000e+03 9.468676969701770307e-01 5.313230302892512497e-02
1.225000000000000000e+03 6.987706439787340074e-01 3.012293560203669340e-01
1.227500000000000000e+03 3.402724236883865050e-01 6.597275763107139923e-01
1.230000000000000000e+03 6.620471594817060879e-02 9.337952840509291530e-01
1.232500000000000000e+03 2.806761518757241308e-02 9.719323848115271058e-01
1.235000000000000000e+03 2.487110200526147230e-01 7.512889799464794738e-01
1.237500000000000000e+03 6.081835850347002692e-01 3.918164149643950656e-01
1.240000000000000000e+03 9.099552106342858604e-01 9.004478936480819762e-02
1.242500000000000000e+03 9.896500917437871525e-01 1.034990825530203440e-02
1.245000000000000000e+03 8.046396205153824033e-01 1.953603794837066587e-01
1.247500000000000000e+03 4.558326072949473451e-01 5.441673927041453807e-01
1.250000000000000000e+03 1.321152043002249421e-01 8.678847956988684498e-01
1.252500000000000000e+03 8.809776423023161704e-03 9.911902235760765567e-01
1.255000000000000000e+03 1.537020632044842350e-01 8.462979367946160680e-01
1.257500000000000000e+03 4.895903325151751417e-01 5.104096674839277981e-01
1.260000000000000000e+03 8.341485728736268701e-01 1.658514271254732386e-01
1.262500000000000000e+03 9.981289599622615860e-01 1.871040036838122859e-03
1.265000000000000000e+03 8.900485619844775709e-01 1.099514380146191794e-01
1.267500000000000000e+03 5.685293051976592071e-01 4.314706948014334076e-01
1.270000000000000000e+03 2.106433338059970073e-01 7.893566661930924155e-01
1.272500000000000000e+03 1.306963116921275661e-02 9.869303688298782795e-01
1.275000000000000000e+03 8.278331446748268818e-02 9.172166855316048473e-01
1.277500000000000000e+03 3.794880068949850749e-01 6.205119931041029879e-01
1.280000000000000000e+03 7.403703191951390705e-01 2.596296808039499360e-01
1.282500000000000000e+03 9.703882566516444097e-01 2.961174334744322983e-02
1.285000000000000000e+03 9.470646448890731595e-01 5.293535511001790789e-02
1.287500000000000000e+03 6.845029030485310084e-01 3.154970969505598855e-01
1.290000000000000000e+03 3.248165285190055540e-01 6.751834714800860615e-01
1.292500000000000000e+03 6.217682539353518167e-02 9.378231746055638585e-01
1.295000000000000000e+03 3.860495077900779476e-02 9.613950492200934450e-01
1.297500000000000000e+03 2.664675547066849837e-01 7.335324452924242289e-01
1.300000000000000000e+03 6.208054126020601249e-01 3.791945873970452574e-01
1.302500000000000000e+03 9.077649883873201153e-01 9.223501161178297714e-02
1.305000000000000000e+03 9.718562084057543737e-01 2.814379159334577662e-02
1.307500000000000000e+03 7.811467243250010961e-01 2.188532756740952101e-01
1.310000000000000000e+03 4.424467275023427626e-01 5.575532724967503517e-01
1.312500000000000000e+03 1.401082048505735977e-01 8.598917951485191002e-01
1.315000000000000000e+03 3.520922569301910415e-02 9.647907743060675223e-01
1.317500000000000000e+03 1.809479551862083202e-01 8.190520448128795206e-01
1.320000000000000000e+03 4.973328993112459129e-01 5.026671006878419279e-01
1.322500000000000000e+03 8.152136349947600724e-01 1.847863650043237715e-01
1.325000000000000000e+03 9.653955030146773586e-01 3.460449698440366123e-02
1.327500000000000000e+03 8.676265247860986962e-01 1.323734752129831771e-01
1.330000000000000000e+03 5.738788861610383263e-01 4.261211138380438523e-01
1.332500000000000000e+03 2.418053348566049643e-01 7.581946651424753547e-01
1.335000000000000000e+03 5.030240111096707933e-02 9.496975988881132258e-01
1.337500000000000000e+03 1.021239860518312614e-01 8.978760139472465873e-01
1.340000000000000000e+03 3.679450543301470700e-01 6.320549456689236179e-01
1.342500000000000000e+03 7.035104517817187819e-01 2.964895482173480756e-01
1.345000000000000000e+03 9.292034071897066205e-01 7.079659280936070886e-02
1.347500000000000000e+03 9.264784823318215068e-01 7.352151766724390747e-02
1.350000000000000000e+03 6.989630826272519304e-01 3.010369173718137059e-01
1.352500000000000000e+03 3.682093019439865444e-01 6.317906980550795915e-01
1.355000000000000000e+03 1.091308671163956773e-01 8.908691328826676692e-01
1.357500000000000000e+03 5.911310288740541374e-02 9.408868971116575164e-01
1.360000000000000000e+03 2.461010252928107489e-01 7.538989747062455615e-01
1.362500000000000000e+03 5.721467388691162670e-01 4.278532611299405986e-01
1.365000000000000000e+03 8.630797921697567210e-01 1.369202078292973690e-01
1.367500000000000000e+03 9.610644764655553729e-01 3.893552353349727380e-02
1.370000000000000000e+03 8.112054992645558738e-01 1.887945007344891124e-01
1.372500000000000000e+03 4.932474009793027525e-01 5.067525990197393471e-01
1.375000000000000000e+03 1.788560599110857741e-01 8.211439400879571027e-01
1.377500000000000000e+03 3.787190738967850800e-02 9.621280926093571662e-01
1.380000000000000000e+03 1.463008127841974870e-01 8.536991872148365079e-01
1.382500000000000000e+03 4.463537408440592658e-01 5.536462591549673462e-01
1.385000000000000000e+03 7.782146227305527519e-01 2.217853772684713343e-01
1.387500000000000000e+03 9.647689875293942174e-01 3.523101246962763444e-02
1.390000000000000000e+03 9.048247084688441078e-01 9.517529153017970089e-02
1.392500000000000000e+03 6.274577512720089789e-01 3.725422487270122485e-01
1.395000000000000000e+03 2.791043062216480020e-01 7.208956937773736140e-01
1.397500000000000000e+03 4.766717270163467468e-02 9.523328272973812236e-01
1.400000000000000000e+03 6.111920316773377521e-02 9.388807968312758989e-01
1.402500000000000000e+03 3.152534453331164443e-01 6.847465546658879632e-01
1.405000000000000000e+03 6.730454368946598986e-01 3.269545631043443978e-01
1.407500000000000000e+03 9.389123937843286694e-01 6.108760621467410057e-02
1.410000000000000000e+03 9.669979829224649714e-01 3.300201707653695193e-02
1.412500000000000000e+03 7.418323797201549219e-01 2.581676202788468766e-01
1.415000000000000000e+03 3.861215623780385187e-01 6.138784376209627247e-01
1.417500000000000000e+03 9.294570385279944669e-02 9.070542961461995901e-01
1.420000000000000000e+03 2.119940113032531617e-02 9.788005988686688807e-01
1.422500000000000000e+03 2.105910012693258948e-01 7.894089987296708522e-01
1.425000000000000000e+03 5.601287583137992687e-01 4.398712416852006979e-01
1.427500000000000000e+03 8.810728161477148213e-01 1.189271838512848956e-01
1.430000000000000000e+03 9.977146170395245761e-01 2.285382959472933261e-03
1.432500000000000000e+03 8.436880983906107634e-01 1.563119016083835966e-01
1.435000000000000000e+03 5.009436882009127290e-01 4.990563117980764130e-01
1.437500000000000000e+03 1.569291394218780833e-01 8.430708605771084496e-01
1.440000000000000000e+03 1.193625320550513675e-03 9.988063746784445751e-01
1.442500000000000000e+03 1.193894481629678983e-01 8.806105518360229922e-01
1.445000000000000000e+03 4.457430246384069816e-01 5.542569753605901539e-01
1.447500000000000000e+03 8.008405541917452686e-01 1.991594458072538654e-01
1.450000000000000000e+03 9.916636463881483010e-01 8.336353610848721771e-03
1.452500000000000000e+03 9.165536243657266269e-01 8.344637563327017560e-02
1.455000000000000000e+03 6.182124795470007594e-01 3.817875204519931565e-01
1.457500000000000000e+03 2.587953956328000737e-01 7.412046043661917327e-01
1.460000000000000000e+03 3.243295376647516159e-02 9.675670462325204335e-01
1.462500000000000000e+03 6.137859142405260870e-02 9.386214085749394753e-01
1.465000000000000000e+03 3.298852997511794172e-01 6.701147002478023973e-01
1.467500000000000000e+03 6.916193844592850581e-01 3.083806155397015303e-01
1.470000000000000000e+03 9.487008908384119144e-01 5.129910916057318915e-02
1.472500000000000000e+03 9.606677355531915152e-01 3.933226444578848124e-02
1.475000000000000000e+03 7.224388183426693200e-01 2.775611816563107737e-01
1.477500000000000000e+03 3.663397574145136337e-01 6.336602425844660713e-01
1.480000000000000000e+03 8.731226114077016154e-02 9.126877388582055328e-01
1.482500000000000000e+03 3.511200450292586983e-02 9.648879954960514205e-01
1.485000000000000000e+03 2.344872977000060643e-01 7.655127022989672847e-01
1.487500000000000000e+03 5.753470468667750692e-01 4.246529531321945883e-01
1.490000000000000000e+03 8.744366751754022449e-01 1.255633248235680788e-01
1.492500000000000000e+03 9.730575570231441151e-01 2.694244297582332887e-02
1.495000000000000000e+03 8.198770560593946488e-01 1.801229439395714005e-01
1.497500000000000000e+03 4.973930602930626277e-01 5.026069397058993138e-01
1.500000000000000000e+03 1.785197906704895088e-01 8.214802093284713225e-01
1.502500000000000000e+03 3.460657620880538271e-02 9.653934237901490301e-01
1.505000000000000000e+03 1.427672316876485992e-01 8.572327683112968000e-01
1.507500000000000000e+03 4.434277862041816065e-01 5.565722137947638481e-01
1.510000000000000000e+03 7.730219109956000256e-01 2.269780890033382403e-01
1.512500000000000000e+03 9.540938794044594440e-01 4.590612059447497784e-02
1.515000000000000000e+03 8.916857931451228625e-01 1.083142068538079927e-01
1.517500000000000000e+03 6.224761799039818522e-01 3.775238200949465606e-01
1.520000000000000000e+03 2.920265870755160420e-01 7.079734129234128703e-01
1.522500000000000000e+03 7.575908690248416011e-02 9.242409130964434061e-01
1.525000000000000000e+03 8.714281976505186544e-02 9.128571802338760754e-01
1.527500000000000000e+03 3.196917833523591490e-01 6.803082166465670433e-01
1.530000000000000000e+03 6.505839962799996323e-01 3.494160037189214529e-01
1.532500000000000000e+03 9.039944429930339975e-01 9.600555700588864205e-02
1.535000000000000000e+03 9.433812098998065609e-01 5.661879009911460758e-02
1.537500000000000000e+03 7.455259481087851414e-01 2.544740518901363879e-01
1.540000000000000000e+03 4.153341961113505842e-01 5.846658038875727215e-01
1.542500000000000000e+03 1.305219786250356173e-01 8.694780213738853014e-01
1.545000000000000000e+03 4.500950461407880049e-02 9.549904953848397104e-01
1.547500000000000000e+03 2.049082845586035484e-01 7.950917154403107645e-01
1.550000000000000000e+03 5.241562631682247231e-01 4.758437368306928095e-01
1.552500000000000000e+03 8.320310276034184049e-01 1.679689723954948533e-01
1.555000000000000000e+03 9.647137847707487612e-01 3.528621522816291489e-02
1.557500000000000000e+03 8.514001058004798672e-01 1.485998941984268962e-01
1.560000000000000000e+03 5.510786790392020462e-01 4.489213209596997212e-01
1.562500000000000000e+03 2.223101890993909868e-01 7.776898108995105030e-01
1.565000000000000000e+03 4.106143858712121841e-02 9.589385614117786893e-01
1.567500000000000000e+03 1.072549876113781386e-01 8.927450123875197985e-01
1.570000000000000000e+03 3.886551933713507934e-01 6.113448066275513071e-01
1.572500000000000000e+03 7.347305367360250639e-01 2.652694632628711524e-01
1.575000000000000000e+03 9.567860052028469564e-01 4.321399479604388916e-02
1.577500000000000000e+03 9.319780471707419522e-01 6.802195282814732513e-02
1.580000000000000000e+03 6.723621502691721208e-01 3.276378497297154913e-01
1.582500000000000000e+03 3.188737969413377726e-01 6.811262030575483406e-01
1.585000000000000000e+03 6.371667194172395132e-02 9.362833280571605243e-01
1.587500000000000000e+03 4.549411696560218266e-02 9.545058830332884270e-01
1.590000000000000000e+03 2.748337353926473270e-01 7.251662646062371209e-01
1.592500000000000000e+03 6.291700419964734170e-01 3.708299580024113085e-01
1.595000000000000000e+03 9.179281071811953296e-01 8.207189281768843825e-02
1.597500000000000000e+03 9.838365570351667033e-01 1.616344296371594394e-02
1.600000000000000000e+03 7.881097262672647208e-01 2.118902737316172014e-01
1.602500000000000000e+03 4.340954896748221437e-01 5.659045103240565311e-01
1.605000000000000000e+03 1.139531796782877610e-01 8.860468203205887905e-01
1.607500000000000000e+03 4.134557848851062867e-03 9.958654421500215959e-01
1.610000000000000000e+03 1.665880086865308418e-01 8.334119913123329004e-01
1.612500000000000000e+03 5.127261845227956139e-01 4.872738154760698492e-01
1.615000000000000000e+03 8.523021554615801687e-01 1.476978445372787163e-01
1.617500000000000000e+03 9.994983297290104263e-01 5.016702698491487360e-04
1.620000000000000000e+03 8.753064450480120273e-01 1.246935549508480512e-01
1.622500000000000000e+03 5.491286981093328468e-01 4.508713018895271762e-01
1.625000000000000000e+03 1.989539603763542941e-01 8.010460396224998725e-01
1.627500000000000000e+03 1.436958436494352107e-02 9.856304156339082967e-01
1.630000000000000000e+03 9.501837615898317546e-02 9.049816238398710189e-01
1.632500000000000000e+03 3.973389514446477033e-01 6.026610485542061024e-01
1.635000000000000000e+03 7.573117453935597210e-01 2.426882546052900325e-01
1.637500000000000000e+03 9.783778029109980734e-01 2.162219708785165923e-02
1.640000000000000000e+03 9.388676759002940742e-01 6.113232409855374333e-02
1.642500000000000000e+03 6.601349728336830536e-01 3.398650271651694199e-01
1.645000000000000000e+03 2.956455685615081430e-01 7.043544314373437754e-01
1.647500000000000000e+03 4.557318709391317696e-02 9.544268129049334748e-01
1.650000000000000000e+03 4.541125591628852876e-02 9.545887440825572279e-01
1.652500000000000000e+03 2.923302253936864714e-01 7.076697746051507920e-01
1.655000000000000000e+03 6.496680346171748166e-01 3.503319653816551749e-01
1.657500000000000000e+03 9.239888674955587522e-01 7.601113250327054538e-02
1.660000000000000000e+03 9.697209968059811169e-01 3.027900319284794126e-02
1.662500000000000000e+03 7.650479768740061637e-01 2.349520231248244106e-01
1.665000000000000000e+03 4.213191187969418383e-01 5.786808812018870984e-01
1.667500000000000000e+03 1.231309059875101558e-01 8.768690940113174070e-01
1.670000000000000000e+03 3.029495514961456568e-02 9.697050448492126051e-01
1.672500000000000000e+03 1.922082303893327682e-01 8.077917696094950584e-01
1.675000000000000000e+03 5.204818153720989216e-01 4.795181846267277392e-01
1.677500000000000000e+03 8.364660134744401621e-01 1.635339865243870539e-01
1.680000000000000000e+03 9.691161124810191430e-01 3.088388751780661926e-02
1.682500000000000000e+03 8.487025703928700038e-01 1.512974296059552970e-01
1.685000000000000000e+03 5.434323748674964039e-01 4.565676251313259826e-01
1.687500000000000000e+03 2.196469792267449206e-01 7.803530207720756895e-01
1.690000000000000000e+03 5.026544910783846409e-02 9.497345508909810219e-01
1.692500000000000000e+03 1.231450061404086305e-01 8.768549938584039305e-01
1.695000000000000000e+03 3.972681356031093070e-01 6.027318643957030320e-01
1.697500000000000000e+03 7.265488951678642504e-01 2.734511048309465342e-01
1.700000000000000000e+03 9.366537957877513199e-01 6.334620421105868759e-02
1.702500000000000000e+03 9.157620849063998758e-01 8.423791509240413644e-02
1.705000000000000000e+03 6.738634895830998284e-01 3.261365104157004646e-01
1.707500000000000000e+03 3.391896797559944554e-01 6.608103202428045053e-01
1.710000000000000000e+03 9.110962762585690655e-02 9.088903723729291340e-01
1.712500000000000000e+03 6.346421467982246711e-02 9.365357853189606452e-01
1.715000000000000000e+03 2.712080180217611991e-01 7.287919819770248830e-01
1.717500000000000000e+03 6.021433621659404434e-01 3.978566378328480257e-01
1.720000000000000000e+03 8.785545399881715678e-01 1.214454600106155968e-01
1.722500000000000000e+03 9.534515185899490319e-01 4.654848140884128987e-02
1.725000000000000000e+03 7.881671203980000762e-01 2.118328796007857839e-01
1.727500000000000000e+03 4.710737639729180026e-01 5.289262360258653040e-01
1.730000000000000000e+03 1.701363472728014969e-01 8.298636527259831697e-01
1.732500000000000000e+03 4.525636004325670619e-02 9.547436399555240261e-01
1.735000000000000000e+03 1.646565169651943161e-01 8.353434830335864092e-01
1.737500000000000000e+03 4.673255564948978202e-01 5.326744435038803793e-01
1.740000000000000000e+03 7.924527190677491673e-01 2.075472809310329736e-01
1.742500000000000000e+03 9.637523068873942167e-01 3.624769311138312244e-02
1.745000000000000000e+03 8.856484038558278815e-01 1.143515961429506650e-01
1.747500000000000000e+03 5.978978039404584388e-01 4.021021960583173183e-01
1.750000000000000000e+03 2.557946731678579222e-01 7.442053268309167802e-01
1.752500000000000000e+03 4.539163868568179411e-02 9.546083613130857959e-01
1.755000000000000000e+03 8.141128309284359488e-02 9.185887169059241408e-01
1.757500000000000000e+03 3.451087715029856340e-01 6.548912284957834062e-01
1.760000000000000000e+03 6.951665871530742224e-01 3.048334128456887115e-01
1.762500000000000000e+03 9.437485935942558912e-01 5.625140640450723706e-02
1.765000000000000000e+03 9.563584329320795607e-01 4.364156706668052138e-02
1.767500000000000000e+03 7.237050312044637224e-01 2.762949687942962695e-01
1.770000000000000000e+03 3.685069357638811050e-01 6.314930642348786094e-01
1.772500000000000000e+03 8.217248302507619562e-02 9.178275169736813677e-01
1.775000000000000000e+03 2.217454323277870398e-02 9.778254567659793173e-01
1.777500000000000000e+03 2.242937157504418799e-01 7.757062842483153364e-01
1.780000000000000000e+03 5.798577476116505425e-01 4.201422523871074510e-01
1.782500000000000000e+03 8.939501205088695723e-01 1.060498794898852293e-01
1.785000000000000000e+03 9.935575902667765913e-01 6.442409731977663881e-03
1.787500000000000000e+03 8.240612626003832597e-01 1.759387373983729297e-01
1.790000000000000000e+03 4.789242701266843150e-01 5.210757298720664066e-01
1.792500000000000000e+03 1.469611178973510568e-01 8.530388821013991096e-01
1.795000000000000000e+03 8.578595918323887043e-03 9.914214040804216754e-01
1.797500000000000000e+03 1.386071726707835405e-01 8.613928273279699566e-01
1.800000000000000000e+03 4.668395677581824166e-01 5.331604322405726348e-01
1.802500000000000000e+03 8.157360127844729414e-01 1.842639872142816937e-01
1.805000000000000000e+03 9.953558018529939933e-01 4.644198145762516196e-03
1.807500000000000000e+03 9.062867684731574780e-01 9.371323152559857261e-02
1.810000000000000000e+03 5.955066360354703825e-01 4.044933639632859457e-01
1.812500000000000000e+03 2.326732134901768057e-01 7.673267865085752204e-01
1.815000000000000000e+03 1.719296838603181707e-02 9.828070316127160977e-01
1.817500000000000000e+03 6.713453205978826832e-02 9.328654679389590809e-01
1.820000000000000000e+03 3.535841760654533372e-01 6.464158239332928879e-01
1.822500000000000000e+03 7.180859559541711290e-01 2.819140440445689899e-01
1.825000000000000000e+03 9.619031415016200404e-01 3.809685849711855893e-02
1.827500000000000000e+03 9.550317236068317506e-01 4.496827639190517645e-02
1.830000000000000000e+03 7.045458725447314441e-01 2.954541274539971840e-01
1.832500000000000000e+03 3.477316191025410785e-01 6.522683808961859953e-01
1.835000000000000000e+03 7.694488551219329231e-02 9.230551144865357660e-01
1.837500000000000000e+03 3.708686199047937088e-02 9.629131380082508462e-01
1.840000000000000000e+03 2.487175820763915524e-01 7.512824179223345222e-01
1.842500000000000000e+03 5.967641040126971941e-01 4.032358959860244396e-01
1.845000000000000000e+03 8.920118926559389427e-01 1.079881073427808869e-01
1.847500000000000000e+03 9.739924655930231046e-01 2.600753440569091718e-02
1.850000000000000000e+03 7.992676060622092571e-01 2.007323939365116827e-01
1.852500000000000000e+03 4.649952639334637983e-01 5.350047360652567807e-01
1.855000000000000000e+03 1.540650041196393039e-01 8.459349958790780555e-01
1.857500000000000000e+03 3.373916157732668314e-02 9.662608384213906554e-01
1.860000000000000000e+03 1.656345744528646136e-01 8.343654255458451408e-01
1.862500000000000000e+03 4.757353497480410476e-01 5.242646502506723705e-01
1.865000000000000000e+03 7.972538793320438355e-01 2.027461206666645588e-01
1.867500000000000000e+03 9.600664994370107230e-01 3.993350056169625573e-02
1.870000000000000000e+03 8.791841538028248859e-01 1.208158461958775409e-01
1.872500000000000000e+03 5.982060022932852439e-01 4.017939977054147405e-01
1.875000000000000000e+03 2.665567922060844142e-01 7.334432077926141824e-01
1.877500000000000000e+03 6.126204733852681772e-02 9.387379526601632440e-01
1.880000000000000000e+03 9.255290227303020201e-02 9.074470977256609006e-01
1.882500000000000000e+03 3.435724372919946590e-01 6.564275627066908925e-01
1.885000000000000000e+03 6.786612382608155913e-01 3.213387617378646310e-01
1.887500000000000000e+03 9.172326207858128022e-01 8.276737921286909938e-02
1.890000000000000000e+03 9.321710285679520869e-01 6.782897143072946777e-02
1.892500000000000000e+03 7.175906994171098452e-01 2.824093005815710988e-01
1.895000000000000000e+03 3.897218427340266578e-01 6.102781572646509556e-01
1.897500000000000000e+03 1.231791180406004438e-01 8.768208819580778357e-01
1.900000000000000000e+03 5.874461656588514380e-02 9.412553834327882507e-01
1.902500000000000000e+03 2.306373999733145053e-01 7.693626000253578345e-01
1.905000000000000000e+03 5.488933039550942805e-01 4.511066960435763384e-01
1.907500000000000000e+03 8.451920354158745097e-01 1.548079645827941941e-01
1.910000000000000000e+03 9.602900162890285474e-01 3.970998370963984420e-02
1.912500000000000000e+03 8.294948166896789488e-01 1.705051833089901159e-01
1.915000000000000000e+03 5.202354775274889986e-01 4.797645224711777345e-01
1.917500000000000000e+03 1.983114100148647696e-01 8.016885899838021023e-01
1.920000000000000000e+03 3.846867248355791136e-02 9.615313275151088357e-01
1.922500000000000000e+03 1.283291417561384928e-01 8.716708582425297669e-01
1.925000000000000000e+03 4.201105943529500619e-01 5.798894056457163382e-01
1.927500000000000000e+03 7.570249866687013274e-01 2.429750133299662940e-01
1.930000000000000000e+03 9.583741114759021240e-01 4.162588852275983520e-02
1.932500000000000000e+03 9.160176654358997972e-01 8.398233456276103792e-02
1.935000000000000000e+03 6.513663796656671279e-01 3.486336203329910566e-01
1.937500000000000000e+03 3.044550244045488574e-01 6.955449755941046641e-01
1.940000000000000000e+03 6.107540739181338552e-02 9.389245926068416903e-01
1.942500000000000000e+03 5.440600796443065268e-02 9.455939920342243399e-01
1.945000000000000000e+03 2.916667295457166520e-01 7.083332704529390345e-01
1.947500000000000000e+03 6.465788097985328831e-01 3.534211902001239691e-01
1.950000000000000000e+03 9.255831615005908342e-01 7.441683849806317308e-02
1.952500000000000000e+03 9.741691228915407841e-01 2.583087710711706730e-02
1.955000000000000000e+03 7.638595427620085143e-01 2.361404572366469223e-01
1.957500000000000000e+03 4.091778576377290144e-01 5.908221423609222311e-01
1.960000000000000000e+03 1.042416925277996204e-01 8.957583074708541648e-01
1.962500000000000000e+03 1.552915933332488230e-02 9.844708406653216448e-01
1.965000000000000000e+03 1.913580358315174201e-01 8.086419641671273029e-01
1.967500000000000000e+03 5.367611879095504079e-01 4.632388120890930661e-01
1.970000000000000000e+03 8.652109214621428457e-01 1.347890785364976862e-01
1.972500000000000000e+03 9.985268411803168709e-01 1.473158818325071787e-03
1.975000000000000000e+03 8.626628520979485737e-01 1.373371479006910700e-01
1.977500000000000000e+03 5.291710962382543126e-01 4.708289037603872185e-01
1.980000000000000000e+03 1.787477991213439754e-01 8.212522008772942250e-01
1.982500000000000000e+03 3.683421855827551713e-03 9.963165781428138246e-01
1.985000000000000000e+03 1.011619423620625791e-01 8.988380576365784247e-01
1.987500000000000000e+03 4.178762242877373523e-01 5.821237757109023470e-01
1.990000000000000000e+03 7.791637052172961653e-01 2.208362947813431454e-01
1.992500000000000000e+03 9.867553760477749680e-01 1.324462395086171279e-02
1.995000000000000000e+03 9.287934207375573292e-01 7.120657926107991365e-02
1.997500000000000000e+03 6.397399222045517808e-01 3.602600777940860310e-01
2.000000000000000000e+03 2.787032874339817612e-01 7.212967125646537747e-01
