0.000000000000000000e+00 0.000000000000000000e+00
2.500000000000000000e+00 8.417239084453092711e-06
5.000000000000000000e+00 1.160566004770092363e-04
7.500000000000000000e+00 4.582461535515746569e-04
1.000000000000000000e+01 1.021712760658056865e-03
1.250000000000000000e+01 1.592352845606963795e-03
1.500000000000000000e+01 1.919248451188235779e-03
1.750000000000000000e+01 1.933134383095262959e-03
2.000000000000000000e+01 1.815779908401053818e-03
2.250000000000000000e+01 1.861869829435003256e-03
2.500000000000000000e+01 2.244989677025689603e-03
2.750000000000000000e+01 2.870165666561321372e-03
3.000000000000000000e+01 3.434854903414541298e-03
3.250000000000000000e+01 3.661785528340949416e-03
3.500000000000000000e+01 3.516084256894686563e-03
3.750000000000000000e+01 3.214712719224379484e-03
4.000000000000000000e+01 3.015924058707025041e-03
4.250000000000000000e+01 2.989501902563040242e-03
4.500000000000000000e+01 2.992927699478114580e-03
4.750000000000000000e+01 2.866477674030474751e-03
5.000000000000000000e+01 2.629422472903867290e-03
5.250000000000000000e+01 2.467743506896076435e-03
5.500000000000000000e+01 2.539095742924238081e-03
5.750000000000000000e+01 2.809299900857190405e-03
6.000000000000000000e+01 3.079652609384013733e-03
6.250000000000000000e+01 3.164438184103576020e-03
6.500000000000000000e+01 3.053457773351020681e-03
6.750000000000000000e+01 2.924802187974787429e-03
7.000000000000000000e+01 2.994487485075266950e-03
7.250000000000000000e+01 3.321144947564038351e-03
7.500000000000000000e+01 3.742134865196277294e-03
7.750000000000000000e+01 4.019398769514738803e-03
8.000000000000000000e+01 4.065595788450599053e-03
8.250000000000000000e+01 4.017909257182910449e-03
8.500000000000000000e+01 4.074407304619095081e-03
8.750000000000000000e+01 4.262533414966538335e-03
9.000000000000000000e+01 4.385148497503201133e-03
9.250000000000000000e+01 4.202462776243021808e-03
9.500000000000000000e+01 3.667785881555160263e-03
9.750000000000000000e+01 2.990293620978616822e-03
1.000000000000000000e+02 2.472128520139395616e-03
1.025000000000000000e+02 2.270176810393860142e-03
1.050000000000000000e+02 2.282537020524474762e-03
1.075000000000000000e+02 2.243008064446081612e-03
1.100000000000000000e+02 1.941927299201859879e-03
1.125000000000000000e+02 1.396640152826110265e-03
1.150000000000000000e+02 8.291920635743480145e-04
1.175000000000000000e+02 4.666818304308194190e-04
1.200000000000000000e+02 3.513089782698492879e-04
1.225000000000000000e+02 3.514242806485622529e-04
1.250000000000000000e+02 3.539438923961957402e-04
1.275000000000000000e+02 4.108378758068027825e-04
1.300000000000000000e+02 6.658050775673353665e-04
1.325000000000000000e+02 1.148717900322108586e-03
1.350000000000000000e+02 1.678035156271737334e-03
1.375000000000000000e+02 1.985393236832923725e-03
1.400000000000000000e+02 1.942149486090383225e-03
1.425000000000000000e+02 1.679196936002231222e-03
1.450000000000000000e+02 1.497774072666113688e-03
1.475000000000000000e+02 1.639938858366307792e-03
1.500000000000000000e+02 2.093631795259219466e-03
1.525000000000000000e+02 2.589572665782639577e-03
1.550000000000000000e+02 2.807006532687007696e-03
1.575000000000000000e+02 2.628146972568072993e-03
1.600000000000000000e+02 2.220813967476455587e-03
1.625000000000000000e+02 1.872247492969087270e-03
1.650000000000000000e+02 1.734064190466867977e-03
1.675000000000000000e+02 1.728653942083271770e-03
1.700000000000000000e+02 1.696454451488490708e-03
1.725000000000000000e+02 1.605950383870562159e-03
1.750000000000000000e+02 1.593101510623310324e-03
1.775000000000000000e+02 1.801520216916420187e-03
1.800000000000000000e+02 2.211031352383581536e-03
1.825000000000000000e+02 2.633539347987185354e-03
1.850000000000000000e+02 2.871425628655148703e-03
1.875000000000000000e+02 2.890072680083499972e-03
1.900000000000000000e+02 2.858329984430722434e-03
1.925000000000000000e+02 3.015781320524767248e-03
1.950000000000000000e+02 3.461892926324114470e-03
1.975000000000000000e+02 4.048701025687921444e-03
2.000000000000000000e+02 4.495117753840125602e-03
2.025000000000000000e+02 4.634367651496127359e-03
2.050000000000000000e+02 4.554685438486597016e-03
2.075000000000000000e+02 4.487674678750699399e-03
2.100000000000000000e+02 4.558919529843080687e-03
2.125000000000000000e+02 4.657710249743992649e-03
2.150000000000000000e+02 4.553353311993203409e-03
2.175000000000000000e+02 4.132995942145984043e-03
2.200000000000000000e+02 3.525785751898937673e-03
2.225000000000000000e+02 3.002809117694175099e-03
2.250000000000000000e+02 2.753934941883025116e-03
2.275000000000000000e+02 2.738866307970687104e-03
2.300000000000000000e+02 2.731004361708173379e-03
2.325000000000000000e+02 2.512719400632124761e-03
2.350000000000000000e+02 2.062027520464482407e-03
2.375000000000000000e+02 1.570314817801242479e-03
2.400000000000000000e+02 1.267079161999234939e-03
2.425000000000000000e+02 1.213620417744490582e-03
2.450000000000000000e+02 1.275839418793322903e-03
2.475000000000000000e+02 1.303550783376510470e-03
2.500000000000000000e+02 1.310359190956934599e-03
2.525000000000000000e+02 1.446054238428215975e-03
2.550000000000000000e+02 1.795617388813941983e-03
2.575000000000000000e+02 2.234194075003399435e-03
2.600000000000000000e+02 2.497508692534226426e-03
2.625000000000000000e+02 2.400501953309846191e-03
2.650000000000000000e+02 2.004074699955321788e-03
2.675000000000000000e+02 1.587430757736117042e-03
2.700000000000000000e+02 1.443212426107883277e-03
2.725000000000000000e+02 1.648980620682755386e-03
2.750000000000000000e+02 1.997410283213886181e-03
2.775000000000000000e+02 2.156164232855150437e-03
2.800000000000000000e+02 1.937250301147965025e-03
2.825000000000000000e+02 1.443960126123431135e-03
2.850000000000000000e+02 9.611079571978793342e-04
2.875000000000000000e+02 6.975620356422470615e-04
2.900000000000000000e+02 6.372881343270877163e-04
2.925000000000000000e+02 6.347274592012753895e-04
2.950000000000000000e+02 6.237692098208010710e-04
2.975000000000000000e+02 6.986361937844422524e-04
3.000000000000000000e+02 9.899878565767961536e-04
3.025000000000000000e+02 1.490803984467247269e-03
3.050000000000000000e+02 2.022105591035504562e-03
3.075000000000000000e+02 2.369158550983541025e-03
3.100000000000000000e+02 2.462791833803081466e-03
3.125000000000000000e+02 2.452827385431263166e-03
3.150000000000000000e+02 2.602434844820221849e-03
3.175000000000000000e+02 3.067621958397400480e-03
3.200000000000000000e+02 3.741523684281937608e-03
3.225000000000000000e+02 4.321491823009683195e-03
3.250000000000000000e+02 4.561774642130488749e-03
3.275000000000000000e+02 4.478620606749124031e-03
3.300000000000000000e+02 4.306560924765598375e-03
3.325000000000000000e+02 4.254378571594090268e-03
3.350000000000000000e+02 4.310256665402127652e-03
3.375000000000000000e+02 4.282924772713451837e-03
3.400000000000000000e+02 4.018688695081754601e-03
3.425000000000000000e+02 3.568988645737195421e-03
3.450000000000000000e+02 3.152915486922680619e-03
3.475000000000000000e+02 2.964702416454596551e-03
3.500000000000000000e+02 3.007523495100554098e-03
3.525000000000000000e+02 3.094331665267448413e-03
3.550000000000000000e+02 3.011352563038550804e-03
3.575000000000000000e+02 2.708767884834919256e-03
3.600000000000000000e+02 2.351408410020157727e-03
3.625000000000000000e+02 2.170067239912051513e-03
3.650000000000000000e+02 2.244035808588809317e-03
3.675000000000000000e+02 2.435361657878597989e-03
3.700000000000000000e+02 2.549597603446197326e-03
3.725000000000000000e+02 2.547802644151966195e-03
3.750000000000000000e+02 2.573806834744586918e-03
3.775000000000000000e+02 2.770835512515536659e-03
3.800000000000000000e+02 3.092505457247336081e-03
3.825000000000000000e+02 3.307021058150086575e-03
3.850000000000000000e+02 3.188579425532584843e-03
3.875000000000000000e+02 2.719239685444658095e-03
3.900000000000000000e+02 2.127643604580608909e-03
3.925000000000000000e+02 1.727643142284616658e-03
3.950000000000000000e+02 1.676600709022291712e-03
3.975000000000000000e+02 1.846218507073873940e-03
4.000000000000000000e+02 1.924222333660742003e-03
4.025000000000000000e+02 1.675050124446440542e-03
4.050000000000000000e+02 1.134795494756267713e-03
4.075000000000000000e+02 5.617753799697810429e-04
4.100000000000000000e+02 1.957194759187590876e-04
4.125000000000000000e+02 6.994314062639996066e-05
4.150000000000000000e+02 5.628867259074578052e-05
4.175000000000000000e+02 6.359404492462301006e-05
4.200000000000000000e+02 1.524756157875446056e-04
4.225000000000000000e+02 4.475812656615103780e-04
4.250000000000000000e+02 9.632537639625949688e-04
4.275000000000000000e+02 1.536697234936763900e-03
4.300000000000000000e+02 1.935603992167869280e-03
4.325000000000000000e+02 2.045090018403207185e-03
4.350000000000000000e+02 1.979380360871292686e-03
4.375000000000000000e+02 2.015317262582808338e-03
4.400000000000000000e+02 2.373237547920855652e-03
4.425000000000000000e+02 3.013557235671020500e-03
4.450000000000000000e+02 3.642997302162038695e-03
4.475000000000000000e+02 3.951741439855824441e-03
4.500000000000000000e+02 3.871032666906918523e-03
4.525000000000000000e+02 3.605965504989466514e-03
4.550000000000000000e+02 3.420774708783089636e-03
4.575000000000000000e+02 3.399551792629917652e-03
4.600000000000000000e+02 3.412393188258002179e-03
4.625000000000000000e+02 3.293113339752817750e-03
4.650000000000000000e+02 3.029312245343056351e-03
4.675000000000000000e+02 2.780091434399435419e-03
4.700000000000000000e+02 2.723009085386667982e-03
4.725000000000000000e+02 2.885671440835067478e-03
4.750000000000000000e+02 3.112751781514791656e-03
4.775000000000000000e+02 3.196562842609475697e-03
4.800000000000000000e+02 3.064984840227896572e-03
4.825000000000000000e+02 2.860847737856731139e-03
4.850000000000000000e+02 2.821303944936538136e-03
4.875000000000000000e+02 3.051712881284971476e-03
4.900000000000000000e+02 3.417970292207109847e-03
4.925000000000000000e+02 3.679954797921107263e-03
4.950000000000000000e+02 3.731119833906279288e-03
4.975000000000000000e+02 3.688618103355731370e-03
5.000000000000000000e+02 3.744188379346762192e-03
5.025000000000000000e+02 3.942314470930760248e-03
5.050000000000000000e+02 4.112819779285105393e-03
5.075000000000000000e+02 4.015805906954435928e-03
5.100000000000000000e+02 3.559568160766082671e-03
5.125000000000000000e+02 2.900910112708309299e-03
5.150000000000000000e+02 2.340904791422931085e-03
5.175000000000000000e+02 2.093019911500610449e-03
5.200000000000000000e+02 2.110166787356254105e-03
5.225000000000000000e+02 2.124213772819015175e-03
5.250000000000000000e+02 1.877775890564889342e-03
5.275000000000000000e+02 1.347690250853356229e-03
5.300000000000000000e+02 7.527196817354709192e-04
5.325000000000000000e+02 3.421925133487188457e-04
5.350000000000000000e+02 1.838225629507800839e-04
5.375000000000000000e+02 1.622454442662215376e-04
5.400000000000000000e+02 1.621126720144680077e-04
5.425000000000000000e+02 2.130424699812237901e-04
5.450000000000000000e+02 4.400841181627944735e-04
5.475000000000000000e+02 8.916956538673893439e-04
5.500000000000000000e+02 1.436580858317841733e-03
5.525000000000000000e+02 1.833366680450786764e-03
5.550000000000000000e+02 1.915645218132526690e-03
5.575000000000000000e+02 1.743342668574804615e-03
5.600000000000000000e+02 1.587016328755506012e-03
5.625000000000000000e+02 1.725996610449762611e-03
5.650000000000000000e+02 2.206140228883402346e-03
5.675000000000000000e+02 2.777497356084256130e-03
5.700000000000000000e+02 3.093808151558955898e-03
5.725000000000000000e+02 3.002216713881833681e-03
5.750000000000000000e+02 2.651657123802712412e-03
5.775000000000000000e+02 2.327799423824995686e-03
5.800000000000000000e+02 2.193874610586517716e-03
5.825000000000000000e+02 2.190672375315504215e-03
5.850000000000000000e+02 2.163481579126764857e-03
5.875000000000000000e+02 2.055493042842691884e-03
5.900000000000000000e+02 1.969630162453134270e-03
5.925000000000000000e+02 2.057270283189974007e-03
5.950000000000000000e+02 2.357054014980822926e-03
5.975000000000000000e+02 2.735520693625949178e-03
6.000000000000000000e+02 2.986152704917230220e-03
6.025000000000000000e+02 3.012381570912268589e-03
6.050000000000000000e+02 2.935107507047358261e-03
6.075000000000000000e+02 3.003313093035089257e-03
6.100000000000000000e+02 3.362093361981437472e-03
6.125000000000000000e+02 3.898748596736987138e-03
6.150000000000000000e+02 4.336863142337170525e-03
6.175000000000000000e+02 4.493133262638067393e-03
6.200000000000000000e+02 4.433451485337009008e-03
6.225000000000000000e+02 4.375547801451390960e-03
6.250000000000000000e+02 4.452977659073560808e-03
6.275000000000000000e+02 4.579982203789426977e-03
6.300000000000000000e+02 4.534816800078042554e-03
6.325000000000000000e+02 4.170648177237769490e-03
6.350000000000000000e+02 3.563698809415807942e-03
6.375000000000000000e+02 2.971912944690990096e-03
6.400000000000000000e+02 2.633819276889558508e-03
6.425000000000000000e+02 2.571868804848420273e-03
6.450000000000000000e+02 2.573874790061504367e-03
6.475000000000000000e+02 2.382362892949937364e-03
6.500000000000000000e+02 1.928407641995346245e-03
6.525000000000000000e+02 1.388896060487169234e-03
6.550000000000000000e+02 1.010862355662785423e-03
6.575000000000000000e+02 8.851087800371747281e-04
6.600000000000000000e+02 9.019499724606433498e-04
6.625000000000000000e+02 9.162034310968916739e-04
6.650000000000000000e+02 9.212384743997768452e-04
6.675000000000000000e+02 1.042386388412221187e-03
6.700000000000000000e+02 1.372742219734383396e-03
6.725000000000000000e+02 1.832131823099589652e-03
6.750000000000000000e+02 2.188603703195337365e-03
6.775000000000000000e+02 2.228998296206853580e-03
6.800000000000000000e+02 1.944446117018293774e-03
6.825000000000000000e+02 1.572992901019928643e-03
6.850000000000000000e+02 1.433391174361222948e-03
6.875000000000000000e+02 1.661193080986633460e-03
6.900000000000000000e+02 2.078819381754747585e-03
6.925000000000000000e+02 2.338104984991352074e-03
6.950000000000000000e+02 2.216723138923234766e-03
6.975000000000000000e+02 1.791967235851492412e-03
7.000000000000000000e+02 1.338576795761855891e-03
7.025000000000000000e+02 1.073641205359740893e-03
7.050000000000000000e+02 1.004905354318921156e-03
7.075000000000000000e+02 1.003230613439154862e-03
7.100000000000000000e+02 9.853775829004763221e-04
7.125000000000000000e+02 1.008928602245395345e-03
7.150000000000000000e+02 1.200620619680595365e-03
7.175000000000000000e+02 1.606034967834047604e-03
7.200000000000000000e+02 2.107626090155764829e-03
7.225000000000000000e+02 2.493330213298986311e-03
7.250000000000000000e+02 2.634371000128518225e-03
7.275000000000000000e+02 2.622819208864835775e-03
7.300000000000000000e+02 2.719383315571999651e-03
7.325000000000000000e+02 3.121746568554885793e-03
7.350000000000000000e+02 3.762650376958463338e-03
7.375000000000000000e+02 4.351107262445506191e-03
7.400000000000000000e+02 4.629550741299654978e-03
7.425000000000000000e+02 4.591073841679808518e-03
7.450000000000000000e+02 4.448373416671686127e-03
7.475000000000000000e+02 4.407212819127184246e-03
7.500000000000000000e+02 4.476951683192278639e-03
7.525000000000000000e+02 4.484480656864196606e-03
7.550000000000000000e+02 4.255598765228151004e-03
7.575000000000000000e+02 3.791263030291161518e-03
7.600000000000000000e+02 3.286424131228423123e-03
7.625000000000000000e+02 2.974464384488882153e-03
7.650000000000000000e+02 2.926761688797286081e-03
7.675000000000000000e+02 2.985966363124414272e-03
7.700000000000000000e+02 2.907214242292358898e-03
7.725000000000000000e+02 2.588788800739026154e-03
7.750000000000000000e+02 2.170334677878840626e-03
7.775000000000000000e+02 1.894416435402507563e-03
7.800000000000000000e+02 1.871590828614176855e-03
7.825000000000000000e+02 1.994628319345392604e-03
7.850000000000000000e+02 2.081758977487546593e-03
7.875000000000000000e+02 2.078561564644696488e-03
7.900000000000000000e+02 2.100728380779999602e-03
7.925000000000000000e+02 2.287802668167630837e-03
7.950000000000000000e+02 2.628378903699107524e-03
7.975000000000000000e+02 2.925575772060903627e-03
8.000000000000000000e+02 2.936896375685755546e-03
8.025000000000000000e+02 2.580245518141338970e-03
8.050000000000000000e+02 2.035247996669284874e-03
8.075000000000000000e+02 1.629806252570392688e-03
8.100000000000000000e+02 1.577479896071936607e-03
8.125000000000000000e+02 1.790175220258118354e-03
8.150000000000000000e+02 1.951220539436830962e-03
8.175000000000000000e+02 1.792951172598699749e-03
8.200000000000000000e+02 1.318865188445415750e-03
8.225000000000000000e+02 7.687976957469807443e-04
8.250000000000000000e+02 3.869533602428370188e-04
8.275000000000000000e+02 2.346173479845717748e-04
8.300000000000000000e+02 2.107867658713181308e-04
8.325000000000000000e+02 2.168686025853426515e-04
8.350000000000000000e+02 2.764864738173030420e-04
8.375000000000000000e+02 4.998004193304406021e-04
8.400000000000000000e+02 9.441069149042531639e-04
8.425000000000000000e+02 1.509633896065099316e-03
8.450000000000000000e+02 1.976463832125564118e-03
8.475000000000000000e+02 2.175286957321179160e-03
8.500000000000000000e+02 2.156412680539500533e-03
8.525000000000000000e+02 2.182712622907891781e-03
8.550000000000000000e+02 2.509648006970044507e-03
8.575000000000000000e+02 3.139475098983017607e-03
8.600000000000000000e+02 3.797902541257822985e-03
8.625000000000000000e+02 4.169680668692167004e-03
8.650000000000000000e+02 4.163205870323693873e-03
8.675000000000000000e+02 3.953782004761562975e-03
8.700000000000000000e+02 3.790890077125701110e-03
8.725000000000000000e+02 3.775042347189701188e-03
8.750000000000000000e+02 3.803369340499233864e-03
8.775000000000000000e+02 3.704013635389276707e-03
8.800000000000000000e+02 3.419307491667097128e-03
8.825000000000000000e+02 3.075104621545685524e-03
8.850000000000000000e+02 2.877452380629516582e-03
8.875000000000000000e+02 2.924136243763694049e-03
8.900000000000000000e+02 3.102088048203138770e-03
8.925000000000000000e+02 3.181438561579690277e-03
8.950000000000000000e+02 3.035326996354686772e-03
8.975000000000000000e+02 2.772147449437986806e-03
9.000000000000000000e+02 2.634127470476263413e-03
9.025000000000000000e+02 2.756943351333403756e-03
9.050000000000000000e+02 3.041241407559761630e-03
9.075000000000000000e+02 3.267314477115638559e-03
9.100000000000000000e+02 3.320069310315349950e-03
9.125000000000000000e+02 3.286661968268467758e-03
9.150000000000000000e+02 3.342418901489717289e-03
9.175000000000000000e+02 3.553887083022218805e-03
9.200000000000000000e+02 3.786185389076247854e-03
9.225000000000000000e+02 3.795501837098489654e-03
9.250000000000000000e+02 3.435440614376070526e-03
9.275000000000000000e+02 2.808786288322818927e-03
9.300000000000000000e+02 2.218625517789860578e-03
9.325000000000000000e+02 1.931344950534008044e-03
9.350000000000000000e+02 1.949726850922198088e-03
9.375000000000000000e+02 2.013176154784194778e-03
9.400000000000000000e+02 1.835564652218195066e-03
9.425000000000000000e+02 1.355798355178149334e-03
9.450000000000000000e+02 7.667118879971042324e-04
9.475000000000000000e+02 3.179773336061375013e-04
9.500000000000000000e+02 1.073947914063879013e-04
9.525000000000000000e+02 5.578125684038671376e-05
9.550000000000000000e+02 5.136951075146121428e-05
9.575000000000000000e+02 8.999436438845854059e-05
9.600000000000000000e+02 2.731110204241637518e-04
9.625000000000000000e+02 6.791637617794842085e-04
9.650000000000000000e+02 1.236272875679771165e-03
9.675000000000000000e+02 1.723408438019067689e-03
9.700000000000000000e+02 1.927911871699669513e-03
9.725000000000000000e+02 1.843496091408283744e-03
9.750000000000000000e+02 1.716048934306314572e-03
9.775000000000000000e+02 1.851639450377272128e-03
9.800000000000000000e+02 2.338743466062680534e-03
9.825000000000000000e+02 2.954026532270091505e-03
9.850000000000000000e+02 3.353213436329252530e-03
9.875000000000000000e+02 3.361738278747050581e-03
9.900000000000000000e+02 3.091563225895896036e-03
9.925000000000000000e+02 2.802433144546226558e-03
9.950000000000000000e+02 2.668742035511405004e-03
9.975000000000000000e+02 2.665953496499798726e-03
1.000000000000000000e+03 2.648678546375564814e-03
1.002500000000000000e+03 2.522691090736693849e-03
1.005000000000000000e+03 2.351263683057136164e-03
1.007500000000000000e+03 2.302819531228910473e-03
1.010000000000000000e+03 2.483814925637315481e-03
1.012500000000000000e+03 2.811635671808088155e-03
1.015000000000000000e+03 3.066264201019686109e-03
1.017500000000000000e+03 3.096252138749416762e-03
1.020000000000000000e+03 2.980882980711881299e-03
1.022500000000000000e+03 2.966713270054305469e-03
1.025000000000000000e+03 3.225436592266643209e-03
1.027500000000000000e+03 3.680850374206580053e-03
1.030000000000000000e+03 4.084449568784139124e-03
1.032500000000000000e+03 4.252763048707047626e-03
1.035000000000000000e+03 4.221256979868463766e-03
1.037500000000000000e+03 4.178300833861549497e-03
1.040000000000000000e+03 4.264712716791721828e-03
1.042500000000000000e+03 4.428766020741579240e-03
1.045000000000000000e+03 4.458266753592650747e-03
1.047500000000000000e+03 4.164141808545362283e-03
1.050000000000000000e+03 3.566615210135000522e-03
1.052500000000000000e+03 2.914446051651885250e-03
1.055000000000000000e+03 2.494364840009871773e-03
1.057500000000000000e+03 2.386371077811358463e-03
1.060000000000000000e+03 2.396917557090056956e-03
1.062500000000000000e+03 2.244012712583824936e-03
1.065000000000000000e+03 1.817413029218070382e-03
1.067500000000000000e+03 1.262148113894551388e-03
1.070000000000000000e+03 8.208767686049851103e-04
1.072500000000000000e+03 6.138911918437004117e-04
1.075000000000000000e+03 5.744557719105017465e-04
1.077500000000000000e+03 5.729225175883032864e-04
1.080000000000000000e+03 5.754027379060376287e-04
1.082500000000000000e+03 6.760812499251575352e-04
1.085000000000000000e+03 9.823386550476241336e-04
1.087500000000000000e+03 1.465329338346342937e-03
1.090000000000000000e+03 1.919890688826939550e-03
1.092500000000000000e+03 2.097515847267255804e-03
1.095000000000000000e+03 1.924545599041818482e-03
1.097500000000000000e+03 1.605067926659122434e-03
1.100000000000000000e+03 1.475432559050029839e-03
1.102500000000000000e+03 1.713716899151165743e-03
1.105000000000000000e+03 2.176447659140396968e-03
1.107500000000000000e+03 2.525081292728406385e-03
1.110000000000000000e+03 2.517470039554196241e-03
1.112500000000000000e+03 2.188492215468187344e-03
1.115000000000000000e+03 1.777416784054381728e-03
1.117500000000000000e+03 1.506747290684002814e-03
1.120000000000000000e+03 1.424240974029816883e-03
1.122500000000000000e+03 1.424227074884464863e-03
1.125000000000000000e+03 1.396517707451524993e-03
1.127500000000000000e+03 1.355983470947216829e-03
1.130000000000000000e+03 1.434459664255087041e-03
1.132500000000000000e+03 1.738201380891406939e-03
1.135000000000000000e+03 2.204578322686647808e-03
1.137500000000000000e+03 2.616452608073971831e-03
1.140000000000000000e+03 2.793070000677336587e-03
1.142500000000000000e+03 2.780029903405818736e-03
1.145000000000000000e+03 2.827547425494038574e-03
1.147500000000000000e+03 3.153924736086988895e-03
1.150000000000000000e+03 3.728311991479129044e-03
1.152500000000000000e+03 4.294577348079629299e-03
1.155000000000000000e+03 4.603902315045041264e-03
1.157500000000000000e+03 4.619640462092563377e-03
1.160000000000000000e+03 4.512996377014863794e-03
1.162500000000000000e+03 4.481800700362087962e-03
1.165000000000000000e+03 4.566891892538857065e-03
1.167500000000000000e+03 4.617800990032134428e-03
1.170000000000000000e+03 4.432458451991240674e-03
1.172500000000000000e+03 3.956962797762220499e-03
1.175000000000000000e+03 3.367383016654447621e-03
1.177500000000000000e+03 2.938971665965260226e-03
1.180000000000000000e+03 2.805097105365865658e-03
1.182500000000000000e+03 2.836167313185437768e-03
1.185000000000000000e+03 2.767761170027556363e-03
1.187500000000000000e+03 2.455921678053136440e-03
1.190000000000000000e+03 2.004300050586604875e-03
1.192500000000000000e+03 1.645621449520906282e-03
1.195000000000000000e+03 1.516404796189716212e-03
1.197500000000000000e+03 1.556613971529898291e-03
1.200000000000000000e+03 1.612281624491751627e-03
1.202500000000000000e+03 1.610841318541332860e-03
1.205000000000000000e+03 1.630860489195337052e-03
1.207500000000000000e+03 1.808783790953768849e-03
1.210000000000000000e+03 2.173140307275766951e-03
1.212500000000000000e+03 2.558987638085233936e-03
1.215000000000000000e+03 2.701457645490228533e-03
1.217500000000000000e+03 2.458452898351160681e-03
1.220000000000000000e+03 1.968417148864023622e-03
1.222500000000000000e+03 1.567939811533171357e-03
1.225000000000000000e+03 1.512291321915181820e-03
1.227500000000000000e+03 1.754010069794375215e-03
1.230000000000000000e+03 1.993108931254198267e-03
1.232500000000000000e+03 1.944885150689222315e-03
1.235000000000000000e+03 1.567575093292070555e-03
1.237500000000000000e+03 1.058221324753577577e-03
1.240000000000000000e+03 6.599288133150610792e-04
1.242500000000000000e+03 4.762098657436620425e-04
1.245000000000000000e+03 4.421925081626500316e-04
1.247500000000000000e+03 4.453148623959026138e-04
1.250000000000000000e+03 4.669931967317875101e-04
1.252500000000000000e+03 6.102960244466574527e-04
1.255000000000000000e+03 9.815053419474758980e-04
1.257500000000000000e+03 1.535539995138670948e-03
1.260000000000000000e+03 2.055685811055852057e-03
1.262500000000000000e+03 2.326489340142587434e-03
1.265000000000000000e+03 2.349220326452402391e-03
1.267500000000000000e+03 2.368154724510704388e-03
1.270000000000000000e+03 2.652158032948715750e-03
1.272500000000000000e+03 3.238593940953618088e-03
1.275000000000000000e+03 3.893951782725673001e-03
1.277500000000000000e+03 4.320229941295593637e-03
1.280000000000000000e+03 4.397825527874604443e-03
1.282500000000000000e+03 4.250477954034447697e-03
1.285000000000000000e+03 4.105463806555977556e-03
1.287500000000000000e+03 4.090866266813182085e-03
1.290000000000000000e+03 4.137866850119411959e-03
1.292500000000000000e+03 4.062003727910256171e-03
1.295000000000000000e+03 3.755148068444207586e-03
1.297500000000000000e+03 3.316616249863731363e-03
1.300000000000000000e+03 2.986150431525816731e-03
1.302500000000000000e+03 2.923759649846002697e-03
1.305000000000000000e+03 3.050540089263540592e-03
1.307500000000000000e+03 3.122771028625857207e-03
1.310000000000000000e+03 2.973141712881282976e-03
1.312500000000000000e+03 2.671712447701481054e-03
1.315000000000000000e+03 2.444669893059828354e-03
1.317500000000000000e+03 2.447456619985904826e-03
1.320000000000000000e+03 2.629622007504816943e-03
1.322500000000000000e+03 2.811012177974032099e-03
1.325000000000000000e+03 2.869051381905451774e-03
1.327500000000000000e+03 2.849419525444682726e-03
1.330000000000000000e+03 2.906652062852325361e-03
1.332500000000000000e+03 3.133885203531523982e-03
1.335000000000000000e+03 3.432048670677689643e-03
1.337500000000000000e+03 3.549026818258760926e-03
1.340000000000000000e+03 3.286039925722217345e-03
1.342500000000000000e+03 2.700045714672590514e-03
1.345000000000000000e+03 2.094772422290567485e-03
1.347500000000000000e+03 1.776500717590885018e-03
1.350000000000000000e+03 1.793239048180715785e-03
1.352500000000000000e+03 1.906957057505577263e-03
1.355000000000000000e+03 1.818385027240318128e-03
1.357500000000000000e+03 1.421450608822123892e-03
1.360000000000000000e+03 8.612892509526960151e-04
1.362500000000000000e+03 3.789879742493281389e-04
1.365000000000000000e+03 1.133397185623937842e-04
1.367500000000000000e+03 3.208688274157398782e-05
1.370000000000000000e+03 2.450300866573272866e-05
1.372500000000000000e+03 4.802139040488851151e-05
1.375000000000000000e+03 1.849715633440723742e-04
1.377500000000000000e+03 5.475051073563265164e-04
1.380000000000000000e+03 1.114687046409027936e-03
1.382500000000000000e+03 1.676797643134816723e-03
1.385000000000000000e+03 1.983260460904343481e-03
1.387500000000000000e+03 1.978348774338501738e-03
1.390000000000000000e+03 1.882050779837743989e-03
1.392500000000000000e+03 2.006567094071456687e-03
1.395000000000000000e+03 2.473370925197655376e-03
1.397500000000000000e+03 3.104160465583379481e-03
1.400000000000000000e+03 3.579242195967430491e-03
1.402500000000000000e+03 3.699102783528941934e-03
1.405000000000000000e+03 3.517299215205189379e-03
1.407500000000000000e+03 3.258862967269462833e-03
1.410000000000000000e+03 3.120089995926735547e-03
1.412500000000000000e+03 3.119073696588182520e-03
1.415000000000000000e+03 3.113276430404638469e-03
1.417500000000000000e+03 2.965816718744650627e-03
1.420000000000000000e+03 2.708145801251081019e-03
1.422500000000000000e+03 2.532237581837297209e-03
1.425000000000000000e+03 2.602414780234066968e-03
1.427500000000000000e+03 2.873784402959184137e-03
1.430000000000000000e+03 3.118974176492420990e-03
1.432500000000000000e+03 3.150418250857696910e-03
1.435000000000000000e+03 3.008278078576659582e-03
1.437500000000000000e+03 2.916426853676546728e-03
1.440000000000000000e+03 3.058223799344772769e-03
1.442500000000000000e+03 3.405731230435098036e-03
1.445000000000000000e+03 3.760247597931687651e-03
1.447500000000000000e+03 3.941871034182326677e-03
1.450000000000000000e+03 3.942043978677547966e-03
1.452500000000000000e+03 3.911882755766394118e-03
1.455000000000000000e+03 4.004753424355014454e-03
1.457500000000000000e+03 4.207026566855081098e-03
1.460000000000000000e+03 4.312121542512933371e-03
1.462500000000000000e+03 4.088384900533707095e-03
1.465000000000000000e+03 3.508480930702437880e-03
1.467500000000000000e+03 2.814938107029118543e-03
1.470000000000000000e+03 2.331067900577816782e-03
1.472500000000000000e+03 2.183916210778269560e-03
1.475000000000000000e+03 2.206841181455173120e-03
1.477500000000000000e+03 2.109893947410720894e-03
1.480000000000000000e+03 1.741414629019413535e-03
1.482500000000000000e+03 1.196187403313461435e-03
1.485000000000000000e+03 6.998843585756756719e-04
1.487500000000000000e+03 4.092423411220765862e-04
1.490000000000000000e+03 3.130252856207337486e-04
1.492500000000000000e+03 2.987179411511828591e-04
1.495000000000000000e+03 3.005087793716956562e-04
1.497500000000000000e+03 3.821862001104827798e-04
1.500000000000000000e+03 6.674392136117298984e-04
1.502500000000000000e+03 1.172070500997971724e-03
1.505000000000000000e+03 1.709891487179651713e-03
1.507500000000000000e+03 2.004298210850274584e-03
1.510000000000000000e+03 1.933876344877358830e-03
1.512500000000000000e+03 1.671176733443634080e-03
1.515000000000000000e+03 1.552226529517178452e-03
1.517500000000000000e+03 1.785194460022498973e-03
1.520000000000000000e+03 2.273582142840956197e-03
1.522500000000000000e+03 2.709237157138414884e-03
1.525000000000000000e+03 2.829859755591456263e-03
1.527500000000000000e+03 2.609101050140580878e-03
1.530000000000000000e+03 2.241114089143397738e-03
1.532500000000000000e+03 1.962520220474560199e-03
1.535000000000000000e+03 1.868842261469071337e-03
1.537500000000000000e+03 1.872524138021198830e-03
1.540000000000000000e+03 1.831833799696564987e-03
1.542500000000000000e+03 1.726941888429358576e-03
1.545000000000000000e+03 1.701314985991554023e-03
1.547500000000000000e+03 1.910540349708678967e-03
1.550000000000000000e+03 2.330777645967045935e-03
1.552500000000000000e+03 2.744664873354421726e-03
1.555000000000000000e+03 2.941567913187708144e-03
1.557500000000000000e+03 2.928425830859413947e-03
1.560000000000000000e+03 2.926376065875496528e-03
1.562500000000000000e+03 3.156480699492191736e-03
1.565000000000000000e+03 3.633357664307171591e-03
1.567500000000000000e+03 4.158370152582815081e-03
1.570000000000000000e+03 4.496688455051882881e-03
1.572500000000000000e+03 4.567290784779029847e-03
1.575000000000000000e+03 4.490368464630580328e-03
1.577500000000000000e+03 4.462432388853127332e-03
1.580000000000000000e+03 4.562476134361328692e-03
1.582500000000000000e+03 4.658153674239232100e-03
1.585000000000000000e+03 4.516267412424892005e-03
1.587500000000000000e+03 4.036777981383335781e-03
1.590000000000000000e+03 3.383908884868600843e-03
1.592500000000000000e+03 2.864208494793658768e-03
1.595000000000000000e+03 2.656650985483466083e-03
1.597500000000000000e+03 2.661298602199759986e-03
1.600000000000000000e+03 2.612282982755785663e-03
1.602500000000000000e+03 2.330790701147826549e-03
1.605000000000000000e+03 1.869799415920619457e-03
1.607500000000000000e+03 1.436062298693591881e-03
1.610000000000000000e+03 1.195162525648915935e-03
1.612500000000000000e+03 1.148516780315726998e-03
1.615000000000000000e+03 1.175158577815080003e-03
1.617500000000000000e+03 1.178920472964294216e-03
1.620000000000000000e+03 1.198224819950274465e-03
1.622500000000000000e+03 1.367978534351088279e-03
1.625000000000000000e+03 1.753412923868226479e-03
1.627500000000000000e+03 2.215260043009704451e-03
1.630000000000000000e+03 2.471051915620911706e-03
1.632500000000000000e+03 2.334594163482075699e-03
1.635000000000000000e+03 1.909439095022521507e-03
1.637500000000000000e+03 1.526615645781742364e-03
1.640000000000000000e+03 1.467546388619567210e-03
1.642500000000000000e+03 1.730995573097400195e-03
1.645000000000000000e+03 2.051671617744933035e-03
1.647500000000000000e+03 2.131608832900800093e-03
1.650000000000000000e+03 1.869301679451985205e-03
1.652500000000000000e+03 1.408483802627336209e-03
1.655000000000000000e+03 9.965339046105017081e-04
1.657500000000000000e+03 7.863815556221941463e-04
1.660000000000000000e+03 7.459606631024547204e-04
1.662500000000000000e+03 7.449806529405483217e-04
1.665000000000000000e+03 7.294961847415334282e-04
1.667500000000000000e+03 8.011864534595127332e-04
1.670000000000000000e+03 1.104065114633721130e-03
1.672500000000000000e+03 1.630972378278574544e-03
1.675000000000000000e+03 2.172231957354167891e-03
1.677500000000000000e+03 2.489757324381572379e-03
1.680000000000000000e+03 2.547742310005252347e-03
1.682500000000000000e+03 2.556190810707484069e-03
1.685000000000000000e+03 2.778070410938275267e-03
1.687500000000000000e+03 3.291282037897509758e-03
1.690000000000000000e+03 3.924044352753101698e-03
1.692500000000000000e+03 4.401541638256803446e-03
1.695000000000000000e+03 4.562197542227790052e-03
1.697500000000000000e+03 4.468778604365813978e-03
1.700000000000000000e+03 4.333919545285636402e-03
1.702500000000000000e+03 4.321006227397040933e-03
1.705000000000000000e+03 4.389583383533512094e-03
1.707500000000000000e+03 4.336886403830771640e-03
1.710000000000000000e+03 4.013308552290561527e-03
1.712500000000000000e+03 3.501857539960755942e-03
1.715000000000000000e+03 3.066090136606310947e-03
1.717500000000000000e+03 2.906994040762460665e-03
1.720000000000000000e+03 2.976701022899029027e-03
1.722500000000000000e+03 3.037613422770995934e-03
1.725000000000000000e+03 2.896343575880045915e-03
1.727500000000000000e+03 2.573603935547673447e-03
1.730000000000000000e+03 2.260667628930213956e-03
1.732500000000000000e+03 2.132572981415144144e-03
1.735000000000000000e+03 2.203199696350640214e-03
1.737500000000000000e+03 2.339547943193219688e-03
1.740000000000000000e+03 2.404744466143378563e-03
1.742500000000000000e+03 2.396935550342619344e-03
1.745000000000000000e+03 2.452428215850436036e-03
1.747500000000000000e+03 2.692090839358054696e-03
1.750000000000000000e+03 3.047518535529506085e-03
1.752500000000000000e+03 3.259230260604339003e-03
1.755000000000000000e+03 3.089829341721400842e-03
1.757500000000000000e+03 2.560620960100993063e-03
1.760000000000000000e+03 1.965774535144412718e-03
1.762500000000000000e+03 1.632494942416029072e-03
1.765000000000000000e+03 1.651549748746481685e-03
1.767500000000000000e+03 1.822657253455912604e-03
1.770000000000000000e+03 1.842362077917745339e-03
1.772500000000000000e+03 1.550482016234313101e-03
1.775000000000000000e+03 1.032925519071621265e-03
1.777500000000000000e+03 5.236424178803227372e-04
1.780000000000000000e+03 2.092721817035959745e-04
1.782500000000000000e+03 1.038342102594024002e-04
1.785000000000000000e+03 9.430536163470612098e-05
1.787500000000000000e+03 1.040604054240497361e-04
1.790000000000000000e+03 2.010106812639100328e-04
1.792500000000000000e+03 5.218329654079909225e-04
1.795000000000000000e+03 1.081167145549446042e-03
1.797500000000000000e+03 1.682978555290922306e-03
1.800000000000000000e+03 2.061456281683568537e-03
1.802500000000000000e+03 2.126576169958521462e-03
1.805000000000000000e+03 2.060915323109196919e-03
1.807500000000000000e+03 2.163048593054966995e-03
1.810000000000000000e+03 2.587867305639830057e-03
1.812500000000000000e+03 3.219155722032471158e-03
1.815000000000000000e+03 3.768318365544137162e-03
1.817500000000000000e+03 3.999511049045887008e-03
1.820000000000000000e+03 3.899702323836837237e-03
1.822500000000000000e+03 3.666609255581402323e-03
1.825000000000000000e+03 3.525809297246052399e-03
1.827500000000000000e+03 3.531468809732114973e-03
1.830000000000000000e+03 3.536745041360812337e-03
1.832500000000000000e+03 3.370893984394008822e-03
1.835000000000000000e+03 3.045542599947520090e-03
1.837500000000000000e+03 2.767077607065748963e-03
1.840000000000000000e+03 2.733667792019110841e-03
1.842500000000000000e+03 2.931753002109154047e-03
1.845000000000000000e+03 3.147979900436802345e-03
1.847500000000000000e+03 3.178542612171787133e-03
1.850000000000000000e+03 3.017049685886655144e-03
1.852500000000000000e+03 2.844472013249314639e-03
1.855000000000000000e+03 2.853043828575759205e-03
1.857500000000000000e+03 3.078444865783503976e-03
1.860000000000000000e+03 3.380145693007538272e-03
1.862500000000000000e+03 3.573573078802987166e-03
1.865000000000000000e+03 3.598458301977777978e-03
1.867500000000000000e+03 3.573413511965945442e-03
1.870000000000000000e+03 3.669757325837734018e-03
1.872500000000000000e+03 3.906980971784542594e-03
1.875000000000000000e+03 4.080377788630535490e-03
1.877500000000000000e+03 3.926895057336539721e-03
1.880000000000000000e+03 3.385436379518572299e-03
1.882500000000000000e+03 2.686003831274394113e-03
1.885000000000000000e+03 2.166208499331855573e-03
1.887500000000000000e+03 1.990018415970433528e-03
1.890000000000000000e+03 2.030687732100668053e-03
1.892500000000000000e+03 2.005060895019270852e-03
1.895000000000000000e+03 1.716542794685664217e-03
1.897500000000000000e+03 1.197080209372134102e-03
1.900000000000000000e+03 6.529946130597669629e-04
1.902500000000000000e+03 2.844126914719229062e-04
1.905000000000000000e+03 1.376881611365951563e-04
1.907500000000000000e+03 1.136709226475828748e-04
1.910000000000000000e+03 1.155254306433082612e-04
1.912500000000000000e+03 1.808612789630113977e-04
1.915000000000000000e+03 4.445312276814895099e-04
1.917500000000000000e+03 9.543458432410620437e-04
1.920000000000000000e+03 1.543036631091862163e-03
1.922500000000000000e+03 1.925645482386319609e-03
1.925000000000000000e+03 1.950539347110471925e-03
1.927500000000000000e+03 1.752255096272867588e-03
1.930000000000000000e+03 1.646688483512746218e-03
1.932500000000000000e+03 1.866227242750791073e-03
1.935000000000000000e+03 2.373138973463839382e-03
1.937500000000000000e+03 2.897292983372380150e-03
1.940000000000000000e+03 3.149126636019814861e-03
1.942500000000000000e+03 3.034503074275554050e-03
1.945000000000000000e+03 2.708442836312615655e-03
1.947500000000000000e+03 2.428027615783054025e-03
1.950000000000000000e+03 2.330146729300409079e-03
1.952500000000000000e+03 2.337621013430548136e-03
1.955000000000000000e+03 2.284706177984024283e-03
1.957500000000000000e+03 2.129084048246301323e-03
1.960000000000000000e+03 2.018173526696625392e-03
1.962500000000000000e+03 2.132822795050964663e-03
1.965000000000000000e+03 2.479816393794789884e-03
1.967500000000000000e+03 2.862920652928843939e-03
1.970000000000000000e+03 3.064970904587815438e-03
1.972500000000000000e+03 3.050579630336090059e-03
1.975000000000000000e+03 2.991920111127941394e-03
1.977500000000000000e+03 3.107637159426885655e-03
1.980000000000000000e+03 3.471203696893946592e-03
1.982500000000000000e+03 3.949062335535870501e-03
1.985000000000000000e+03 4.311396718744844349e-03
1.987500000000000000e+03 4.425201691195760484e-03
1.990000000000000000e+03 4.366999679409779185e-03
1.992500000000000000e+03 4.340573245533559978e-03
1.995000000000000000e+03 4.457414132207140021e-03
1.997500000000000000e+03 4.595017081956972310e-03
2.000000000000000000e+03 4.497712924872258704e-03
