0.000000000000000000e+00 0.000000000000000000e+00 1.000000000000000000e+00
2.500000000000000000e+00 1.373922400453109760e-01 8.626077599546884134e-01
5.000000000000000000e+00 4.734758567196635237e-01 5.265241432803356991e-01
7.500000000000000000e+00 8.229379579727795768e-01 1.770620420272209228e-01
1.000000000000000000e+01 9.951845667415729624e-01 4.815433258426775678e-03
1.250000000000000000e+01 8.995569148407900339e-01 1.004430851592126445e-01
1.500000000000000000e+01 5.929626069316943360e-01 4.070373930683064412e-01
1.750000000000000000e+01 2.454152359144968210e-01 7.545847640855063432e-01
2.000000000000000000e+01 4.535219329324887555e-02 9.546478067067533102e-01
2.250000000000000000e+01 9.823229410561037933e-02 9.017677058943923685e-01
2.500000000000000000e+01 3.725845544999109582e-01 6.274154455000934272e-01
2.750000000000000000e+01 7.197602706225154634e-01 2.802397293774889775e-01
3.000000000000000000e+01 9.543311192902856899e-01 4.566888070972027758e-02
3.250000000000000000e+01 9.520227681073750725e-01 4.797723189262955573e-02
3.500000000000000000e+01 7.147583009346417660e-01 2.852416990653626749e-01
3.750000000000000000e+01 3.696730960166933477e-01 6.303269039833103715e-01
4.000000000000000000e+01 1.022188387816197891e-01 8.977811612183846934e-01
4.250000000000000000e+01 5.728678946682076722e-02 9.427132105331835765e-01
4.500000000000000000e+01 2.600901221018334653e-01 7.399098778981684221e-01
4.750000000000000000e+01 6.001719705407688732e-01 3.998280294592354012e-01
5.000000000000000000e+01 8.897091529669696186e-01 1.102908470330347945e-01
5.250000000000000000e+01 9.666383296503562317e-01 3.336167034964696021e-02
5.500000000000000000e+01 7.860945219130974770e-01 2.139054780869056038e-01
5.750000000000000000e+01 4.474735292691834343e-01 5.525264707308192857e-01
6.000000000000000000e+01 1.397191947368851273e-01 8.602808052631173430e-01
6.250000000000000000e+01 3.485298576426246880e-02 9.651470142357374549e-01
6.500000000000000000e+01 1.907251373878171563e-01 8.092748626121828437e-01
6.750000000000000000e+01 5.190312353562420711e-01 4.809687646437604269e-01
7.000000000000000000e+01 8.364163881160155967e-01 1.635836118839858466e-01
7.250000000000000000e+01 9.682066002503725288e-01 3.179339974962912263e-02
7.500000000000000000e+01 8.449798079903809711e-01 1.550201920096214436e-01
7.750000000000000000e+01 5.383790914278870909e-01 4.616209085721146854e-01
8.000000000000000000e+01 2.187688533899935783e-01 7.812311466100085866e-01
8.250000000000000000e+01 6.086705347627455187e-02 9.391329465237279184e-01
8.500000000000000000e+01 1.498211065998015512e-01 8.501788934002013631e-01
8.750000000000000000e+01 4.371605677876819751e-01 5.628394322123224658e-01
9.000000000000000000e+01 7.680332809736660771e-01 2.319667190263406120e-01
9.250000000000000000e+01 9.639701353125176286e-01 3.602986468748617388e-02
9.500000000000000000e+01 9.176866997613406518e-01 8.231330023866234580e-02
9.750000000000000000e+01 6.508997314068880602e-01 3.491002685931152705e-01
1.000000000000000000e+02 3.047219527778747827e-01 6.952780472221280483e-01
1.025000000000000000e+02 6.608015501467932873e-02 9.339198449853240991e-01
1.050000000000000000e+02 6.714603239924560318e-02 9.328539676007554515e-01
1.075000000000000000e+02 3.111915957703704216e-01 6.888084042296316323e-01
1.100000000000000000e+02 6.670520372704107359e-01 3.329479627295945932e-01
1.125000000000000000e+02 9.385446995456201424e-01 6.145530045438582500e-02
1.150000000000000000e+02 9.728160116208737218e-01 2.718398837913313729e-02
1.175000000000000000e+02 7.472393731877680079e-01 2.527606268122400413e-01
1.200000000000000000e+02 3.843159728373954920e-01 6.156840271626125016e-01
1.225000000000000000e+02 8.431197546166160905e-02 9.156880245383474115e-01
1.250000000000000000e+02 1.318401426546049644e-02 9.868159857345486508e-01
1.275000000000000000e+02 2.098699122308041454e-01 7.901300877691996849e-01
1.300000000000000000e+02 5.656622626696323763e-01 4.343377373303736189e-01
1.325000000000000000e+02 8.861303548720336209e-01 1.138696451279722216e-01
1.350000000000000000e+02 9.989871822811340341e-01 1.012817718874088569e-03
1.375000000000000000e+02 8.470552157327704279e-01 1.529447842672373159e-01
1.400000000000000000e+02 5.163527095218910512e-01 4.836472904781171644e-01
1.425000000000000000e+02 1.867841060013051002e-01 8.132158939987037538e-01
1.450000000000000000e+02 3.463963637256121247e-02 9.653603636274477040e-01
1.475000000000000000e+02 1.396903400710282628e-01 8.603096599289777879e-01
1.500000000000000000e+02 4.446836850871384028e-01 5.553163149128678144e-01
1.525000000000000000e+02 7.866131887814077350e-01 2.133868112185985377e-01
1.550000000000000000e+02 9.827161398802237713e-01 1.728386011978309822e-02
1.575000000000000000e+02 9.270038292817175396e-01 7.299617071828828907e-02
1.600000000000000000e+02 6.474624150274965739e-01 3.525375849725116417e-01
1.625000000000000000e+02 2.930148235964868397e-01 7.069851764035200992e-01
1.650000000000000000e+02 5.505460396946919299e-02 9.449453960305380651e-01
1.675000000000000000e+02 6.372359284265911861e-02 9.362764071573509428e-01
1.700000000000000000e+02 3.150080471441314978e-01 6.849919528558759962e-01
1.725000000000000000e+02 6.705406702945375663e-01 3.294593297054716485e-01
1.750000000000000000e+02 9.329286023868562649e-01 6.707139761315221438e-02
1.775000000000000000e+02 9.560119740372570174e-01 4.398802596275334931e-02
1.800000000000000000e+02 7.275134564559396777e-01 2.724865435440737005e-01
1.825000000000000000e+02 3.760448748212632530e-01 6.239551251787517350e-01
1.850000000000000000e+02 9.807347153313000776e-02 9.019265284668867011e-01
1.875000000000000000e+02 4.709077718468424045e-02 9.529092228153321908e-01
1.900000000000000000e+02 2.486426551465053536e-01 7.513573448535110222e-01
1.925000000000000000e+02 5.886719935156418115e-01 4.113280064843746198e-01
1.950000000000000000e+02 8.795344811048078082e-01 1.204655188952092199e-01
1.975000000000000000e+02 9.643732083846433545e-01 3.562679161537340294e-02
2.000000000000000000e+02 8.012972216311070595e-01 1.987027783689103988e-01
2.025000000000000000e+02 4.829439480747436675e-01 5.170560519252738185e-01
2.050000000000000000e+02 1.838362441263916569e-01 8.161637558736254405e-01
2.075000000000000000e+02 6.592197888131057226e-02 9.340780211187059701e-01
2.100000000000000000e+02 1.926504524865771395e-01 8.073495475134379040e-01
2.125000000000000000e+02 4.958043858603337073e-01 5.041956141396797264e-01
2.150000000000000000e+02 8.116513726611975788e-01 1.883486273388174648e-01
2.175000000000000000e+02 9.677385969121655718e-01 3.226140308784952726e-02
2.200000000000000000e+02 8.756738275719850861e-01 1.243261724280302627e-01
2.225000000000000000e+02 5.809962240150222668e-01 4.190037759849931098e-01
2.250000000000000000e+02 2.417581476251259298e-01 7.582418523748903905e-01
2.275000000000000000e+02 4.435364265670330153e-02 9.556463573433154890e-01
2.300000000000000000e+02 1.004393859511920339e-01 8.995606140488261460e-01
2.325000000000000000e+02 3.822793711034079278e-01 6.177206288966082814e-01
2.350000000000000000e+02 7.350733528672620531e-01 2.649266471327544892e-01
2.375000000000000000e+02 9.619814853730297433e-01 3.801851462698729867e-02
2.400000000000000000e+02 9.348709907889658499e-01 6.512900921105232999e-02
2.425000000000000000e+02 6.673703387297473810e-01 3.326296612702703270e-01
2.450000000000000000e+02 3.077081460587973161e-01 6.922918539412200589e-01
2.475000000000000000e+02 5.530015433121625301e-02 9.446998456688018297e-01
2.500000000000000000e+02 4.924406596650288126e-02 9.507559340335128839e-01
2.525000000000000000e+02 2.921636333221186987e-01 7.078363666778973995e-01
2.550000000000000000e+02 6.509568463623266465e-01 3.490431536376906174e-01
2.575000000000000000e+02 9.315874706291813467e-01 6.841252937083613928e-02
2.600000000000000000e+02 9.847260145440723811e-01 1.527398545594552300e-02
2.625000000000000000e+02 7.845815473234896142e-01 2.154184526765289265e-01
2.650000000000000000e+02 4.403061325735062037e-01 5.596938674265142799e-01
2.675000000000000000e+02 1.363746295154505406e-01 8.636253704845706647e-01
2.700000000000000000e+02 3.480106937430375857e-02 9.651989306257192647e-01
2.725000000000000000e+02 1.900791281352406659e-01 8.099208718647822325e-01
2.750000000000000000e+02 5.202079494355272837e-01 4.797920505644966971e-01
2.775000000000000000e+02 8.488972364950324589e-01 1.511027635049893847e-01
2.800000000000000000e+02 9.982530307681394266e-01 1.746969231882869586e-03
2.825000000000000000e+02 8.845071567168460991e-01 1.154928432831761609e-01
2.850000000000000000e+02 5.655702536763108634e-01 4.344297463237106194e-01
2.875000000000000000e+02 2.125581584708544358e-01 7.874418415291662976e-01
2.900000000000000000e+02 1.790514367692325193e-02 9.820948563230973427e-01
2.925000000000000000e+02 8.898060066581395255e-02 9.110193993342052821e-01
2.950000000000000000e+02 3.868749179671678307e-01 6.131250820328553175e-01
2.975000000000000000e+02 7.466505578145944400e-01 2.533494421854280976e-01
3.000000000000000000e+02 9.692316789083575967e-01 3.076832109166488180e-02
3.025000000000000000e+02 9.330081473250357860e-01 6.699185267498654339e-02
3.050000000000000000e+02 6.612296856159337599e-01 3.387703143840877784e-01
3.075000000000000000e+02 3.071505971873874641e-01 6.928494028126345183e-01
3.100000000000000000e+02 6.677356703665734972e-02 9.332264329633662703e-01
3.125000000000000000e+02 6.998249672690348699e-02 9.300175032731174962e-01
3.150000000000000000e+02 3.112038153761558235e-01 6.887961846238622732e-01
3.175000000000000000e+02 6.561262189557433011e-01 3.438737810442753506e-01
3.200000000000000000e+02 9.175981993922823765e-01 8.240180060773652504e-02
3.225000000000000000e+02 9.570687663875310225e-01 4.293123361248841335e-02
3.250000000000000000e+02 7.570194951586530774e-01 2.429805048413651303e-01
3.275000000000000000e+02 4.278489881152762742e-01 5.721510118847443760e-01
3.300000000000000000e+02 1.477174914791952176e-01 8.522825085208260987e-01
3.325000000000000000e+02 6.767338441175577146e-02 9.323266155882660167e-01
3.350000000000000000e+02 2.312653392004397623e-01 7.687346607995799719e-01
3.375000000000000000e+02 5.504196763486911559e-01 4.495803236513277179e-01
3.400000000000000000e+02 8.511320913276867461e-01 1.488679086723327383e-01
3.425000000000000000e+02 9.665923305929297049e-01 3.340766940709117422e-02
3.450000000000000000e+02 8.291639960461044678e-01 1.708360039539178199e-01
3.475000000000000000e+02 5.105440226459916353e-01 4.894559773540336778e-01
3.500000000000000000e+02 1.852286734338529084e-01 8.147713265661719051e-01
3.525000000000000000e+02 3.465101018760910478e-02 9.653489898124167912e-01
3.550000000000000000e+02 1.446809597705558115e-01 8.553190402294671424e-01
3.575000000000000000e+02 4.554469737937815732e-01 5.445530262062414639e-01
3.600000000000000000e+02 7.937429349074233143e-01 2.062570650925986682e-01
3.625000000000000000e+02 9.704945942415128535e-01 2.950540575850851138e-02
3.650000000000000000e+02 8.874727254512220220e-01 1.125272745487989334e-01
3.675000000000000000e+02 5.919987356196799722e-01 4.080012643803399008e-01
3.700000000000000000e+02 2.490729530734772657e-01 7.509270469265414416e-01
3.725000000000000000e+02 4.830845733010105669e-02 9.516915426699201763e-01
3.750000000000000000e+02 9.935141116860043975e-02 9.006485888314197386e-01
3.775000000000000000e+02 3.736483488625321758e-01 6.263516511374859208e-01
3.800000000000000000e+02 7.224017600489244240e-01 2.775982399510933396e-01
3.825000000000000000e+02 9.582921031016482516e-01 4.170789689836941483e-02
3.850000000000000000e+02 9.556200902227229843e-01 4.437990977729434211e-02
3.875000000000000000e+02 7.160976053091289151e-01 2.839023946908891816e-01
3.900000000000000000e+02 3.671941558937729111e-01 6.328058441062446304e-01
3.925000000000000000e+02 9.496598863633819165e-02 9.050340113636813344e-01
3.950000000000000000e+02 4.606425243827663718e-02 9.539357475617403770e-01
3.975000000000000000e+02 2.491620124009599202e-01 7.508379875990550678e-01
4.000000000000000000e+02 5.972778375514710136e-01 4.027221624485436968e-01
4.025000000000000000e+02 9.024693701650701172e-01 9.753062983494385774e-02
4.050000000000000000e+02 9.963567581803287609e-01 3.643241819686868482e-03
4.075000000000000000e+02 8.233067509113112248e-01 1.766932490887024587e-01
4.100000000000000000e+02 4.740579043354974376e-01 5.259420956645144418e-01
4.125000000000000000e+02 1.384194128833753645e-01 8.615805871166377639e-01
4.150000000000000000e+02 9.868641035564295477e-04 9.990131358964555730e-01
4.175000000000000000e+02 1.377651242715609015e-01 8.622348757284493681e-01
4.200000000000000000e+02 4.729727899369336463e-01 5.270272100630774004e-01
4.225000000000000000e+02 8.214649806866385351e-01 1.785350193133723451e-01
4.250000000000000000e+02 9.925747984000904411e-01 7.425201599921815547e-03
4.275000000000000000e+02 8.958084076279145824e-01 1.041915923720972137e-01
4.300000000000000000e+02 5.888526199054996413e-01 4.111473800945133483e-01
4.325000000000000000e+02 2.426871484505162269e-01 7.573128515494963464e-01
4.350000000000000000e+02 4.581797928872306108e-02 9.541820207112901020e-01
4.375000000000000000e+02 1.021627804734343975e-01 8.978372195265779121e-01
4.400000000000000000e+02 3.777578886753166776e-01 6.222421113246958679e-01
4.425000000000000000e+02 7.223914022195067064e-01 2.776085977805065608e-01
4.450000000000000000e+02 9.516359728638004167e-01 4.836402713621241328e-02
4.475000000000000000e+02 9.445820262966823089e-01 5.541797370333140932e-02
4.500000000000000000e+02 7.066859898135162688e-01 2.933140101864969984e-01
4.525000000000000000e+02 3.661851413947587730e-01 6.338148586052554379e-01
4.550000000000000000e+02 1.062352255007234791e-01 8.937647744992882615e-01
4.575000000000000000e+02 6.747384972459952168e-02 9.325261502754147447e-01
4.600000000000000000e+02 2.716646905477294038e-01 7.283353094522874160e-01
4.625000000000000000e+02 6.077912955155049257e-01 3.922087044845140591e-01
4.650000000000000000e+02 8.904287633488149334e-01 1.095712366512044678e-01
4.675000000000000000e+02 9.611388040208690420e-01 3.886119597915067142e-02
4.700000000000000000e+02 7.777849685511687428e-01 2.222150314488528511e-01
4.725000000000000000e+02 4.404578718078017707e-01 5.595421281922183798e-01
4.750000000000000000e+02 1.369729509871275286e-01 8.630270490128932881e-01
4.775000000000000000e+02 3.732952988447169052e-02 9.626704701155482935e-01
4.800000000000000000e+02 1.972983041837453322e-01 8.027016958162764837e-01
4.825000000000000000e+02 5.268975163483221591e-01 4.731024836517010446e-01
4.850000000000000000e+02 8.418663780307256150e-01 1.581336219692978939e-01
4.875000000000000000e+02 9.679542469825515028e-01 3.204575301747338012e-02
4.900000000000000000e+02 8.379050080746630602e-01 1.620949919253612814e-01
4.925000000000000000e+02 5.267425402815234525e-01 4.732574597185004173e-01
4.950000000000000000e+02 2.076647174790552386e-01 7.923352825209697414e-01
4.975000000000000000e+02 5.563926188333073730e-02 9.443607381166942982e-01
5.000000000000000000e+02 1.528458246444786006e-01 8.471541753555490439e-01
5.025000000000000000e+02 4.462512612606812090e-01 5.537487387393457139e-01
5.050000000000000000e+02 7.777615544110720869e-01 2.222384455889557797e-01
5.075000000000000000e+02 9.690774185899769799e-01 3.092258141005109831e-02
5.100000000000000000e+02 9.162226645680665582e-01 8.377733543196026755e-02
5.125000000000000000e+02 6.449954706229007462e-01 3.550045293771263988e-01
5.150000000000000000e+02 2.987161733888631376e-01 7.012838266111630636e-01
5.175000000000000000e+02 6.358605386864468745e-02 9.364139461313832902e-01
5.200000000000000000e+02 6.914522926352144327e-02 9.308547707365087964e-01
5.225000000000000000e+02 3.161572850384937738e-01 6.838427149615319278e-01
5.250000000000000000e+02 6.725022490947263343e-01 3.274977509052998670e-01
5.275000000000000000e+02 9.426039693923381479e-01 5.739603060768879578e-02
5.300000000000000000e+02 9.747772092271509425e-01 2.522279077287593180e-02
5.325000000000000000e+02 7.471915959115927874e-01 2.528084040884341355e-01
5.350000000000000000e+02 3.826298293380844817e-01 6.173701706619418861e-01
5.375000000000000000e+02 8.156605981258176208e-02 9.184339401874435094e-01
5.400000000000000000e+02 1.032832053177985474e-02 9.896716794682404172e-01
5.425000000000000000e+02 2.079988256584205941e-01 7.920011743415985572e-01
5.450000000000000000e+02 5.652504319716367132e-01 4.347495680283825492e-01
5.475000000000000000e+02 8.864341881060093797e-01 1.135658118940107431e-01
5.500000000000000000e+02 9.984555849559126894e-01 1.544415044108600824e-03
5.525000000000000000e+02 8.446886751090876277e-01 1.553113248909319677e-01
5.550000000000000000e+02 5.128751507530721065e-01 4.871248492469479885e-01
5.575000000000000000e+02 1.844030478067369139e-01 8.155969521932866506e-01
5.600000000000000000e+02 3.531507375883240207e-02 9.646849262411900661e-01
5.625000000000000000e+02 1.432646737667954140e-01 8.567353262332249031e-01
5.650000000000000000e+02 4.485851954701469690e-01 5.514148045298752354e-01
5.675000000000000000e+02 7.876373618256599096e-01 2.123626381743596858e-01
5.700000000000000000e+02 9.795874228982608400e-01 2.041257710175869641e-02
5.725000000000000000e+02 9.216422748471690962e-01 7.835772515285206741e-02
5.750000000000000000e+02 6.438532034792254777e-01 3.561467965207938402e-01
5.775000000000000000e+02 2.944707391663677898e-01 7.055292608336516391e-01
5.800000000000000000e+02 6.189015327375264192e-02 9.381098467262679597e-01
5.825000000000000000e+02 7.298959649064006017e-02 9.270104035093816863e-01
5.850000000000000000e+02 3.223615524358474094e-01 6.776384475641746841e-01
5.875000000000000000e+02 6.728231697254367649e-01 3.271768302745869939e-01
5.900000000000000000e+02 9.297132008956180416e-01 7.028679910440353840e-02
5.925000000000000000e+02 9.493704635999550279e-01 5.062953640006696843e-02
5.950000000000000000e+02 7.205966527520994980e-01 2.794033472479239277e-01
5.975000000000000000e+02 3.716271455687325531e-01 6.283728544312903175e-01
6.000000000000000000e+02 9.773167286389838893e-02 9.022683271361257029e-01
6.025000000000000000e+02 5.090576091841678141e-02 9.490942390816096141e-01
6.050000000000000000e+02 2.550736716346889699e-01 7.449263283653352330e-01
6.075000000000000000e+02 5.946882165833947687e-01 4.053117834166310995e-01
6.100000000000000000e+02 8.815183750316654132e-01 1.184816249683613570e-01
6.125000000000000000e+02 9.599581076741141583e-01 4.004189232591328501e-02
6.150000000000000000e+02 7.912447216644563630e-01 2.087552783355726416e-01
6.175000000000000000e+02 4.714974910196776392e-01 5.285025089803525589e-01
6.200000000000000000e+02 1.767178018805993234e-01 8.232821981194292649e-01
6.225000000000000000e+02 6.694446677592598427e-02 9.330555332241043942e-01
6.250000000000000000e+02 2.012344460359009601e-01 7.987655539641315139e-01
6.275000000000000000e+02 5.072313910008441340e-01 4.927686089991889506e-01
6.300000000000000000e+02 8.199499748532937948e-01 1.800500251467393453e-01
6.325000000000000000e+02 9.692371814012139541e-01 3.076281859881866559e-02
6.350000000000000000e+02 8.708764077495669831e-01 1.291235922504664624e-01
6.375000000000000000e+02 5.737410305670271882e-01 4.262589694330063961e-01
6.400000000000000000e+02 2.365407621968076413e-01 7.634592378032284410e-01
6.425000000000000000e+02 4.378341443750295714e-02 9.562165855625306410e-01
6.450000000000000000e+02 1.043441762944874729e-01 8.956558237055466387e-01
6.475000000000000000e+02 3.885440973032674994e-01 6.114559026967651967e-01
6.500000000000000000e+02 7.411410149154908922e-01 2.588589850845405271e-01
6.525000000000000000e+02 9.658876119403569938e-01 3.411238805967615334e-02
6.550000000000000000e+02 9.355184297393728254e-01 6.448157026065962083e-02
6.575000000000000000e+02 6.645355441387710282e-01 3.354644558612630556e-01
6.600000000000000000e+02 3.022252334639700666e-01 6.977747665360648499e-01
6.625000000000000000e+02 4.916662486993304132e-02 9.508333751301026870e-01
6.650000000000000000e+02 4.499644154735576995e-02 9.550035584526785915e-01
6.675000000000000000e+02 2.914531354145019626e-01 7.085468645855335090e-01
6.700000000000000000e+02 6.532954877191836651e-01 3.467045122808531943e-01
6.725000000000000000e+02 9.344914948208064009e-01 6.550850517922929273e-02
6.750000000000000000e+02 9.854494355224532320e-01 1.455056447758327522e-02
6.775000000000000000e+02 7.822005572279926433e-01 2.177994427720425508e-01
6.800000000000000000e+02 4.364556106451895623e-01 5.635443893548461869e-01
6.825000000000000000e+02 1.339530948990189652e-01 8.660469051010160069e-01
6.850000000000000000e+02 3.563821715290319686e-02 9.643617828471333642e-01
6.875000000000000000e+02 1.934664124374087801e-01 8.065335875626292728e-01
6.900000000000000000e+02 5.235078884195567550e-01 4.764921115804818808e-01
6.925000000000000000e+02 8.497231270522674906e-01 1.502768729477723664e-01
6.950000000000000000e+02 9.964200045976174813e-01 3.579995402422582983e-03
6.975000000000000000e+02 8.821838827872723332e-01 1.178161172127674405e-01
7.000000000000000000e+02 5.655608524902496770e-01 4.344391475097887922e-01
7.025000000000000000e+02 2.161243306124126518e-01 7.838756693876265391e-01
7.050000000000000000e+02 2.381621050116681029e-02 9.761837894988714126e-01
7.075000000000000000e+02 9.441247861431917299e-02 9.055875213857211836e-01
7.100000000000000000e+02 3.893059212181051443e-01 6.106940787819360450e-01
7.125000000000000000e+02 7.452566285121444700e-01 2.547433714878936106e-01
7.150000000000000000e+02 9.649452860441264379e-01 3.505471395591127498e-02
7.175000000000000000e+02 9.276328570730245637e-01 7.236714292701444673e-02
7.200000000000000000e+02 6.565777153891365625e-01 3.434222846109036831e-01
7.225000000000000000e+02 3.046864352119171282e-01 6.953135647881237835e-01
7.250000000000000000e+02 6.744207301640478547e-02 9.325579269836341556e-01
7.275000000000000000e+02 7.373946199592709694e-02 9.262605380041104564e-01
7.300000000000000000e+02 3.164190525696584100e-01 6.835809474303797817e-01
7.325000000000000000e+02 6.597081038985861401e-01 3.402918961014507748e-01
7.350000000000000000e+02 9.164486672982248283e-01 8.355133270181366867e-02
7.375000000000000000e+02 9.502791243173248636e-01 4.972087568271316149e-02
7.400000000000000000e+02 7.471567570170355443e-01 2.528432429830010930e-01
7.425000000000000000e+02 4.199743367937264216e-01 5.800256632063114370e-01
7.450000000000000000e+02 1.464328324502459089e-01 8.535671675497911171e-01
7.475000000000000000e+02 7.413975312527412709e-02 9.258602468747634262e-01
7.500000000000000000e+02 2.423196474436714598e-01 7.576803525563666764e-01
7.525000000000000000e+02 5.604565722902007385e-01 4.395434277098353437e-01
7.550000000000000000e+02 8.554740802373216324e-01 1.445259197627140613e-01
7.575000000000000000e+02 9.640908774471960152e-01 3.590912255283749965e-02
7.600000000000000000e+02 8.224268625766283369e-01 1.775731374234063853e-01
7.625000000000000000e+02 5.039290004183752947e-01 4.960709995816599549e-01
7.650000000000000000e+02 1.822200659792394817e-01 8.177799340207972945e-01
7.675000000000000000e+02 3.634040561108348166e-02 9.636595943889534333e-01
7.700000000000000000e+02 1.499142613818503778e-01 8.500857386181899233e-01
7.725000000000000000e+02 4.619245136723820755e-01 5.380754863276600020e-01
7.750000000000000000e+02 7.990311302601517118e-01 2.009688697398906987e-01
7.775000000000000000e+02 9.725663099163687209e-01 2.743369008367179188e-02
7.800000000000000000e+02 8.851385054640412697e-01 1.148614945359996142e-01
7.825000000000000000e+02 5.855475447551852231e-01 4.144524552448579646e-01
7.850000000000000000e+02 2.407072444767739683e-01 7.592927555232686920e-01
7.875000000000000000e+02 4.153661242022158029e-02 9.584633875798193037e-01
7.900000000000000000e+02 9.716135134180146904e-02 9.028386486582385961e-01
7.925000000000000000e+02 3.765447425641703649e-01 6.234552574358683819e-01
7.950000000000000000e+02 7.278942521646715180e-01 2.721057478353683945e-01
7.975000000000000000e+02 9.624667543629840116e-01 3.753324563705549843e-02
8.000000000000000000e+02 9.557732122329488655e-01 4.422678776709204618e-02
8.025000000000000000e+02 7.125058468932288225e-01 2.874941531068120337e-01
8.050000000000000000e+02 3.627149708846309495e-01 6.372850291154099622e-01
8.075000000000000000e+02 9.281988359188855786e-02 9.071801164081515489e-01
8.100000000000000000e+02 4.753225275866305305e-02 9.524677472413745072e-01
8.125000000000000000e+02 2.529336347027402176e-01 7.470663652972957536e-01
8.150000000000000000e+02 6.008035957293286211e-01 3.991964042707075166e-01
8.175000000000000000e+02 9.040638713521965686e-01 9.593612864784156757e-02
8.200000000000000000e+02 9.963121292515093597e-01 3.687870748529640825e-03
8.225000000000000000e+02 8.232544567816149073e-01 1.767455432184256992e-01
8.250000000000000000e+02 4.753336627039724260e-01 5.246663372960675975e-01
8.275000000000000000e+02 1.409229863206238886e-01 8.590770136794153577e-01
8.300000000000000000e+02 3.418784955746980922e-03 9.965812150442900919e-01
8.325000000000000000e+02 1.388037848339892522e-01 8.611962151660493836e-01
8.350000000000000000e+02 4.721918247053057960e-01 5.278081752947341165e-01
8.375000000000000000e+02 8.192719813540927376e-01 1.807280186459454541e-01
8.400000000000000000e+02 9.895672465899966186e-01 1.043275341004425150e-02
8.425000000000000000e+02 8.924431703150711437e-01 1.075568296849697680e-01
8.450000000000000000e+02 5.857380306942389092e-01 4.142619693058022246e-01
8.475000000000000000e+02 2.408980631905532355e-01 7.591019368094895636e-01
8.500000000000000000e+02 4.647239294418653577e-02 9.535276070558558192e-01
8.525000000000000000e+02 1.053132828632657170e-01 8.946867171367762772e-01
8.550000000000000000e+02 3.816192734528850439e-01 6.183807265471585879e-01
8.575000000000000000e+02 7.239766480399121296e-01 2.760233519601315577e-01
8.600000000000000000e+02 9.487572436508814322e-01 5.124275634916041627e-02
8.625000000000000000e+02 9.378088422067798469e-01 6.219115779326381266e-02
8.650000000000000000e+02 6.995584072067370096e-01 3.004415927933050678e-01
8.675000000000000000e+02 3.631995007681501075e-01 6.368004992318908597e-01
8.700000000000000000e+02 1.098899116583492153e-01 8.901100883416935838e-01
8.725000000000000000e+02 7.648477143597201544e-02 9.235152285640699787e-01
8.750000000000000000e+02 2.816610219490125466e-01 7.183389780510267553e-01
8.775000000000000000e+02 6.140153095213622958e-01 3.859846904786778943e-01
8.800000000000000000e+02 8.905448618135438643e-01 1.094551381864950212e-01
8.825000000000000000e+02 9.562752590051242230e-01 4.372474099491578670e-02
8.850000000000000000e+02 7.713510812512707204e-01 2.286489187487691088e-01
8.875000000000000000e+02 4.359037448825556216e-01 5.640962551174850681e-01
8.900000000000000000e+02 1.361424787840103123e-01 8.638575212160308769e-01
8.925000000000000000e+02 4.016902933134321174e-02 9.598309706687027099e-01
8.950000000000000000e+02 2.024565077851430972e-01 7.975434922149029493e-01
8.975000000000000000e+02 5.323533203527056612e-01 4.676466796473376930e-01
9.000000000000000000e+02 8.453076601659504918e-01 1.546923398340931677e-01
9.025000000000000000e+02 9.673254861652724745e-01 3.267451383477051885e-02
9.050000000000000000e+02 8.324354478893196685e-01 1.675645521107244629e-01
9.075000000000000000e+02 5.179281205525154697e-01 4.820718794475278290e-01
9.100000000000000000e+02 1.991220462981933281e-01 8.008779537018506645e-01
9.125000000000000000e+02 5.134848365591083985e-02 9.486515163441325837e-01
9.150000000000000000e+02 1.547015266027864100e-01 8.452984733972567222e-01
9.175000000000000000e+02 4.526984574103997128e-01 5.473015425896426978e-01
9.200000000000000000e+02 7.846741747743386508e-01 2.153258252257039818e-01
9.225000000000000000e+02 9.723906149237826479e-01 2.760938507626180261e-02
9.250000000000000000e+02 9.145002799906353230e-01 8.549972000940793404e-02
9.275000000000000000e+02 6.401394157583472078e-01 3.598605842416949252e-01
9.300000000000000000e+02 2.943892126457706149e-01 7.056107873542712960e-01
9.325000000000000000e+02 6.260676192985664690e-02 9.373932380701880396e-01
9.350000000000000000e+02 7.181376178325371562e-02 9.281862382167918035e-01
9.375000000000000000e+02 3.206024981550521513e-01 6.793975018449940340e-01
9.400000000000000000e+02 6.764520906391007227e-01 3.235479093609436307e-01
9.425000000000000000e+02 9.449541412062946177e-01 5.504585879374965934e-02
9.450000000000000000e+02 9.757958867610841969e-01 2.420411323895972980e-02
9.475000000000000000e+02 7.475791276548010567e-01 2.524208723452421310e-01
9.500000000000000000e+02 3.826094155675392461e-01 6.173905844325028314e-01
9.525000000000000000e+02 8.088674701337485173e-02 9.191132529866659073e-01
9.550000000000000000e+02 8.938460535286487513e-03 9.910615394647568355e-01
9.575000000000000000e+02 2.064208307348014693e-01 7.935791692652406359e-01
9.600000000000000000e+02 5.641211071859489889e-01 4.358788928140915897e-01
9.625000000000000000e+02 8.857349424170505303e-01 1.142650575829908116e-01
9.650000000000000000e+02 9.974045593333009663e-01 2.595440666740658417e-03
9.675000000000000000e+02 8.425814185098705611e-01 1.574185814901704061e-01
9.700000000000000000e+02 5.100882904478127866e-01 4.899117095522287357e-01
9.725000000000000000e+02 1.824579095440344856e-01 8.175420904560105617e-01
9.750000000000000000e+02 3.570188528271672768e-02 9.642981147173271816e-01
9.775000000000000000e+02 1.459387657150594264e-01 8.540612342849849270e-01
9.800000000000000000e+02 4.515436252435571785e-01 5.484563747564896730e-01
9.825000000000000000e+02 7.882138051843730064e-01 2.117861948156745944e-01
9.850000000000000000e+02 9.766118349903682994e-01 2.338816500967813919e-02
9.875000000000000000e+02 9.167017453822240425e-01 8.329825461782100482e-02
9.900000000000000000e+02 6.404732152310563809e-01 3.595267847689885277e-01
9.925000000000000000e+02 2.956916559637755570e-01 7.043083440362706282e-01
9.950000000000000000e+02 6.804008743211167887e-02 9.319599125679326468e-01
9.975000000000000000e+02 8.134437564349418504e-02 9.186556243565524582e-01
1.000000000000000000e+03 3.289285266138233244e-01 6.710714733862231940e-01
1.002500000000000000e+03 6.748647790630886156e-01 3.251352209369584578e-01
1.005000000000000000e+03 9.271639879315379806e-01 7.283601206850937038e-02
1.007500000000000000e+03 9.443499281434046821e-01 5.565007185664364031e-02
1.010000000000000000e+03 7.157805659280654931e-01 2.842194340719831347e-01
1.012500000000000000e+03 3.688886498952645976e-01 6.311113501047844743e-01
1.015000000000000000e+03 9.777758920130615039e-02 9.022224107987429909e-01
1.017500000000000000e+03 5.353093889142856998e-02 9.464690611086167271e-01
1.020000000000000000e+03 2.593072349693374967e-01 7.406927650307082445e-01
1.022500000000000000e+03 5.987106265571950914e-01 4.012893734428526482e-01
1.025000000000000000e+03 8.829344810938264398e-01 1.170655189062203838e-01
1.027500000000000000e+03 9.569024425648973153e-01 4.309755743515005649e-02
1.030000000000000000e+03 7.838667708437229154e-01 2.161332291563248797e-01
1.032500000000000000e+03 4.625797781171876455e-01 5.374202218828595390e-01
1.035000000000000000e+03 1.705049731165136917e-01 8.294950268835331597e-01
1.037500000000000000e+03 6.663945344549089544e-02 9.333605465545569135e-01
1.040000000000000000e+03 2.068532602344681504e-01 7.931467397655826979e-01
1.042500000000000000e+03 5.154424165576972916e-01 4.845575834423530570e-01
1.045000000000000000e+03 8.261413456305510827e-01 1.738586543694993769e-01
1.047500000000000000e+03 9.704249046051665051e-01 2.957509539488485661e-02
1.050000000000000000e+03 8.674282836998556956e-01 1.325717163001945142e-01
1.052500000000000000e+03 5.687616647526340108e-01 4.312383352474177811e-01
1.055000000000000000e+03 2.335245461291620694e-01 7.664754538708872245e-01
1.057500000000000000e+03 4.439751357975769280e-02 9.556024864202899982e-01
1.060000000000000000e+03 1.078897781642937648e-01 8.921102218357553904e-01
1.062500000000000000e+03 3.930938022962096046e-01 6.069061977038392452e-01
1.065000000000000000e+03 7.450395114149130915e-01 2.549604885851371461e-01
1.067500000000000000e+03 9.683677074657601747e-01 3.163229253429135357e-02
1.070000000000000000e+03 9.363379251625117972e-01 6.366207483753938412e-02
1.072500000000000000e+03 6.635070337165003274e-01 3.364929662835500768e-01
1.075000000000000000e+03 2.993673944966713796e-01 7.006326055033782474e-01
1.077500000000000000e+03 4.524294489331638636e-02 9.547570551067343647e-01
1.080000000000000000e+03 4.156142365978809233e-02 9.584385763402601954e-01
1.082500000000000000e+03 2.899666410052339494e-01 7.100333589948131241e-01
1.085000000000000000e+03 6.539425963119530616e-01 3.460574036880930682e-01
1.087500000000000000e+03 9.358607397474310030e-01 6.413926025261534880e-02
1.090000000000000000e+03 9.855598720243802235e-01 1.444012797566605194e-02
1.092500000000000000e+03 7.801376653155059904e-01 2.198623346845378079e-01
1.095000000000000000e+03 4.332379892461373783e-01 5.667620107539041996e-01
1.097500000000000000e+03 1.318056428578383843e-01 8.681943571422030548e-01
1.100000000000000000e+03 3.616456186059487099e-02 9.638354381394492743e-01
1.102500000000000000e+03 1.962207530123215860e-01 8.037792469877234058e-01
1.105000000000000000e+03 5.262535308027358472e-01 4.737464691973086173e-01
1.107500000000000000e+03 8.502706583426522524e-01 1.497293416573924618e-01
1.110000000000000000e+03 9.945221864303178672e-01 5.477813569727316319e-03
1.112500000000000000e+03 8.798489424873805476e-01 1.201510575126662622e-01
1.115000000000000000e+03 5.654856251829196712e-01 4.345143748171291787e-01
1.117500000000000000e+03 2.195462553723837862e-01 7.804537446276655910e-01
1.120000000000000000e+03 2.953831825377831177e-02 9.704616817462698997e-01
1.122500000000000000e+03 9.971273041401519655e-02 9.002872695860349994e-01
1.125000000000000000e+03 3.918572925182298716e-01 6.081427074818213097e-01
1.127500000000000000e+03 7.444643215938619996e-01 2.555356784061906805e-01
1.130000000000000000e+03 9.618314393963123266e-01 3.816856060374151927e-02
1.132500000000000000e+03 9.237667130459861209e-01 7.623328695406883515e-02
1.135000000000000000e+03 6.531991699380321759e-01 3.468008300620237239e-01
1.137500000000000000e+03 3.025971835627052631e-01 6.974028164373478056e-01
1.140000000000000000e+03 6.723990454804427974e-02 9.327600954520087750e-01
1.142500000000000000e+03 7.567297089638425067e-02 9.243270291036692621e-01
1.145000000000000000e+03 3.197869993492829521e-01 6.802130006507690618e-01
1.147500000000000000e+03 6.625404075849079533e-01 3.374595924151431170e-01
1.150000000000000000e+03 9.162521896208075667e-01 8.374781037924530769e-02
1.152500000000000000e+03 9.457247111258256789e-01 5.427528887422611303e-02
1.155000000000000000e+03 7.394995416532381682e-01 2.605004583468142898e-01
1.157500000000000000e+03 4.128483958213658989e-01 5.871516041786873918e-01
1.160000000000000000e+03 1.437964984466811313e-01 8.562035015533738802e-01
1.162500000000000000e+03 7.767917195136883612e-02 9.223208280486865362e-01
1.165000000000000000e+03 2.502086220855502252e-01 7.497913779145104485e-01
1.167500000000000000e+03 5.684643892433893786e-01 4.315356107566676869e-01
1.170000000000000000e+03 8.596818136500755658e-01 1.403181863499814996e-01
1.172500000000000000e+03 9.632656444840781429e-01 3.673435551597814541e-02
1.175000000000000000e+03 8.183989762866421547e-01 1.816010237134146332e-01
1.177500000000000000e+03 4.999200850981182498e-01 5.000799149019401479e-01
1.180000000000000000e+03 1.806320703117678672e-01 8.193679296882894203e-01
1.182500000000000000e+03 3.767547197074253007e-02 9.623245280293151183e-01
1.185000000000000000e+03 1.532329944070493777e-01 8.467670055930128781e-01
1.187500000000000000e+03 4.659103971249696219e-01 5.340896028750924396e-01
1.190000000000000000e+03 8.025638204748166693e-01 1.974361795252465579e-01
1.192500000000000000e+03 9.746248746941482688e-01 2.537512530591527066e-02
1.195000000000000000e+03 8.847141272174539051e-01 1.152858727826106544e-01
1.197500000000000000e+03 5.821386350381622110e-01 4.178613649619032366e-01
1.200000000000000000e+03 2.350932623132293009e-01 7.649067376868354806e-01
1.202500000000000000e+03 3.589581799902887005e-02 9.641041820010355368e-01
1.205000000000000000e+03 9.399518042946523877e-02 9.060048195705997509e-01
1.207500000000000000e+03 3.770028949149129005e-01 6.229971050851487169e-01
1.210000000000000000e+03 7.308399448126304820e-01 2.691600551874324676e-01
1.212500000000000000e+03 9.651840961467615942e-01 3.481590385330167459e-02
1.215000000000000000e+03 9.559184356185278508e-01 4.408156438153433554e-02
1.217500000000000000e+03 7.098416463956974676e-01 2.901583536043638167e-01
1.220000000000000000e+03 3.592460073105432916e-01 6.407539926895200466e-01
1.222500000000000000e+03 9.117256776653279160e-02 9.088274322335294642e-01
1.225000000000000000e+03 4.887318255362557706e-02 9.511268174464397873e-01
1.227500000000000000e+03 2.561584924472004032e-01 7.438415075528637121e-01
1.230000000000000000e+03 6.036451458930415237e-01 3.963548541070255338e-01
1.232500000000000000e+03 9.050733813675735373e-01 9.492661863249228504e-02
1.235000000000000000e+03 9.959496647519117118e-01 4.050335248154773166e-03
1.237500000000000000e+03 8.232294707548143409e-01 1.767705292452517729e-01
1.240000000000000000e+03 4.769433852578844335e-01 5.230566147421817913e-01
1.242500000000000000e+03 1.439342201672192401e-01 8.560657798328485946e-01
1.245000000000000000e+03 6.384818295811197156e-03 9.936151817042567780e-01
1.247500000000000000e+03 1.403310273575103240e-01 8.596689726425592593e-01
1.250000000000000000e+03 4.718992256142208186e-01 5.281007743858452397e-01
1.252500000000000000e+03 8.176808846085440452e-01 1.823191153915229012e-01
1.255000000000000000e+03 9.873134437062026647e-01 1.268655629386305182e-02
1.257500000000000000e+03 8.897966038641925701e-01 1.102033961358720310e-01
1.260000000000000000e+03 5.828974704246646654e-01 4.171025295754008932e-01
1.262500000000000000e+03 2.385499080345022671e-01 7.614500919655617928e-01
1.265000000000000000e+03 4.574144313093547048e-02 9.542585568691280828e-01
1.267500000000000000e+03 1.068563235611370288e-01 8.931436764389258931e-01
1.270000000000000000e+03 3.846021558309388189e-01 6.153978441691251300e-01
1.272500000000000000e+03 7.260662044776845514e-01 2.739337955223801746e-01
1.275000000000000000e+03 9.475543551785950980e-01 5.244564482146819862e-02
1.277500000000000000e+03 9.328209876858877259e-01 6.717901231417497399e-02
1.280000000000000000e+03 6.930680264035096183e-01 3.069319735965522766e-01
1.282500000000000000e+03 3.590724690808124175e-01 6.409275309192489223e-01
1.285000000000000000e+03 1.110169832875045060e-01 8.889830167125585270e-01
1.287500000000000000e+03 8.274103333621099510e-02 9.172589666638487627e-01
1.290000000000000000e+03 2.899457175163292488e-01 7.100542824837265954e-01
1.292500000000000000e+03 6.203310191967831289e-01 3.796689808032714941e-01
1.295000000000000000e+03 8.925115098882413500e-01 1.074884901118128844e-01
1.297500000000000000e+03 9.542473053040309017e-01 4.575269469602359640e-02
1.300000000000000000e+03 7.675746731414621049e-01 2.324253268585943499e-01
1.302500000000000000e+03 4.327450133155261724e-01 5.672549866845296718e-01
1.305000000000000000e+03 1.348942761666317713e-01 8.651057238334225463e-01
1.307500000000000000e+03 4.102264355303581606e-02 9.589773564470160938e-01
1.310000000000000000e+03 2.050307290927924075e-01 7.949692709072596619e-01
1.312500000000000000e+03 5.359235110672132540e-01 4.640764889328403697e-01
1.315000000000000000e+03 8.486146955866300523e-01 1.513853044134249592e-01
1.317500000000000000e+03 9.685961908900252437e-01 3.140380911002759595e-02
1.320000000000000000e+03 8.301595716363876498e-01 1.698404283636656131e-01
1.322500000000000000e+03 5.120811386361168172e-01 4.879188613639357519e-01
1.325000000000000000e+03 1.917719559852366917e-01 8.082280440148154055e-01
1.327500000000000000e+03 4.579994405773954447e-02 9.542000559423122752e-01
1.330000000000000000e+03 1.534863467715752994e-01 8.465136532284726067e-01
1.332500000000000000e+03 4.558240809880607092e-01 5.441759190119858092e-01
1.335000000000000000e+03 7.895418719163389554e-01 2.104581280837078128e-01
1.337500000000000000e+03 9.755834419499659349e-01 2.441655805008078467e-02
1.340000000000000000e+03 9.141644592380313572e-01 8.583554076201457828e-02
1.342500000000000000e+03 6.371544701466946847e-01 3.628455298533507234e-01
1.345000000000000000e+03 2.914459989766651216e-01 7.085540010233781771e-01
1.347500000000000000e+03 6.201507600240336454e-02 9.379849239976413289e-01
1.350000000000000000e+03 7.389132053120109345e-02 9.261086794688448975e-01
1.352500000000000000e+03 3.238761408069451009e-01 6.761238591930993636e-01
1.355000000000000000e+03 6.792132713558776125e-01 3.207867286441676846e-01
1.357500000000000000e+03 9.466032400186936702e-01 5.339675998135001711e-02
1.360000000000000000e+03 9.768673652987720502e-01 2.313263470127162671e-02
1.362500000000000000e+03 7.487344725647825383e-01 2.512655274352601498e-01
1.365000000000000000e+03 3.837841431667006198e-01 6.162158568333437891e-01
1.367500000000000000e+03 8.141805102160123986e-02 9.185819489784361469e-01
1.370000000000000000e+03 8.395236708016567614e-03 9.916047632920237387e-01
1.372500000000000000e+03 2.051527064716348880e-01 7.948472935284042196e-01
1.375000000000000000e+03 5.629011729576877121e-01 4.370988270423498134e-01
1.377500000000000000e+03 8.848820302115850689e-01 1.151179697884521791e-01
1.380000000000000000e+03 9.963710428200457381e-01 3.628957179990936581e-03
1.382500000000000000e+03 8.405447660322520331e-01 1.594552339677839103e-01
1.385000000000000000e+03 5.070363412009064596e-01 4.929636587991305108e-01
1.387500000000000000e+03 1.796578722487883195e-01 8.203421277512461529e-01
1.390000000000000000e+03 3.489807032312243484e-02 9.651019296769116629e-01
1.392500000000000000e+03 1.477871663485617326e-01 8.522128336514728231e-01
1.395000000000000000e+03 4.546632795188414455e-01 5.453367204811925273e-01
1.397500000000000000e+03 7.899229237922197333e-01 2.100770762078125187e-01
1.400000000000000000e+03 9.749934413866964134e-01 2.500655861333528004e-02
1.402500000000000000e+03 9.123380540974985742e-01 8.766194590253378882e-02
1.405000000000000000e+03 6.363017373660887488e-01 3.636982626339439473e-01
1.407500000000000000e+03 2.949704693186645521e-01 7.050295306813679774e-01
1.410000000000000000e+03 7.200327959754122820e-02 9.279967204024901495e-01
1.412500000000000000e+03 8.836723752291772427e-02 9.116327624771161098e-01
1.415000000000000000e+03 3.357422422987264010e-01 6.642577577013073498e-01
1.417500000000000000e+03 6.787260341802838770e-01 3.212739658197513171e-01
1.420000000000000000e+03 9.272876731013730556e-01 7.271232689866310994e-02
1.422500000000000000e+03 9.417661265277377236e-01 5.823387347229816435e-02
1.425000000000000000e+03 7.121880227711768763e-01 2.878119772288593170e-01
1.427500000000000000e+03 3.657000095314225097e-01 6.342999904686138501e-01
1.430000000000000000e+03 9.593715789627532686e-02 9.040628421037604223e-01
1.432500000000000000e+03 5.368835070567782447e-02 9.463116492943578484e-01
1.435000000000000000e+03 2.616612373000282710e-01 7.383387627000087550e-01
1.437500000000000000e+03 6.024658742416092450e-01 3.975341257584289467e-01
1.440000000000000000e+03 8.860588117189535096e-01 1.139411882810839050e-01
1.442500000000000000e+03 9.568911119488797690e-01 4.310888805115821454e-02
1.445000000000000000e+03 7.793735915156758676e-01 2.206264084843629902e-01
1.447500000000000000e+03 4.547724388831542730e-01 5.452275611168843072e-01
1.450000000000000000e+03 1.628594325352439864e-01 8.371405674647950379e-01
1.452500000000000000e+03 6.296043530949070599e-02 9.370395646905489428e-01
1.455000000000000000e+03 2.087932883808840401e-01 7.912067116191560112e-01
1.457500000000000000e+03 5.213735460436117464e-01 4.786264539564271114e-01
1.460000000000000000e+03 8.322990830420587960e-01 1.677009169579801451e-01
1.462500000000000000e+03 9.734948004560532997e-01 2.650519954398624853e-02
1.465000000000000000e+03 8.666209867995129379e-01 1.333790132005260032e-01
1.467500000000000000e+03 5.658818308508384298e-01 4.341181691491992067e-01
1.470000000000000000e+03 2.312234354753855414e-01 7.687765645246522617e-01
1.472500000000000000e+03 4.423328885398348370e-02 9.557667111460553810e-01
1.475000000000000000e+03 1.097136735582454337e-01 8.902863264417957279e-01
1.477500000000000000e+03 3.958580181973307965e-01 6.041419818027073951e-01
1.480000000000000000e+03 7.478874729784892317e-01 2.521125270215495706e-01
1.482500000000000000e+03 9.709501738299838314e-01 2.904982617005635176e-02
1.485000000000000000e+03 9.383604016774542700e-01 6.163959832258800869e-02
1.487500000000000000e+03 6.643348909508353106e-01 3.356651090492067668e-01
1.490000000000000000e+03 2.983321792314577170e-01 7.016678207685835833e-01
1.492500000000000000e+03 4.241700790007484068e-02 9.575829920999654465e-01
1.495000000000000000e+03 3.812770006313944554e-02 9.618722999369019311e-01
1.497500000000000000e+03 2.875775867851692036e-01 7.124224132148725408e-01
1.500000000000000000e+03 6.534425725065127200e-01 3.465574274935270815e-01
1.502500000000000000e+03 9.364998893936757884e-01 6.350011060636413796e-02
1.505000000000000000e+03 9.855426957294395329e-01 1.445730427059994938e-02
1.507500000000000000e+03 7.781907653150075266e-01 2.218092346850333019e-01
1.510000000000000000e+03 4.298834282328813927e-01 5.701165717671599076e-01
1.512500000000000000e+03 1.291345159139638543e-01 8.708654840860774460e-01
1.515000000000000000e+03 3.613910750245793307e-02 9.638608924975838876e-01
1.517500000000000000e+03 1.989019792451409141e-01 8.010980207549025511e-01
1.520000000000000000e+03 5.295726369765313413e-01 4.704273630235129566e-01
1.522500000000000000e+03 8.516654599546356064e-01 1.483345400454081919e-01
1.525000000000000000e+03 9.930688464581877151e-01 6.931153541856337370e-03
1.527500000000000000e+03 8.770507454831955041e-01 1.229492545168480444e-01
1.530000000000000000e+03 5.640793176273843912e-01 4.359206823726602953e-01
1.532500000000000000e+03 2.213929045711189314e-01 7.786070954289250334e-01
1.535000000000000000e+03 3.432756666747495411e-02 9.656724333325753529e-01
1.537500000000000000e+03 1.053653340042029207e-01 8.946346659958471781e-01
1.540000000000000000e+03 3.960588335442228325e-01 6.039411664558277382e-01
1.542500000000000000e+03 7.459866538316354267e-01 2.540133461684158100e-01
1.545000000000000000e+03 9.607587517027151858e-01 3.924124829733735553e-02
1.547500000000000000e+03 9.208726249105472217e-01 7.912737508950452858e-02
1.550000000000000000e+03 6.493749546169484965e-01 3.506250453831001312e-01
1.552500000000000000e+03 2.988356989907291483e-01 7.011643010093189243e-01
1.555000000000000000e+03 6.481208818471730082e-02 9.351879118153250126e-01
1.557500000000000000e+03 7.580850768034398668e-02 9.241914923196997700e-01
1.560000000000000000e+03 3.227350104278738363e-01 6.772649895721692959e-01
1.562500000000000000e+03 6.667596141921404707e-01 3.332403858079024950e-01
1.565000000000000000e+03 9.187542450338415101e-01 8.124575496620199677e-02
1.567500000000000000e+03 9.438208037430855235e-01 5.617919625695885766e-02
1.570000000000000000e+03 7.328907202541825594e-01 2.671092797458610724e-01
1.572500000000000000e+03 4.043595209732954165e-01 5.956404790267502136e-01
1.575000000000000000e+03 1.378800151204163660e-01 8.621199848796289311e-01
1.577500000000000000e+03 7.757449643769059877e-02 9.224255035623565302e-01
1.580000000000000000e+03 2.558227095494600700e-01 7.441772904505874475e-01
1.582500000000000000e+03 5.765472016090359419e-01 4.234527983910115756e-01
1.585000000000000000e+03 8.660919057481770711e-01 1.339080942518711959e-01
1.587500000000000000e+03 9.655563735409096182e-01 3.444362645913964099e-02
1.590000000000000000e+03 8.168791721287145258e-01 1.831208278713342685e-01
1.592500000000000000e+03 4.967397810785585399e-01 5.032602189214914201e-01
1.595000000000000000e+03 1.780224488178083209e-01 8.219775511822412506e-01
1.597500000000000000e+03 3.683047922015091069e-02 9.631695207799015890e-01
1.600000000000000000e+03 1.543310146717168652e-01 8.456689853283345659e-01
1.602500000000000000e+03 4.686336322347272043e-01 5.313663677653257533e-01
1.605000000000000000e+03 8.063022044165165658e-01 1.936977955835370024e-01
1.607500000000000000e+03 9.782768946307878188e-01 2.172310536926639821e-02
1.610000000000000000e+03 8.866755307419533771e-01 1.133244692581009821e-01
1.612500000000000000e+03 5.809761659151073676e-01 4.190238340849482546e-01
1.615000000000000000e+03 2.306408194634169129e-01 7.693591805366395420e-01
1.617500000000000000e+03 2.983190532077588386e-02 9.701680946792839988e-01
1.620000000000000000e+03 8.911197959195288343e-02 9.108880204081057919e-01
1.622500000000000000e+03 3.754148013142170059e-01 6.245851986858398375e-01
1.625000000000000000e+03 7.324465232148398286e-01 2.675534767852168483e-01
1.627500000000000000e+03 9.677223389732556580e-01 3.227766102680214994e-02
1.630000000000000000e+03 9.567175848276519012e-01 4.328241517240598302e-02
1.632500000000000000e+03 7.079314776163084799e-01 2.920685223837501954e-01
1.635000000000000000e+03 3.560777867285682130e-01 6.439222132714893521e-01
1.637500000000000000e+03 8.932804191913107372e-02 9.106719580809273795e-01
1.640000000000000000e+03 4.987127890025024046e-02 9.501287210998075050e-01
1.642500000000000000e+03 2.592650060214279906e-01 7.407349939786347370e-01
1.645000000000000000e+03 6.066569483159358622e-01 3.933430516841271429e-01
1.647500000000000000e+03 9.062582020302591967e-01 9.374179796980357249e-02
1.650000000000000000e+03 9.953853821655214151e-01 4.614617834540394800e-03
1.652500000000000000e+03 8.224980379737436564e-01 1.775019620263198483e-01
1.655000000000000000e+03 4.776619328073585802e-01 5.223380671927029262e-01
1.657500000000000000e+03 1.464874179201620663e-01 8.535125820799011054e-01
1.660000000000000000e+03 9.818817784112785635e-03 9.901811822159501952e-01
1.662500000000000000e+03 1.432486867908495665e-01 8.567513132092140493e-01
1.665000000000000000e+03 4.734031343962464833e-01 5.265968656038167994e-01
1.667500000000000000e+03 8.175801408072547183e-01 1.824198591928083979e-01
1.670000000000000000e+03 9.856930343532219752e-01 1.430696564683859792e-02
1.672500000000000000e+03 8.867083497976255835e-01 1.132916502024366029e-01
1.675000000000000000e+03 5.786682967380667453e-01 4.213317032619948721e-01
1.677500000000000000e+03 2.343293633699888023e-01 7.656706366300743971e-01
1.680000000000000000e+03 4.341030578535453460e-02 9.565896942147038562e-01
1.682500000000000000e+03 1.078985048927562918e-01 8.921014951072987476e-01
1.685000000000000000e+03 3.886393068876955459e-01 6.113606931123600763e-01
1.687500000000000000e+03 7.304309069967220847e-01 2.695690930033335930e-01
1.690000000000000000e+03 9.487082032170015555e-01 5.129179678305471196e-02
1.692500000000000000e+03 9.288750908942836615e-01 7.112490910577480563e-02
1.695000000000000000e+03 6.854835972918980058e-01 3.145164027081613911e-01
1.697500000000000000e+03 3.520305576340243547e-01 6.479694423660363745e-01
1.700000000000000000e+03 1.087535500809832106e-01 8.912464499190779765e-01
1.702500000000000000e+03 8.679195508396735093e-02 9.132080449160917546e-01
1.705000000000000000e+03 2.982909950576595470e-01 7.017090049423998499e-01
1.707500000000000000e+03 6.288972828155519057e-01 3.711027171845076023e-01
1.710000000000000000e+03 8.977428639590733228e-01 1.022571360409880725e-01
1.712500000000000000e+03 9.548777420790371950e-01 4.512225792102468602e-02
1.715000000000000000e+03 7.646517816993777528e-01 2.353482183006843087e-01
1.717500000000000000e+03 4.284270753991252789e-01 5.715729246009354503e-01
1.720000000000000000e+03 1.312366040178978011e-01 8.687633959821637886e-01
1.722500000000000000e+03 3.944856293288524773e-02 9.605514370671750513e-01
1.725000000000000000e+03 2.062540891768675777e-01 7.937459108231945670e-01
1.727500000000000000e+03 5.397819282730949020e-01 4.602180717269652166e-01
1.730000000000000000e+03 8.537556079444268420e-01 1.462443920556311117e-01
1.732500000000000000e+03 9.725518045708883008e-01 2.744819542916850097e-02
1.735000000000000000e+03 8.303204490719224840e-01 1.696795509281358305e-01
1.737500000000000000e+03 5.073196003842433965e-01 4.926803996158147236e-01
1.740000000000000000e+03 1.836035222304688019e-01 8.163964777695883468e-01
1.742500000000000000e+03 3.791781281771956086e-02 9.620821871823382887e-01
1.745000000000000000e+03 1.496066974511177650e-01 8.503933025489396336e-01
1.747500000000000000e+03 4.572519853204441986e-01 5.427480146796148652e-01
1.750000000000000000e+03 7.943314520239610488e-01 2.056685479760972102e-01
1.752500000000000000e+03 9.800219217539094529e-01 1.997807824614957276e-02
1.755000000000000000e+03 9.154571158823974208e-01 8.454288411766203160e-02
1.757500000000000000e+03 6.352259524319308071e-01 3.647740475681280348e-01
1.760000000000000000e+03 2.885468878361712175e-01 7.114531121638882905e-01
1.762500000000000000e+03 6.067084808383420291e-02 9.393291519162259018e-01
1.765000000000000000e+03 7.502410257292604912e-02 9.249758974271312661e-01
1.767500000000000000e+03 3.265440806510662153e-01 6.734559193489922935e-01
1.770000000000000000e+03 6.818350552779599560e-01 3.181649447220992188e-01
1.772500000000000000e+03 9.483289893271773519e-01 5.167101067288124711e-02
1.775000000000000000e+03 9.779358871193466474e-01 2.206411288071280508e-02
1.777500000000000000e+03 7.497943751589569716e-01 2.502056248411040906e-01
1.780000000000000000e+03 3.850557192474899915e-01 6.149442807525682397e-01
1.782500000000000000e+03 8.251657452182036001e-02 9.174834254782375798e-01
1.785000000000000000e+03 8.857864777544502757e-03 9.911421352225121550e-01
1.787500000000000000e+03 2.049852125413366422e-01 7.950147874587180086e-01
1.790000000000000000e+03 5.624715285121144603e-01 4.375284714879394965e-01
1.792500000000000000e+03 8.842572169111111435e-01 1.157427830889429105e-01
1.795000000000000000e+03 9.949280912500326757e-01 5.071908750020449365e-03
1.797500000000000000e+03 8.375164528011511678e-01 1.624835471989019564e-01
1.800000000000000000e+03 5.026421122139721476e-01 4.973578877860800329e-01
1.802500000000000000e+03 1.756486838301823672e-01 8.243513161698698966e-01
1.805000000000000000e+03 3.364826886664358530e-02 9.663517311334094417e-01
1.807500000000000000e+03 1.503763888557695383e-01 8.496236111442857508e-01
1.810000000000000000e+03 4.595454898445555658e-01 5.404545101554995012e-01
1.812500000000000000e+03 7.935770214069047812e-01 2.064229785931479266e-01
1.815000000000000000e+03 9.743567038213530873e-01 2.564329617869902031e-02
1.817500000000000000e+03 9.071973374211046437e-01 9.280266257894678739e-02
1.820000000000000000e+03 6.296942802538971762e-01 3.703057197461534500e-01
1.822500000000000000e+03 2.912146947649305595e-01 7.087853052351225092e-01
1.825000000000000000e+03 7.385043659400389315e-02 9.261495634060511462e-01
1.827500000000000000e+03 9.533687933419457416e-02 9.046631206658612978e-01
1.830000000000000000e+03 3.446523230992462050e-01 6.553476769008101943e-01
1.832500000000000000e+03 6.857716482242650624e-01 3.142283517757905598e-01
1.835000000000000000e+03 9.300749388323341638e-01 6.992506116772136127e-02
1.837500000000000000e+03 9.400805729598674665e-01 5.991942704019047328e-02
1.840000000000000000e+03 7.074754798733384753e-01 2.925245201267192563e-01
1.842500000000000000e+03 3.601102242769803063e-01 6.398897757230748162e-01
1.845000000000000000e+03 9.164105963035951152e-02 9.083589403696953335e-01
1.847500000000000000e+03 5.245354703247034206e-02 9.475464529675847736e-01
1.850000000000000000e+03 2.642942402356679432e-01 7.357057597643876790e-01
1.852500000000000000e+03 6.081046813236459236e-01 3.918953186764085328e-01
1.855000000000000000e+03 8.919452522504889291e-01 1.080547477495638620e-01
1.857500000000000000e+03 9.593455068890348603e-01 4.065449311101825003e-02
1.860000000000000000e+03 7.758819696915653097e-01 2.241180303084874814e-01
1.862500000000000000e+03 4.459362957367056790e-01 5.540637042633473897e-01
1.865000000000000000e+03 1.525817027038677831e-01 8.474182972961847859e-01
1.867500000000000000e+03 5.631373978212690645e-02 9.436862602179245663e-01
1.870000000000000000e+03 2.088580825543507602e-01 7.911419174456983949e-01
1.872500000000000000e+03 5.273217637169327343e-01 4.726782362831168371e-01
1.875000000000000000e+03 8.401345625086273916e-01 1.598654374914245668e-01
1.877500000000000000e+03 9.788314949629692840e-01 2.116850503708494341e-02
1.880000000000000000e+03 8.673946429576666617e-01 1.326053570423855188e-01
1.882500000000000000e+03 5.631269571187660361e-01 4.368730428812860334e-01
1.885000000000000000e+03 2.277057706934722536e-01 7.722942293065784281e-01
1.887500000000000000e+03 4.234094159039472616e-02 9.576590584096543735e-01
1.890000000000000000e+03 1.102498520261612491e-01 8.897501479738897379e-01
1.892500000000000000e+03 3.982632857501788304e-01 6.017367142498728505e-01
1.895000000000000000e+03 7.511668216390787745e-01 2.488331783609736836e-01
1.897500000000000000e+03 9.742934893353704107e-01 2.570651066468206472e-02
1.900000000000000000e+03 9.411184017627250986e-01 5.888159823732729004e-02
1.902500000000000000e+03 6.657921021296636654e-01 3.342078978703897918e-01
1.905000000000000000e+03 2.978624923058281748e-01 7.021375076942220073e-01
1.907500000000000000e+03 4.006181416956928337e-02 9.599381858304825155e-01
1.910000000000000000e+03 3.496732901910148961e-02 9.650326709809533554e-01
1.912500000000000000e+03 2.852249298028326496e-01 7.147750701972233056e-01
1.915000000000000000e+03 6.528033999241168450e-01 3.471966000759406090e-01
1.917500000000000000e+03 9.368743179208947058e-01 6.312568207916303964e-02
1.920000000000000000e+03 9.850953290915399618e-01 1.490467090851460563e-02
1.922500000000000000e+03 7.756195197059472246e-01 2.243804802941071763e-01
1.925000000000000000e+03 4.258672428244973940e-01 5.741327571755578951e-01
1.927500000000000000e+03 1.261263408287801868e-01 8.738736591712757962e-01
1.930000000000000000e+03 3.645345939631784021e-02 9.635465406037375669e-01
1.932500000000000000e+03 2.026366284457763456e-01 7.973633715542783884e-01
1.935000000000000000e+03 5.342105417195727179e-01 4.657894582804815720e-01
1.937500000000000000e+03 8.538426417700708537e-01 1.461573582299834917e-01
1.940000000000000000e+03 9.911381543412948192e-01 8.861845658757173949e-03
1.942500000000000000e+03 8.723873112820401676e-01 1.276126887180125125e-01
1.945000000000000000e+03 5.601389597758011929e-01 4.398610402242519868e-01
1.947500000000000000e+03 2.213300698865298677e-01 7.786699301135251439e-01
1.950000000000000000e+03 3.896634291439556030e-02 9.610336570856600202e-01
1.952500000000000000e+03 1.128551432311335478e-01 8.871448567689226294e-01
1.955000000000000000e+03 4.031978522614554361e-01 5.968021477386011853e-01
1.957500000000000000e+03 7.500595460967873773e-01 2.499404539032681893e-01
1.960000000000000000e+03 9.606403413197650565e-01 3.935965868029289022e-02
1.962500000000000000e+03 9.170319925594396793e-01 8.296800744061996746e-02
1.965000000000000000e+03 6.433341877475546866e-01 3.566658122525049879e-01
1.967500000000000000e+03 2.927189215087758201e-01 7.072810784912860749e-01
1.970000000000000000e+03 6.098298143303163693e-02 9.390170185670287939e-01
1.972500000000000000e+03 7.614712520544578145e-02 9.238528747946127551e-01
1.975000000000000000e+03 3.274776487923359847e-01 6.725223512077235233e-01
1.977500000000000000e+03 6.736633480278337860e-01 3.263366519722245562e-01
1.980000000000000000e+03 9.236626371463130258e-01 7.633736285374380370e-02
1.982500000000000000e+03 9.428870003861069549e-01 5.711299961395045061e-02
1.985000000000000000e+03 7.252438966295459144e-01 2.747561033705099298e-01
1.987500000000000000e+03 3.932056904703089550e-01 6.067943095297455569e-01
1.990000000000000000e+03 1.288895894068933512e-01 8.711104105931604114e-01
1.992500000000000000e+03 7.544386693513889519e-02 9.245561330649167964e-01
1.995000000000000000e+03 2.613893346368303394e-01 7.386106653632217300e-01
1.997500000000000000e+03 5.864569448694961773e-01 4.135430551305572244e-01
2.000000000000000000e+03 8.751080675432648670e-01 1.248919324567865224e-01
